GNAT L082CZ - 08;3.94;23.07.06 - 08h53;23.07.06 - 08h50;50619.54;1688626394517000000;0;3D3B8F7A9F26C008;2;-114;-15;-129.14;12;868.5;2;5;00c20292276c002dbeda17;43.13278;2.997978;0;0;88358.53;1.75;222.24;0;0;0;0;0;0;0
GNAT L082CZ - 08;3.95;23.07.06 - 08h55;23.07.06 - 08h54;121.68;1688626516198000000;0;3D3B8F7A9F26C008;1;-118;-19;-137.05;12;867.1;3;6;00c302922af8002dbd3613;43.133688;2.997558;0;0;106.56;0.88;343;0;0;0;0;0;0;0
GNAT L082CZ - 08;3.93;23.07.06 - 09h01;23.07.06 - 08h56;359.44;1688626875643000000;0;3D3B8F7A9F26C008;1;-115;-16;-131.11;12;868.5;1;9;00c102922804002dbf7417;43.132932;2.998132;0;0;96.1;0.27;153.37;0;0;0;0;0;0;0
GNAT L082CZ - 08;3.94;23.07.06 - 09h03;23.07.06 - 09h03;139.79;1688627015433000000;0;3D3B8F7A9F26C008;2;-111;-15;-126.14;12;867.5;1;10;00c20291e99c002dc6c41c;43.116956;3.000004;0;0;1782.93;12.75;175.66;0;0;0;0;0;0;0
GNAT L082CZ - 08;3.94;23.07.06 - 09h05;23.07.06 - 09h04;99.1;1688627114535000000;0;3D3B8F7A9F26C008;3;-113;-8;-121.64;12;868.3;1;11;00c20291e5f4002dc17817;43.11602;2.998648;0;0;151.48;1.53;223.16;0;0;0;0;0;0;0
GNAT L082CZ - 08;3.94;23.07.06 - 09h07;23.07.06 - 09h07;141.02;1688627255553000000;0;3D3B8F7A9F26C008;2;-113;-11;-124.33;12;865.9;2;12;00c20291a834002dc06a1f;43.100212;2.998378;0;0;1757.91;12.47;180.62;0;0;0;0;0;0;0
GNAT L082CZ - 08;3.94;23.07.06 - 09h09;23.07.06 - 09h09;111.1;1688627366657000000;0;3D3B8F7A9F26C008;4;-113;-4;-118.46;12;868.5;2;13;00c20291854c002dba7f17;43.091276;2.996863;0;0;1001.22;9.01;186.08;0;0;0;0;0;0;0
GNAT L082CZ - 08;3.94;23.07.06 - 09h11;23.07.06 - 09h11;121;1688627487656000000;0;3D3B8F7A9F26C008;4;-112;-4;-117.46;12;865.9;2;14;00c202916490002db0a718;43.082896;2.994343;0;0;954.02;7.88;190.59;0;0;0;0;0;0;0
GNAT L082CZ - 08;3.94;23.07.06 - 09h13;23.07.06 - 09h13;123;1688627610656000000;0;3D3B8F7A9F26C008;3;-112;-10;-122.41;12;868.1;2;15;00c202914418002da74a17;43.074584;2.991946;0;0;944.53;7.68;190.06;0;0;0;0;0;0;0
GNAT L082CZ - 08;3.94;23.07.06 - 09h15;23.07.06 - 09h15;117.01;1688627727664000000;0;3D3B8F7A9F26C008;3;-113;-7;-120.79;12;865.3;2;16;00c2029125a4002dac2418;43.066788;2.993188;0;0;872.73;7.46;174.46;0;0;0;0;0;0;0
GNAT L082CZ - 08;3.94;23.07.06 - 09h17;23.07.06 - 09h17;122.01;1688627849670000000;0;3D3B8F7A9F26C008;3;-113;-8;-121.64;12;868.1;1;17;00c202911354002dcb3016;43.0621;3.001136;0;0;829.84;6.8;134.33;0;0;0;0;0;0;0
GNAT L082CZ - 08;3.94;23.07.06 - 09h19;23.07.06 - 09h19;118.01;1688627967676000000;0;3D3B8F7A9F26C008;3;-113;-7;-120.79;12;866.1;2;18;00c202911204002dcb8e18;43.061764;3.00123;0;0;38.13;0.32;170.39;0;0;0;0;0;0;0
GNAT L082CZ - 08;3.94;23.07.06 - 09h21;23.07.06 - 09h21;119.99;1688628087670000000;0;3D3B8F7A9F26C008;3;-113;-7;-120.79;12;868.1;2;19;00c2029111b4002dc8b617;43.061684;3.000502;0;0;59.81;0.5;259.69;0;0;0;0;0;0;0
GNAT L082CZ - 08;3.93;23.07.06 - 09h23;23.07.06 - 09h22;118.99;1688628206663000000;0;3D3B8F7A9F26C008;2;-114;-11;-125.33;12;867.7;2;20;00c102911208002dc59c18;43.061768;2.999708;0;0;65.18;0.55;279.89;0;0;0;0;0;0;0
GNAT L082CZ - 08;3.94;23.07.06 - 09h25;23.07.06 - 09h25;127.77;1688628334434000000;0;3D3B8F7A9F26C008;4;-110;-3;-114.76;12;868.3;2;21;00c202911250002dc40f20;43.06184;2.999311;0;0;33.23;0.26;286.67;0;0;0;0;0;0;0
GNAT L082CZ - 08;3.94;23.07.06 - 09h27;23.07.06 - 09h27;115.24;1688628449669000000;0;3D3B8F7A9F26C008;1;-114;-22;-136.03;12;865.3;1;22;00c20291128c002dc1fe16;43.0619;2.998782;0;0;43.49;0.38;280.6;0;0;0;0;0;0;0
GNAT L082CZ - 08;3.95;23.07.06 - 09h29;23.07.06 - 09h29;117;1688628566664000000;0;3D3B8F7A9F26C008;1;-113;-19;-132.05;12;868.5;1;23;00c302911300002dbffa16;43.062016;2.998266;0;0;43.86;0.37;290.36;0;0;0;0;0;0;0
GNAT L082CZ - 08;3.94;23.07.06 - 09h31;23.07.06 - 09h31;117.01;1688628683676000000;0;3D3B8F7A9F26C008;2;-112;-13;-125.21;12;867.5;2;24;00c20291146c002dbd0c17;43.06238;2.997516;0;0;73.15;0.63;308.69;0;0;0;0;0;0;0
GNAT L082CZ - 08;3.94;23.07.06 - 09h33;23.07.06 - 09h31;123.99;1688628807669000000;0;3D3B8F7A9F26C008;1;-115;-19;-134.05;12;868.5;1;25;00c202911448002dbb9718;43.062344;2.997143;0;0;30.57;0.25;260.94;0;0;0;0;0;0;0
GNAT L082CZ - 08;3.94;23.07.06 - 09h37;23.07.06 - 09h37;242.01;1688629049682000000;0;3D3B8F7A9F26C008;1;-115;-19;-134.05;12;868.5;1;27;00c202911438002dbe3017;43.062328;2.997808;0;0;54.05;0.22;92.29;0;0;0;0;0;0;0
GNAT L082CZ - 08;3.94;23.07.06 - 09h39;23.07.06 - 09h39;124.75;1688629174434000000;0;3D3B8F7A9F26C008;4;-113;-6;-119.97;12;867.9;2;28;00c2029111f0002dc58c1d;43.061744;2.999692;0;0;166.26;1.33;117.15;0;0;0;0;0;0;0
GNAT L082CZ - 08;3.94;23.07.06 - 09h41;23.07.06 - 09h41;120;1688629294434000000;0;3D3B8F7A9F26C008;1;-113;-18;-131.07;12;868.3;1;29;00c20291148c002dc6ed4a;43.062412;3.000045;0;0;79.62;0.66;17.76;0;0;0;0;0;0;0
GNAT L082CZ - 08;3.94;23.07.06 - 09h43;23.07.06 - 09h43;120;1688629414434000000;0;3D3B8F7A9F26C008;4;-114;-6;-120.97;12;867.3;2;30;00c202910e90002daf1f3b;43.06088;2.993951;0;0;523.57;4.36;247.31;0;0;0;0;0;0;0
GNAT L082CZ - 08;3.94;23.07.06 - 09h45;23.07.06 - 09h45;121.12;1688629535554000000;0;3D3B8F7A9F26C008;2;-111;-15;-126.14;12;868.1;1;31;00c202911a40002dbd2e19;43.063872;2.99755;0;0;442.92;3.66;36.17;0;0;0;0;0;0;0
GNAT L082CZ - 08;3.94;23.07.06 - 09h47;23.07.06 - 09h47;118.88;1688629654434000000;0;3D3B8F7A9F26C008;2;-113;-11;-124.33;12;867.9;2;32;00c202911df0002db78d1a;43.064816;2.996109;0;0;157.23;1.32;317.13;0;0;0;0;0;0;0
GNAT L082CZ - 08;3.94;23.07.06 - 09h49;23.07.06 - 09h48;102.12;1688629756553000000;0;3D3B8F7A9F26C008;2;-112;-14;-126.17;12;868.1;1;33;00c202912128002db2e515;43.06564;2.994917;0;0;133.31;1.31;318.63;0;0;0;0;0;0;0
GNAT L082CZ - 08;3.94;23.07.06 - 09h51;23.07.06 - 09h50;118.12;1688629874671000000;0;3D3B8F7A9F26C008;4;-112;-1;-115.54;12;867.3;1;34;00c2029124fc002dadbc0e;43.06662;2.993596;0;0;152.94;1.29;320.59;0;0;0;0;0;0;0
GNAT L082CZ - 08;3.94;23.07.06 - 09h53;23.07.06 - 09h53;139.01;1688630013683000000;0;3D3B8F7A9F26C008;3;-110;-7;-117.79;12;868.3;2;35;00c2029127dc002da9ba17;43.067356;2.99257;0;0;116.81;0.84;319.62;0;0;0;0;0;0;0
GNAT L082CZ - 08;3.94;23.07.06 - 09h55;23.07.06 - 09h54;116.99;1688630130669000000;0;3D3B8F7A9F26C008;1;-112;-16;-128.11;12;866.5;1;36;00c202914180002db96a15;43.07392;2.996586;0;0;799.47;6.83;20.63;0;0;0;0;0;0;0
GNAT L082CZ - 08;3.94;23.07.06 - 09h57;23.07.06 - 09h56;104.21;1688630234879000000;0;3D3B8F7A9F26C008;1;-115;-19.5;-134.55;12;868.1;2;37;00c202915274002dd7540d;43.07826;3.004244;0;0;787.26;7.55;47.59;0;0;0;0;0;0;0
GNAT L082CZ - 08;3.94;23.07.06 - 09h59;23.07.06 - 09h59;139.56;1688630374435000000;0;3D3B8F7A9F26C008;2;-114;-15;-129.14;12;867.3;1;38;00c202916eb4002df9931c;43.085492;3.013011;0;0;1074.07;7.7;37.18;0;0;0;0;0;0;0
GNAT L082CZ - 08;3.94;23.07.06 - 10h01;23.07.06 - 10h00;110.24;1688630484677000000;0;3D3B8F7A9F26C008;1;-113;-21;-134.03;12;868.1;1;39;00c2029187e4002e0fc118;43.09194;3.018689;0;0;852.45;7.73;29.02;0;0;0;0;0;0;0
GNAT L082CZ - 08;3.95;23.07.06 - 10h03;23.07.06 - 10h02;109.89;1688630594563000000;0;3D3B8F7A9F26C008;1;-114;-16;-130.11;12;867.7;1;40;00c30291af60002e028910;43.102048;3.015305;0;0;1157.05;10.53;347.96;0;0;0;0;0;0;0
GNAT L082CZ - 08;3.94;23.07.06 - 10h07;23.07.06 - 10h06;242;1688630836564000000;0;3D3B8F7A9F26C008;3;-114;-8;-122.64;12;867.1;3;42;00c20291b048002e2ca012;43.10228;3.02608;0;0;875.18;3.62;88.3;0;0;0;0;0;0;0
GNAT L082CZ - 08;3.94;23.07.06 - 10h09;23.07.06 - 10h08;118.09;1688630954656000000;0;3D3B8F7A9F26C008;2;-113;-11;-124.33;12;868.5;2;43;00c20291abd4002e2ae210;43.10114;3.025634;0;0;131.83;1.12;193.98;0;0;0;0;0;0;0
GNAT L082CZ - 08;3.94;23.07.06 - 10h11;23.07.06 - 10h11;239.01;1688631091683000000;0;3D3B8F7A9F26C008;3;-114;-8;-122.64;12;867.3;3;44;00c20291a710002e295518;43.09992;3.025237;0;0;257.15;1.08;192.24;0;0;0;0;0;0;0
GNAT L082CZ - 08;3.94;23.07.06 - 10h13;23.07.06 - 10h13;116.99;1688631208670000000;0;3D3B8F7A9F26C008;3;-112;-9;-121.51;12;868.3;2;45;00c20291a2b8002e281017;43.098808;3.024912;0;0;126.43;1.08;190.5;0;0;0;0;0;0;0
GNAT L082CZ - 08;3.94;23.07.06 - 10h15;23.07.06 - 10h15;122;1688631330670000000;0;3D3B8F7A9F26C008;4;-113;-5;-119.19;12;867.7;2;46;00c202919e30002e273a17;43.097648;3.024698;0;0;130.15;1.07;186.67;0;0;0;0;0;0;0
GNAT L082CZ - 08;3.94;23.07.06 - 10h19;23.07.06 - 10h19;243.02;1688631573693000000;0;3D3B8F7A9F26C008;2;-114;-14;-128.17;12;865.9;2;48;00c202919b74002e24f618;43.096948;3.024118;0;0;90.97;0.37;207.67;0;0;0;0;0;0;0
GNAT L082CZ - 08;3.94;23.07.06 - 10h21;23.07.06 - 10h20;100.86;1688631674553000000;0;3D3B8F7A9F26C008;2;-113;-13;-126.21;12;868.1;2;49;00c20291a78c002e03eb0c;43.100044;3.015659;0;0;768.26;7.62;299.8;0;0;0;0;0;0;0
GNAT L082CZ - 08;3.94;23.07.06 - 10h23;23.07.06 - 10h22;135.16;1688631809710000000;0;3D3B8F7A9F26C008;1;-108;-19;-127.05;12;867.9;2;50;00c202919ea0002e237a16;43.09776;3.023738;0;0;703.4;5.2;114.19;0;0;0;0;0;0;0
GNAT L082CZ - 08;3.94;23.07.06 - 10h25;23.07.06 - 10h24;116.98;1688631926690000000;0;3D3B8F7A9F26C008;2;-113;-13;-126.21;12;868.3;2;51;00c202919f64002e226f18;43.097956;3.023471;0;0;30.74;0.26;319.19;0;0;0;0;0;0;0
GNAT L082CZ - 08;3.94;23.07.06 - 10h27;23.07.06 - 10h26;126.01;1688632052696000000;0;3D3B8F7A9F26C008;2;-114;-14;-128.17;12;866.3;2;52;00c20291a0b8002e218917;43.098296;3.023241;0;0;42.17;0.33;336.78;0;0;0;0;0;0;0
GNAT L082CZ - 08;3.94;23.07.06 - 10h33;23.07.06 - 10h33;352.99;1688632405685000000;0;3D3B8F7A9F26C008;2;-115;-15;-130.14;12;868.3;1;55;00c20291a4f8002e1f4b16;43.099384;3.022667;0;0;129.65;0.37;341.48;0;0;0;0;0;0;0
GNAT L082CZ - 08;3.94;23.07.06 - 10h39;23.07.06 - 10h38;348.87;1688632754558000000;0;3D3B8F7A9F26C008;1;-114;-16;-130.11;12;867.5;1;58;00c20291961c002e0d4014;43.09558;3.018048;0;0;565.3;1.62;217.46;0;0;0;0;0;0;0
GNAT L082CZ - 08;3.94;23.07.06 - 10h43;23.07.06 - 10h43;259.12;1688633013681000000;0;3D3B8F7A9F26C008;1;-114;-16;-130.11;12;867.1;2;60;00c20291a8ac002e1c2b18;43.100332;3.021867;0;0;612.66;2.36;27.08;0;0;0;0;0;0;0
GNAT L082CZ - 08;3.94;23.07.06 - 10h47;23.07.06 - 10h47;240.76;1688633254442000000;0;3D3B8F7A9F26C008;2;-114;-15;-129.14;12;867.9;1;62;00c20291a9ac002e1b832a;43.100588;3.021699;0;0;31.57;0.13;337.35;0;0;0;0;0;0;0
GNAT L082CZ - 08;3.94;23.07.06 - 10h49;23.07.06 - 10h49;118.24;1688633372678000000;0;3D3B8F7A9F26C008;1;-111;-19;-130.05;12;868.1;1;63;00c20291aa34002e1b5118;43.100724;3.021649;0;0;15.66;0.13;346.84;0;0;0;0;0;0;0
GNAT L082CZ - 08;3.94;23.07.06 - 10h51;23.07.06 - 10h51;120;1688633492678000000;0;3D3B8F7A9F26C008;2;-114;-14;-128.17;12;867.1;2;64;00c20291aad8002e1b1118;43.100888;3.021585;0;0;18.96;0.16;346.06;0;0;0;0;0;0;0
GNAT L082CZ - 08;3.94;23.07.06 - 10h53;23.07.06 - 10h53;121;1688633613678000000;0;3D3B8F7A9F26C008;2;-114;-15;-129.14;12;868.1;2;65;00c20291ab58002e1ac216;43.101016;3.021506;0;0;15.61;0.13;338.56;0;0;0;0;0;0;0
GNAT L082CZ - 08;3.94;23.07.06 - 10h55;23.07.06 - 10h55;118.99;1688633732671000000;0;3D3B8F7A9F26C008;1;-111;-18;-129.07;12;866.3;1;66;00c20291abe8002e1a7718;43.10116;3.021431;0;0;17.13;0.14;341.67;0;0;0;0;0;0;0
GNAT L082CZ - 08;3.94;23.07.06 - 10h59;23.07.06 - 10h59;236;1688633968673000000;0;3D3B8F7A9F26C008;1;-114;-16;-130.11;12;866.7;2;68;00c20291ace0002e19ed16;43.101408;3.021293;0;0;29.77;0.13;340.5;0;0;0;0;0;0;0
GNAT L082CZ - 08;3.94;23.07.06 - 11h09;23.07.06 - 11h09;599.01;1688634567679000000;0;3D3B8F7A9F26C008;1;-113;-18;-131.07;12;868.3;1;73;00c20291af14002e188316;43.101972;3.020931;0;0;69.26;0.12;337.76;0;0;0;0;0;0;0
GNAT L082CZ - 08;3.96;23.07.06 - 11h11;23.07.06 - 11h11;119.78;1688634687674000000;0;3D3B8F7A9F26C008;2;-114;-15;-129.14;12;866.7;2;74;00c20291af70002e182718;43.101872;3.021703;0;0;8.71;0.07;283.45;0;0;0;0;0;0;0
GNAT L082CZ - 08;3.94;23.07.06 - 11h13;23.07.06 - 11h12;120;1688634807673000000;0;3D3B8F7A9F26C008;1;-114;-20;-134.04;12;868.5;1;75;00c20291afd8002e17af16;43.102168;3.020719;0;0;86.4;0.72;295.26;0;0;0;0;0;0;0
GNAT L082CZ - 08;3.94;23.07.06 - 11h17;23.07.06 - 11h14;240.22;1688635047894000000;0;3D3B8F7A9F26C008;1;-114;-18;-132.07;12;868.1;1;77;00c20291b080002e16ce15;43.102336;3.020494;0;0;26.13;0.11;319.52;0;0;0;0;0;0;0
GNAT L082CZ - 08;3.94;23.07.06 - 11h19;23.07.06 - 11h18;118.79;1688635166681000000;0;3D3B8F7A9F26C008;1;-114;-18;-132.07;12;865.1;1;78;00c20291b0d0002e165618;43.102416;3.020374;0;0;13.19;0.11;316.29;0;0;0;0;0;0;0
GNAT L082CZ - 08;3.94;23.07.06 - 11h25;23.07.06 - 11h25;361.22;1688635527902000000;0;3D3B8F7A9F26C008;1;-113;-16;-129.11;12;868.5;2;81;00c20291b1ec002e152a18;43.1027;3.020074;0;0;39.88;0.11;326.04;0;0;0;0;0;0;0
GNAT L082CZ - 08;3.94;23.07.06 - 11h27;23.07.06 - 11h26;119.78;1688635647680000000;0;3D3B8F7A9F26C008;1;-114;-21;-135.03;12;865.9;1;82;00c20291b260002e14b317;43.102816;3.019955;0;0;16.12;0.13;326.81;0;0;0;0;0;0;0
GNAT L082CZ - 08;3.94;23.07.06 - 11h29;23.07.06 - 11h28;119.23;1688635766907000000;0;3D3B8F7A9F26C008;1;-115;-17.75;-132.82;12;868.5;1;83;00c20291b2f0002e146218;43.10296;3.019874;0;0;17.31;0.15;340.27;0;0;0;0;0;0;0
GNAT L082CZ - 08;3.94;23.07.06 - 11h35;23.07.06 - 11h34;359.77;1688636126681000000;0;3D3B8F7A9F26C008;1;-115;-18;-133.07;12;865.1;2;86;00c20291b478002e131d17;43.103352;3.019549;0;0;50.95;0.14;332.12;0;0;0;0;0;0;0
GNAT L082CZ - 08;3.94;23.07.06 - 11h37;23.07.06 - 11h37;120.01;1688636246687000000;0;3D3B8F7A9F26C008;1;-114;-19;-133.05;12;868.1;1;87;00c20291b4f8002e12c016;43.10348;3.019456;0;0;16.11;0.13;335.13;0;0;0;0;0;0;0
GNAT L082CZ - 08;3.94;23.07.06 - 11h39;23.07.06 - 11h38;119.99;1688636366681000000;0;3D3B8F7A9F26C008;1;-114;-19;-133.05;12;865.3;2;88;00c20291b56c002e124815;43.103596;3.019336;0;0;16.16;0.13;326.57;0;0;0;0;0;0;0
GNAT L082CZ - 08;3.94;23.07.06 - 11h41;23.07.06 - 11h40;120.23;1688636486910000000;0;3D3B8F7A9F26C008;1;-116;-17.5;-133.58;12;868.3;1;89;00c20291b5ec002e11c316;43.103724;3.019203;0;0;17.87;0.15;326.45;0;0;0;0;0;0;0
GNAT L082CZ - 08;3.94;23.07.06 - 11h43;23.07.06 - 11h43;118.78;1688636605694000000;0;3D3B8F7A9F26C008;1;-114;-17;-131.09;12;866.1;2;90;00c20291b63c002e114618;43.103804;3.019078;0;0;13.5;0.11;315.07;0;0;0;0;0;0;0
GNAT L082CZ - 08;3.94;23.07.06 - 11h45;23.07.06 - 11h45;119.99;1688636725681000000;0;3D3B8F7A9F26C008;2;-114;-15;-129.14;12;868.5;1;91;00c20291b6b0002e10bf18;43.10392;3.018943;0;0;16.93;0.14;323.39;0;0;0;0;0;0;0
GNAT L082CZ - 08;3.94;23.07.06 - 11h47;23.07.06 - 11h46;121.01;1688636846687000000;0;3D3B8F7A9F26C008;1;-114;-18;-132.07;12;865.5;1;92;00c20291b70c002e103f17;43.104012;3.018815;0;0;14.58;0.12;318.38;0;0;0;0;0;0;0
GNAT L082CZ - 08;3.94;23.07.06 - 11h49;23.07.06 - 11h49;120;1688636966687000000;0;3D3B8F7A9F26C008;1;-114;-19;-133.05;12;868.1;1;93;00c20291b778002e0fd016;43.10412;3.018704;0;0;15.01;0.13;326.72;0;0;0;0;0;0;0
GNAT L082CZ - 08;3.94;23.07.06 - 11h51;23.07.06 - 11h50;118.99;1688637085680000000;0;3D3B8F7A9F26C008;1;-114;-18;-132.07;12;865.9;1;94;00c20291b800002e0f4318;43.104256;3.018563;0;0;18.97;0.16;326.49;0;0;0;0;0;0;0
GNAT L082CZ - 08;3.94;23.07.06 - 11h53;23.07.06 - 11h53;128.02;1688637213699000000;0;3D3B8F7A9F26C008;3;-114;-8;-122.64;12;868.5;2;95;00c20291b83c002e0db317;43.104316;3.018163;0;0;33.15;0.26;283.21;0;0;0;0;0;0;0
GNAT L082CZ - 08;3.94;23.07.06 - 11h55;23.07.06 - 11h55;115.99;1688637329693000000;0;3D3B8F7A9F26C008;3;-113;-8;-121.64;12;867.3;3;96;00c20291b6b8002e0daf15;43.103928;3.018159;0;0;43.14;0.37;180.38;0;0;0;0;0;0;0
GNAT L082CZ - 08;3.94;23.07.06 - 11h57;23.07.06 - 11h57;113;1688637442691000000;0;3D3B8F7A9F26C008;3;-113;-8;-121.64;12;868.3;2;97;00c20291b6e8002e0c9516;43.103976;3.017877;0;0;23.51;0.21;284.92;0;0;0;0;0;0;0
GNAT L082CZ - 08;3.94;23.07.06 - 11h59;23.07.06 - 11h58;121.01;1688637563699000000;0;3D3B8F7A9F26C008;4;-113;-6;-119.97;12;865.9;3;98;00c20291b6d4002e0d0415;43.103956;3.017988;0;0;9.28;0.08;105.76;0;0;0;0;0;0;0
GNAT L082CZ - 08;3.94;23.07.06 - 12h03;23.07.06 - 12h02;242.99;1688637806685000000;0;3D3B8F7A9F26C008;2;-113;-11;-124.33;12;866.7;3;100;00c20291b59c002e18ad18;43.103644;3.020973;0;0;244.81;1.01;99.37;0;0;0;0;0;0;0
GNAT L082CZ - 08;3.94;23.07.06 - 12h07;23.07.06 - 12h07;240.99;1688638047679000000;0;3D3B8F7A9F26C008;4;-113;-6;-119.97;12;867.7;2;102;00c20291b3b4002e169516;43.103156;3.020437;0;0;69.56;0.29;215.01;0;0;0;0;0;0;0
GNAT L082CZ - 08;3.93;23.07.06 - 12h09;23.07.06 - 12h09;115.01;1688638162691000000;0;3D3B8F7A9F26C008;3;-114;-10;-124.41;12;868.5;3;103;00c10291b9e8002e0ed214;43.104744;3.01845;0;0;239.17;2.08;321.34;0;0;0;0;0;0;0
GNAT L082CZ - 08;3.94;23.07.06 - 12h11;23.07.06 - 12h11;125;1688638287692000000;0;3D3B8F7A9F26C008;2;-114;-13;-127.21;12;867.1;4;104;00c20291c02c002e0a6f17;43.106348;3.017327;0;0;200.31;1.6;335.85;0;0;0;0;0;0;0
GNAT L082CZ - 08;3.94;23.07.06 - 12h15;23.07.06 - 12h15;243.99;1688638531685000000;0;3D3B8F7A9F26C008;3;-114;-10;-124.41;12;867.3;3;106;00c20291b96c002e0a7f16;43.10462;3.017343;0;0;192.15;0.79;179.66;0;0;0;0;0;0;0
GNAT L082CZ - 08;3.94;23.07.06 - 12h17;23.07.06 - 12h16;118.01;1688638649691000000;0;3D3B8F7A9F26C008;2;-111;-12;-123.27;12;868.3;3;107;00c20291b620002e0b9a17;43.103776;3.017626;0;0;96.62;0.82;167.92;0;0;0;0;0;0;0
GNAT L082CZ - 08;3.94;23.07.06 - 12h19;23.07.06 - 12h19;118.99;1688638768685000000;0;3D3B8F7A9F26C008;4;-113;-6;-119.97;12;865.9;2;108;00c20291b740002e0a5f16;43.104064;3.017311;0;0;40.98;0.34;325.07;0;0;0;0;0;0;0
GNAT L082CZ - 08;3.94;23.07.06 - 12h21;23.07.06 - 12h20;105.88;1688638874563000000;0;3D3B8F7A9F26C008;2;-113;-12;-125.27;12;868.1;1;109;00c20291c418002def0216;43.107352;3.010306;0;0;676.07;6.39;306.11;0;0;0;0;0;0;0
GNAT L082CZ - 08;3.94;23.07.06 - 12h23;23.07.06 - 12h23;139.12;1688639013678000000;0;3D3B8F7A9F26C008;4;-113;-6;-119.97;12;865.5;2;110;00c20291baac002e05f217;43.10494;3.016178;0;0;546.97;3.93;122.82;0;0;0;0;0;0;0
GNAT L082CZ - 08;3.94;23.07.06 - 12h25;23.07.06 - 12h25;119.02;1688639132697000000;0;3D3B8F7A9F26C008;3;-114;-10;-124.41;12;868.5;3;111;00c20291bd24002e052e15;43.105572;3.015982;0;0;72.05;0.61;348.78;0;0;0;0;0;0;0
GNAT L082CZ - 08;3.94;23.07.06 - 12h29;23.07.06 - 12h29;230;1688639362697000000;0;3D3B8F7A9F26C008;3;-114;-8;-122.64;12;868.5;2;113;00c20291c128002dff9e17;43.1066;3.014558;0;0;162.57;0.71;318.41;0;0;0;0;0;0;0
GNAT L082CZ - 08;3.94;23.07.06 - 12h33;23.07.06 - 12h33;232.98;1688639595678000000;0;3D3B8F7A9F26C008;3;-111;-10;-121.41;12;868.1;2;115;00c20291d2c4002dde4f11;43.111108;3.006031;0;0;854.65;3.67;309.27;0;0;0;0;0;0;0
GNAT L082CZ - 08;3.94;23.07.06 - 12h37;23.07.06 - 12h37;251;1688639846679000000;0;3D3B8F7A9F26C008;2;-107;-13;-120.21;12;868.1;1;117;00c20291f7e4002dc32c16;43.120612;2.999084;0;0;1197.82;4.77;334.52;0;0;0;0;0;0;0
GNAT L082CZ - 08;3.93;23.07.06 - 12h47;23.07.06 - 12h47;592.89;1688640439565000000;0;3D3B8F7A9F26C008;1;-105;-17;-122.09;12;866.1;2;122;00c1029211e0002d99e818;43.127264;2.98852;0;0;1132.33;1.91;313.7;0;0;0;0;0;0;0
