GNAT L082CZ - 10;3.93;23.07.06 - 08h46;23.07.06 - 08h46;51533;1688625987663000000;0;3D3B8F7A9F26C010;3;-114;-10;-124.41;12;867.7;2;2;00c1029208b0002da19617;43.124912;2.990486;0;0;89376.68;1.73;221.79;0;0;0;0;0;0;0;0
GNAT L082CZ - 10;3.94;23.07.06 - 08h50;23.07.06 - 08h48;239.01;1688626226670000000;0;3D3B8F7A9F26C010;1;-113;-19;-132.05;12;865.1;2;4;00c202920928002db28518;43.125032;2.994821;0;0;352.07;1.47;87.67;0;0;0;0;0;0;0;0
GNAT L082CZ - 10;3.94;23.07.06 - 08h54;23.07.06 - 08h53;239;1688626465667000000;0;3D3B8F7A9F26C010;1;-115;-17;-132.09;12;867.9;1;6;00c20292095c002db26b18;43.125084;2.994795;0;0;6.16;0.03;341.88;0;0;0;0;0;0;0;0
GNAT L082CZ - 10;3.93;23.07.06 - 08h56;23.07.06 - 08h55;124.22;1688626589885000000;0;3D3B8F7A9F26C010;1;-113;-15.5;-128.62;12;868.3;1;7;00c10292094c002db25415;43.125068;2.994772;0;0;2.58;0.02;223.26;0;0;0;0;0;0;0;0
GNAT L082CZ - 10;3.93;23.07.06 - 09h02;23.07.06 - 09h01;345.36;1688626935244000000;0;3D3B8F7A9F26C010;2;-115;-14;-129.17;12;867.9;1;10;00c102920f98002dc41115;43.12668;2.999313;0;0;409.81;1.19;61.65;0;0;0;0;0;0;0;0
GNAT L082CZ - 10;3.93;23.07.06 - 09h04;23.07.06 - 09h04;130.42;1688627065666000000;0;3D3B8F7A9F26C010;3;-115;-8;-123.64;12;868.5;1;11;00c10291d86c002dc43d18;43.112556;2.999357;0;0;1570.52;12.04;179.88;0;0;0;0;0;0;0;0
GNAT L082CZ - 10;3.93;23.07.06 - 09h06;23.07.06 - 09h05;121;1688627186664000000;0;3D3B8F7A9F26C010;1;-114;-16;-130.11;12;867.7;2;12;00c10291b6f8002dc18318;43.103992;2.998659;0;0;953.96;7.88;182.98;0;0;0;0;0;0;0;0
GNAT L082CZ - 10;3.93;23.07.06 - 09h10;23.07.06 - 09h10;242.01;1688627428671000000;0;3D3B8F7A9F26C010;4;-113;-5;-119.19;12;865.1;2;14;00c102917404002db59d17;43.086852;2.995613;0;0;1921.86;7.94;186.34;0;0;0;0;0;0;0;0
GNAT L082CZ - 10;3.94;23.07.06 - 09h12;23.07.06 - 09h11;113;1688627541671000000;0;3D3B8F7A9F26C010;4;-109;-3;-113.76;12;868.3;2;15;00c202915658002daa5315;43.079256;2.992723;0;0;876.64;7.76;193.25;0;0;0;0;0;0;0;0
GNAT L082CZ - 10;3.93;23.07.06 - 09h14;23.07.06 - 09h14;124.01;1688627665685000000;0;3D3B8F7A9F26C010;5;-111;0;-114.01;12;865.1;2;16;00c102913540002da45014;43.070784;2.991184;0;0;950.3;7.66;186.35;0;0;0;0;0;0;0;0
GNAT L082CZ - 10;3.94;23.07.06 - 09h16;23.07.06 - 09h15;124;1688627789684000000;0;3D3B8F7A9F26C010;3;-109;-9;-118.51;12;868.1;2;17;00c202911b98002dbc4e16;43.064216;2.997326;0;0;884.49;7.13;150.44;0;0;0;0;0;0;0;0
GNAT L082CZ - 10;3.93;23.07.06 - 09h18;23.07.06 - 09h17;105.57;1688627895251000000;0;3D3B8F7A9F26C010;3;-113;-7;-120.79;12;865.1;2;18;00c102911d7c002dbeef17;43.0647;2.997999;0;0;76.72;0.73;40.21;0;0;0;0;0;0;0;0
GNAT L082CZ - 10;3.94;23.07.06 - 09h20;23.07.06 - 09h20;135.43;1688628030684000000;0;3D3B8F7A9F26C010;3;-114;-7;-121.79;12;868.5;2;19;00c20291122c002dc9e617;43.061804;3.000806;0;0;394.59;2.91;149.61;0;0;0;0;0;0;0;0
GNAT L082CZ - 10;3.93;23.07.06 - 09h22;23.07.06 - 09h22;123.02;1688628153699000000;0;3D3B8F7A9F26C010;2;-114;-15;-129.14;12;867.9;2;20;00c1029112e0002dc52817;43.061984;2.999592;0;0;100.64;0.82;283.73;0;0;0;0;0;0;0;0
GNAT L082CZ - 10;3.93;23.07.06 - 09h24;23.07.06 - 09h23;101.57;1688628255265000000;0;3D3B8F7A9F26C010;2;-113;-15;-128.14;12;868.5;2;21;00c102911de0002db4f00d;43.0648;2.99544;0;0;460.24;4.53;318.09;0;0;0;0;0;0;0;0
GNAT L082CZ - 10;3.94;23.07.06 - 09h26;23.07.06 - 09h26;131.42;1688628386686000000;0;3D3B8F7A9F26C010;1;-115;-19;-134.05;12;865.3;2;22;00c202911274002dc2a418;43.061876;2.998948;0;0;432.35;3.29;144.03;0;0;0;0;0;0;0;0
GNAT L082CZ - 10;3.93;23.07.06 - 09h34;23.07.06 - 09h34;480;1688628866688000000;0;3D3B8F7A9F26C010;1;-114;-17;-131.09;12;865.1;1;26;00c1029114bc002db96117;43.06246;2.996577;0;0;203.27;0.42;292.07;0;0;0;0;0;0;0;0
GNAT L082CZ - 10;3.93;23.07.06 - 09h36;23.07.06 - 09h35;108.59;1688628975276000000;0;3D3B8F7A9F26C010;4;-114;-6;-120.97;12;868.5;2;27;00c102911f04002da73e16;43.065092;2.991934;0;0;477.41;4.4;312.94;0;0;0;0;0;0;0;0
GNAT L082CZ - 10;3.93;23.07.06 - 09h38;23.07.06 - 09h38;134.41;1688629109685000000;0;3D3B8F7A9F26C010;1;-113;-18;-131.07;12;865.3;1;28;00c102911370002dc37516;43.062128;2.999157;0;0;673.01;5.01;124.23;0;0;0;0;0;0;0;0
GNAT L082CZ - 10;3.94;23.07.06 - 09h40;23.07.06 - 09h40;116.01;1688629225692000000;0;3D3B8F7A9F26C010;3;-113;-7;-120.79;12;868.5;2;29;00c20291158c002dc71e17;43.062668;3.000094;0;0;96.95;0.84;46.46;0;0;0;0;0;0;0;0
GNAT L082CZ - 10;3.94;23.07.06 - 09h42;23.07.06 - 09h42;120.99;1688629346686000000;0;3D3B8F7A9F26C010;3;-114;-8;-122.64;12;865.5;2;30;00c202911558002dc3d815;43.062616;2.999256;0;0;68.32;0.56;264.14;0;0;0;0;0;0;0;0
GNAT L082CZ - 10;3.94;23.07.06 - 09h46;23.07.06 - 09h45;228.59;1688629575273000000;0;3D3B8F7A9F26C010;3;-115;-10;-125.41;12;867.7;2;32;00c202912418002da7d916;43.066392;2.992089;0;0;717.83;3.14;310.77;0;0;0;0;0;0;0;0
GNAT L082CZ - 10;3.94;23.07.06 - 09h48;23.07.06 - 09h47;119.42;1688629694698000000;0;3D3B8F7A9F26C010;3;-111;-9;-120.51;12;868.3;1;33;00c202912958002d972510;43.067736;2.987813;0;0;378.14;3.17;297.18;0;0;0;0;0;0;0;0
GNAT L082CZ - 10;3.93;23.07.06 - 09h50;23.07.06 - 09h50;141.44;1688629836138000000;0;3D3B8F7A9F26C010;4;-113;-6;-119.97;12;865.9;2;34;00c10291238c002daf399d;43.066252;2.993977;0;0;527.22;3.73;111.69;0;0;0;0;0;0;0;0
GNAT L082CZ - 10;3.93;23.07.06 - 09h52;23.07.06 - 09h51;107.56;1688629943699000000;0;3D3B8F7A9F26C010;2;-109;-14;-123.17;12;868.5;2;35;00c10291266c002dab9816;43.066988;2.993048;0;0;111.32;1.03;322.42;0;0;0;0;0;0;0;0
GNAT L082CZ - 10;3.94;23.07.06 - 09h54;23.07.06 - 09h54;124.01;1688630067713000000;0;3D3B8F7A9F26C010;2;-113;-12;-125.27;12;865.9;1;36;00c2029133b8002dabdb16;43.070392;2.993115;0;0;378.55;3.05;0.69;0;0;0;0;0;0;0;0
GNAT L082CZ - 10;3.94;23.07.06 - 09h56;23.07.06 - 09h55;117.99;1688630185704000000;0;3D3B8F7A9F26C010;1;-112;-16;-128.11;12;868.5;2;37;00c202914c00002dc76817;43.076608;3.000168;0;0;897.74;7.61;35.05;0;0;0;0;0;0;0;0
GNAT L082CZ - 10;3.94;23.07.06 - 09h58;23.07.06 - 09h58;121;1688630306707000000;0;3D3B8F7A9F26C010;2;-114;-15;-129.14;12;865.9;2;38;00c20291606c002dea0115;43.081836;3.009025;0;0;924.88;7.64;46.57;0;0;0;0;0;0;0;0
GNAT L082CZ - 10;3.94;23.07.06 - 10h00;23.07.06 - 10h00;121.01;1688630427715000000;0;3D3B8F7A9F26C010;1;-114;-16;-130.11;12;868.5;2;39;00c202917a78002e052718;43.088504;3.015975;0;0;931.83;7.7;33.19;0;0;0;0;0;0;0;0
GNAT L082CZ - 10;3.94;23.07.06 - 10h02;23.07.06 - 10h02;119.01;1688630546730000000;0;3D3B8F7A9F26C010;1;-114;-17;-131.09;12;865.3;1;40;00c2029196c0002e1aa717;43.095744;3.021479;0;0;920.79;7.74;25.69;0;0;0;0;0;0;0;0
GNAT L082CZ - 10;3.94;23.07.06 - 10h06;23.07.06 - 10h06;240.17;1688630786898000000;0;3D3B8F7A9F26C010;1;-118;-16.5;-134.6;12;867.1;1;42;00c20291b1a8002e2c7017;43.102632;3.026032;0;0;850.45;3.54;22.86;0;0;0;0;0;0;0;0
GNAT L082CZ - 10;3.94;23.07.06 - 10h10;23.07.06 - 10h10;244.77;1688631031671000000;0;3D3B8F7A9F26C010;3;-114;-10;-124.41;12;865.5;2;44;00c20291aa20002e2bbb14;43.100704;3.025851;0;0;214.89;0.88;183.42;0;0;0;0;0;0;0;0
GNAT L082CZ - 10;3.93;23.07.06 - 10h20;23.07.06 - 10h20;479.04;1688631627715000000;0;3D3B8F7A9F26C010;3;-113;-7;-120.79;12;868.1;2;49;00c102919bd4002e244d17;43.097044;3.023949;0;0;271.84;0.57;196.33;0;0;0;0;0;0;0;0
GNAT L082CZ - 10;3.94;23.07.06 - 10h24;23.07.06 - 10h24;244.97;1688631872690000000;0;3D3B8F7A9F26C010;2;-111;-14;-125.17;12;868.3;1;51;00c202919eac002e230e16;43.097772;3.02363;0;0;84.99;0.35;344.48;0;0;0;0;0;0;0;0
GNAT L082CZ - 10;3.94;23.07.06 - 10h28;23.07.06 - 10h28;235.99;1688632108677000000;0;3D3B8F7A9F26C010;2;-111;-14;-125.17;12;868.3;2;53;00c20291a1dc002e211b17;43.098588;3.023131;0;0;99.37;0.42;338.8;0;0;0;0;0;0;0;0
GNAT L082CZ - 10;3.94;23.07.06 - 10h30;23.07.06 - 10h30;120.02;1688632228696000000;0;3D3B8F7A9F26C010;3;-114;-9;-123.51;12;867.1;2;54;00c20291a3ec002e201f18;43.099116;3.022879;0;0;62.17;0.52;343.15;0;0;0;0;0;0;0;0
GNAT L082CZ - 10;3.94;23.07.06 - 10h32;23.07.06 - 10h31;119.22;1688632347911000000;0;3D3B8F7A9F26C010;2;-116;-12.25;-128.5;12;868.5;2;55;00c20291a460002e1fa317;43.099232;3.022755;0;0;16.36;0.14;325.84;0;0;0;0;0;0;0;0
GNAT L082CZ - 10;3.94;23.07.06 - 10h36;23.07.06 - 10h35;227.37;1688632575277000000;0;3D3B8F7A9F26C010;3;-108;-9;-117.51;12;868.5;3;57;00c20291b8a0002e1f0d15;43.104416;3.022605;0;0;576.56;2.54;358.94;0;0;0;0;0;0;0;0
GNAT L082CZ - 10;3.93;23.07.06 - 10h38;23.07.06 - 10h38;138.41;1688632713683000000;0;3D3B8F7A9F26C010;1;-114;-17;-131.09;12;865.1;2;58;00c10291a678002e1d5016;43.099768;3.02216;0;0;518.1;3.74;183.48;0;0;0;0;0;0;0;0
GNAT L082CZ - 10;3.93;23.07.06 - 10h44;23.07.06 - 10h44;356.22;1688633069903000000;0;3D3B8F7A9F26C010;2;-116;-12.75;-128.97;12;868.3;1;61;00c10291a84c002e1c6c17;43.100236;3.021932;0;0;21.81;0.06;358.14;0;0;0;0;0;0;0;0
GNAT L082CZ - 10;3.93;23.07.06 - 10h50;23.07.06 - 10h50;358.78;1688633428682000000;0;3D3B8F7A9F26C010;1;-114;-17;-131.09;12;867.7;2;64;00c10291a958002e1cfd16;43.100504;3.022077;0;0;32.04;0.09;18.98;0;0;0;0;0;0;0;0
GNAT L082CZ - 10;3.93;23.07.06 - 10h52;23.07.06 - 10h52;119.99;1688633548670000000;0;3D3B8F7A9F26C010;1;-111;-20;-131.04;12;868.3;2;65;00c10291a988002e1d2e18;43.100552;3.022126;0;0;6.66;0.06;32.99;0;0;0;0;0;0;0;0
GNAT L082CZ - 10;3.93;23.07.06 - 10h54;23.07.06 - 10h54;120;1688633668669000000;0;3D3B8F7A9F26C010;2;-114;-14;-128.17;12;865.1;1;66;00c10291a9a4002e1d7817;43.10058;3.0222;0;0;6.77;0.06;59.24;0;0;0;0;0;0;0;0
GNAT L082CZ - 10;3.93;23.07.06 - 11h00;23.07.06 - 10h59;358.01;1688634026677000000;0;3D3B8F7A9F26C010;1;-107;-23;-130.02;12;868.3;1;69;00c10291aaa0002e1e6f17;43.100832;3.022447;0;0;34.46;0.1;31.94;0;0;0;0;0;0;0;0
GNAT L082CZ - 10;3.93;23.07.06 - 11h02;23.07.06 - 11h01;118.01;1688634144685000000;0;3D3B8F7A9F26C010;1;-114;-17;-131.09;12;867.7;2;70;00c10291ab0c002e1e6816;43.10094;3.02244;0;0;12.02;0.1;357.64;0;0;0;0;0;0;0;0
GNAT L082CZ - 10;3.94;23.07.06 - 11h06;23.07.06 - 11h05;230.59;1688634375271000000;0;3D3B8F7A9F26C010;1;-114;-21;-135.03;12;867.3;1;72;00c20291b998002e13d614;43.104664;3.019734;0;0;468.76;2.03;335.08;0;0;0;0;0;0;0;0
GNAT L082CZ - 10;3.93;23.07.06 - 11h14;23.07.06 - 11h13;493.4;1688634868669000000;0;3D3B8F7A9F26C010;1;-113;-20;-133.04;12;866.7;1;76;00c10291ae74002e1fb818;43.101812;3.022776;0;0;401.95;0.81;145.84;0;0;0;0;0;0;0;0
GNAT L082CZ - 10;3.93;23.07.06 - 11h18;23.07.06 - 11h17;241;1688635109671000000;0;3D3B8F7A9F26C010;1;-114;-17;-131.09;12;867.3;1;78;00c10291afb4002e1f8718;43.102132;3.022727;0;0;35.8;0.15;354.43;0;0;0;0;0;0;0;0
GNAT L082CZ - 10;3.94;23.07.06 - 11h28;23.07.06 - 11h27;597.02;1688635706693000000;0;3D3B8F7A9F26C010;1;-112;-19;-131.05;12;868.5;2;83;00c20291b270002e1fe918;43.102832;3.022825;0;0;78.24;0.13;5.1;0;0;0;0;0;0;0;0
GNAT L082CZ - 10;3.94;23.07.06 - 11h32;23.07.06 - 11h30;239.99;1688635946684000000;0;3D3B8F7A9F26C010;1;-113;-18;-131.07;12;868.5;1;85;00c20291b350002e207217;43.103056;3.022962;0;0;27.28;0.11;21.31;0;0;0;0;0;0;0;0
GNAT L082CZ - 10;3.94;23.07.06 - 11h36;23.07.06 - 11h35;240.01;1688636186694000000;0;3D3B8F7A9F26C010;1;-113;-20;-133.04;12;868.5;1;87;00c20291b458002e20a117;43.10332;3.023009;0;0;29.6;0.12;6.48;0;0;0;0;0;0;0;0
GNAT L082CZ - 10;3.94;23.07.06 - 11h38;23.07.06 - 11h37;118.99;1688636305685000000;0;3D3B8F7A9F26C010;1;-114;-19;-133.05;12;867.1;1;88;00c20291b4f4002e20ae17;43.103476;3.023022;0;0;17.38;0.15;3.04;0;0;0;0;0;0;0;0
GNAT L082CZ - 10;3.93;23.07.06 - 11h54;23.07.06 - 11h54;962.01;1688637267692000000;0;3D3B8F7A9F26C010;3;-114;-10;-124.41;12;867.7;2;96;00c10291b658002e0d8c18;43.103832;3.018124;0;0;399.61;0.42;276.39;0;0;0;0;0;0;0;0
GNAT L082CZ - 10;3.93;23.07.06 - 11h56;23.07.06 - 11h55;116.99;1688637384679000000;0;3D3B8F7A9F26C010;1;-110;-22;-132.03;12;868.3;1;97;00c10291b750002e0c8416;43.10408;3.01786;0;0;34.93;0.3;325.79;0;0;0;0;0;0;0;0
GNAT L082CZ - 10;3.93;23.07.06 - 12h04;23.07.06 - 12h03;470.98;1688637855661000000;0;3D3B8F7A9F26C010;1;-110;-21;-131.03;12;868.1;1;101;00c10291b62c002e18670d;43.103788;3.020903;0;0;249.17;0.53;98.62;0;0;0;0;0;0;0;0
GNAT L082CZ - 10;3.93;23.07.06 - 12h06;23.07.06 - 12h05;119.62;1688637975283000000;0;3D3B8F7A9F26C010;1;-114;-17;-131.09;12;865.5;1;102;00c10291bb08002e03f517;43.105032;3.015669;0;0;446.87;3.74;290.29;0;0;0;0;0;0;0;0
GNAT L082CZ - 10;3.93;23.07.06 - 12h14;23.07.06 - 12h14;493.41;1688638468689000000;0;3D3B8F7A9F26C010;2;-113;-14;-127.17;12;866.7;2;106;00c10291bd00002e09be18;43.105536;3.01715;0;0;132.65;0.27;62.01;0;0;0;0;0;0;0;0
GNAT L082CZ - 10;3.93;23.07.06 - 12h18;23.07.06 - 12h18;238.99;1688638707683000000;0;3D3B8F7A9F26C010;2;-114;-13;-127.21;12;865.1;2;108;00c10291b7d4002e09fd16;43.104212;3.017213;0;0;147.31;0.62;178.26;0;0;0;0;0;0;0;0
GNAT L082CZ - 10;3.93;23.07.06 - 12h20;23.07.06 - 12h19;107.83;1688638815517000000;0;3D3B8F7A9F26C010;3;-114;-6.75;-121.58;12;868.1;1;109;00c10291c204002dfb6a14;43.10682;3.013482;0;0;419.34;3.89;317.46;0;0;0;0;0;0;0;0
GNAT L082CZ - 10;3.93;23.07.06 - 12h22;23.07.06 - 12h22;135.16;1688638950676000000;0;3D3B8F7A9F26C010;2;-114;-12;-126.27;12;867.7;2;110;00c10291b9bc002e071515;43.1047;3.016469;0;0;338.19;2.5;138.03;0;0;0;0;0;0;0;0
GNAT L082CZ - 10;3.93;23.07.06 - 12h26;23.07.06 - 12h26;244.01;1688639194683000000;0;3D3B8F7A9F26C010;2;-112;-15;-127.14;12;866.5;2;112;00c10291be9c002e035518;43.105948;3.015509;0;0;159.16;0.65;333.79;0;0;0;0;0;0;0;0
GNAT L082CZ - 10;3.93;23.07.06 - 12h30;23.07.06 - 12h30;233;1688639427683000000;0;3D3B8F7A9F26C010;2;-114;-12;-126.27;12;865.9;2;114;00c10291c28c002e008718;43.106956;3.014791;0;0;126.33;0.54;335.47;0;0;0;0;0;0;0;0
GNAT L082CZ - 10;3.93;23.07.06 - 12h32;23.07.06 - 12h32;116;1688639543684000000;0;3D3B8F7A9F26C010;2;-112;-15;-127.14;12;868.3;2;115;00c10291c630002dfa2e17;43.107888;3.013166;0;0;167.76;1.45;311.78;0;0;0;0;0;0;0;0
GNAT L082CZ - 10;3.93;23.07.06 - 12h34;23.07.06 - 12h34;121.99;1688639665671000000;0;3D3B8F7A9F26C010;1;-112;-17;-129.09;12;866.5;2;116;00c10291cb3c002def9b15;43.10918;3.010459;0;0;262.55;2.15;306.57;0;0;0;0;0;0;0;0
GNAT L082CZ - 10;3.93;23.07.06 - 12h46;23.07.06 - 12h46;728.99;1688640394664000000;0;3D3B8F7A9F26C010;2;-114;-15;-129.14;12;867.7;4;122;00c102920a48002db04317;43.12532;2.994243;0;0;2225.6;3.05;326.55;0;0;0;0;0;0;0;0
GNAT L082CZ - 10;3.93;23.07.06 - 12h50;23.07.06 - 12h49;240.51;1688640635174000000;0;3D3B8F7A9F26C010;1;-115;-19;-134.05;12;867.7;1;124;00c102921008002dae6e2f;43.126792;2.993774;0;0;168.05;0.7;348.2;0;0;0;0;0;0;0;0
