GNAT L082CZ - 02;0;23.07.10 - 09h52s36;23.07.10 - 09h50s37;119;0;0;3D3B8F7A9F26C010;0;0;0;0;0;0;0;31;0;43.138641;3.012164;19;0;135.93;1.14;-0.27;37;0;0;0;0.00;0.00;0.00;0;1
GNAT L082CZ - 02;0;23.07.10 - 09h54s36;23.07.10 - 09h52s36;120;0;0;3D3B8F7A9F26C010;0;0;0;0;0;0;0;32;0;43.139999;3.011493;19;0;160.64;1.34;-0.32;38;0;0;0;0.00;0.00;0.00;0;1
GNAT L082CZ - 02;0;23.07.10 - 09h56s33;23.07.10 - 09h54s36;117;0;0;3D3B8F7A9F26C010;0;0;0;0;0;0;0;33;0;43.139847;3.011908;20;0;37.75;0.32;-1.07;37;0;0;0;0.00;0.00;0.00;0;1
GNAT L082CZ - 02;0;23.07.10 - 09h58s39;23.07.10 - 09h56s33;126;0;0;3D3B8F7A9F26C010;0;0;0;0;0;0;0;34;0;43.139866;3.011852;20;0;4.91;0.04;-1.10;37;0;0;0;0.00;0.00;0.00;0;1
GNAT L082CZ - 02;0;23.07.10 - 10h00s38;23.07.10 - 09h58s39;119;0;0;3D3B8F7A9F26C010;0;0;0;0;0;0;0;35;0;43.139847;3.011853;20;0;1.90;0.02;-0.03;36;0;0;0;0.00;0.00;0.00;0;1
GNAT L082CZ - 02;0;23.07.10 - 10h02s35;23.07.10 - 10h00s38;117;0;0;3D3B8F7A9F26C010;0;0;0;0;0;0;0;36;0;43.139847;3.011835;20;0;1.47;0.01;1.57;36;0;0;0;0.00;0.00;0.00;0;1
GNAT L082CZ - 02;0;23.07.10 - 10h04s35;23.07.10 - 10h02s35;120;0;0;3D3B8F7A9F26C010;0;0;0;0;0;0;0;37;0;43.139847;3.011856;20;0;1.72;0.01;-1.57;35;0;0;0;0.00;0.00;0.00;0;1
GNAT L082CZ - 02;0;23.07.10 - 10h06s34;23.07.10 - 10h04s35;119;0;0;3D3B8F7A9F26C010;0;0;0;0;0;0;0;38;0;43.139843;3.011840;20;0;1.35;0.01;1.23;34;0;0;0;0.00;0.00;0.00;0;1
GNAT L082CZ - 02;0;23.07.10 - 10h08s38;23.07.10 - 10h06s34;124;0;0;3D3B8F7A9F26C010;0;0;0;0;0;0;0;39;0;43.139847;3.011851;20;0;0.97;0.01;1.09;34;0;0;0;0.00;0.00;0.00;0;1
GNAT L082CZ - 02;0;23.07.10 - 10h10s47;23.07.10 - 10h08s38;129;0;0;3D3B8F7A9F26C010;0;0;0;0;0;0;0;40;0;43.139847;3.011847;20;0;0.36;0.00;1.57;34;0;0;0;0.00;0.00;0.00;0;1
GNAT L082CZ - 02;0;23.07.10 - 10h12s35;23.07.10 - 10h10s47;108;0;0;3D3B8F7A9F26C010;0;0;0;0;0;0;0;41;0;43.139835;3.011837;21;0;1.72;0.02;0.53;34;0;0;0;0.00;0.00;0.00;0;1
GNAT L082CZ - 02;0;23.07.10 - 10h14s29;23.07.10 - 10h12s35;114;0;0;3D3B8F7A9F26C010;0;0;0;0;0;0;0;42;0;43.139805;3.011792;21;0;4.72;0.04;0.77;33;0;0;0;0.00;0.00;0.00;0;1
GNAT L082CZ - 02;0;23.07.10 - 10h16s33;23.07.10 - 10h14s29;124;0;0;3D3B8F7A9F26C010;0;0;0;0;0;0;0;43;0;43.139832;3.011837;20;0;4.49;0.04;0.84;33;0;0;0;0.00;0.00;0.00;0;1
GNAT L082CZ - 02;0;23.07.10 - 10h18s35;23.07.10 - 10h16s33;122;0;0;3D3B8F7A9F26C010;0;0;0;0;0;0;0;44;0;43.139832;3.011835;21;0;0.19;0.00;1.57;33;0;0;0;0.00;0.00;0.00;0;1
GNAT L082CZ - 02;0;23.07.10 - 10h20s42;23.07.10 - 10h18s35;127;0;0;3D3B8F7A9F26C010;0;0;0;0;0;0;0;45;0;43.139835;3.011842;22;0;0.70;0.01;0.90;33;0;0;0;0.00;0.00;0.00;0;1
GNAT L082CZ - 02;0;23.07.10 - 10h22s35;23.07.10 - 10h20s42;113;0;0;3D3B8F7A9F26C010;0;0;0;0;0;0;0;46;0;43.139828;3.011835;22;0;0.96;0.01;0.56;33;0;0;0;0.00;0.00;0.00;0;1
GNAT L082CZ - 02;0;23.07.10 - 10h24s35;23.07.10 - 10h22s35;120;0;0;3D3B8F7A9F26C010;0;0;0;0;0;0;0;47;0;43.139835;3.011846;21;0;1.17;0.01;0.76;33;0;0;0;0.00;0.00;0.00;0;1
GNAT L082CZ - 02;0;23.07.10 - 10h26s35;23.07.10 - 10h24s35;120;0;0;3D3B8F7A9F26C010;0;0;0;0;0;0;0;48;0;43.139828;3.011843;22;0;0.80;0.01;0.24;33;0;0;0;0.00;0.00;0.00;0;1
GNAT L082CZ - 02;0;23.07.10 - 10h28s33;23.07.10 - 10h26s35;118;0;0;3D3B8F7A9F26C010;0;0;0;0;0;0;0;49;0;43.139832;3.011842;23;0;0.40;0.00;-0.16;33;0;0;0;0.00;0.00;0.00;0;1
GNAT L082CZ - 02;0;23.07.10 - 10h30s30;23.07.10 - 10h28s33;117;0;0;3D3B8F7A9F26C010;0;0;0;0;0;0;0;50;0;43.139820;3.011843;22;0;1.15;0.01;-0.06;33;0;0;0;0.00;0.00;0.00;0;1
GNAT L082CZ - 02;0;23.07.10 - 10h32s31;23.07.10 - 10h30s30;121;0;0;3D3B8F7A9F26C010;0;0;0;0;0;0;0;51;0;43.139824;3.011853;22;0;0.90;0.01;1.05;33;0;0;0;0.00;0.00;0.00;0;1
GNAT L082CZ - 02;0;23.07.10 - 10h34s33;23.07.10 - 10h32s31;122;0;0;3D3B8F7A9F26C010;0;0;0;0;0;0;0;52;0;43.139854;3.011860;22;0;3.46;0.03;0.15;33;0;0;0;0.00;0.00;0.00;0;1
GNAT L082CZ - 02;0;23.07.10 - 10h36s35;23.07.10 - 10h34s33;122;0;0;3D3B8F7A9F26C010;0;0;0;0;0;0;0;53;0;43.139858;3.011851;21;0;0.82;0.01;-0.99;33;0;0;0;0.00;0.00;0.00;0;1
GNAT L082CZ - 02;0;23.07.10 - 10h38s32;23.07.10 - 10h36s35;117;0;0;3D3B8F7A9F26C010;0;0;0;0;0;0;0;54;0;43.139854;3.011847;21;0;0.50;0.00;0.62;33;0;0;0;0.00;0.00;0.00;0;1
GNAT L082CZ - 02;0;23.07.10 - 10h40s31;23.07.10 - 10h38s32;119;0;0;3D3B8F7A9F26C010;0;0;0;0;0;0;0;55;0;43.139854;3.011856;23;0;0.75;0.01;-1.57;33;0;0;0;0.00;0.00;0.00;0;1
GNAT L082CZ - 02;0;23.07.10 - 10h42s29;23.07.10 - 10h40s31;118;0;0;3D3B8F7A9F26C010;0;0;0;0;0;0;0;56;0;43.139866;3.011847;22;0;1.36;0.01;-0.48;33;0;0;0;0.00;0.00;0.00;0;1
GNAT L082CZ - 02;0;23.07.10 - 10h44s34;23.07.10 - 10h42s29;125;0;0;3D3B8F7A9F26C010;0;0;0;0;0;0;0;57;0;43.139866;3.011843;22;0;0.33;0.00;1.57;33;0;0;0;0.00;0.00;0.00;0;1
GNAT L082CZ - 02;0;23.07.10 - 10h46s28;23.07.10 - 10h44s34;114;0;0;3D3B8F7A9F26C010;0;0;0;0;0;0;0;58;0;43.140121;3.012241;21;0;43.07;0.38;0.80;33;0;0;0;0.00;0.00;0.00;0;1