GNAT L082CZ - 08;0;23.07.10 - 09h47s28;23.07.10 - 09h45s35;113;0;0;3D3B8F7A9F26C008;0;0;0;0;0;0;0;28;0;43.137871;3.012116;20;0;48.23;0.43;-0.49;33;0;0;0;0.00;0.00;0.00;0;1
GNAT L082CZ - 08;0;23.07.10 - 09h49s40;23.07.10 - 09h47s28;132;0;0;3D3B8F7A9F26C008;0;0;0;0;0;0;0;29;0;43.137897;3.012004;18;0;9.59;0.07;-1.23;33;0;0;0;0.00;0.00;0.00;0;1
GNAT L082CZ - 08;0;23.07.10 - 09h51s52;23.07.10 - 09h49s40;132;0;0;3D3B8F7A9F26C008;0;0;0;0;0;0;0;30;0;43.137840;3.011964;18;0;7.23;0.05;0.44;32;0;0;0;0.00;0.00;0.00;0;1
GNAT L082CZ - 08;0;23.07.10 - 09h53s30;23.07.10 - 09h51s52;98;0;0;3D3B8F7A9F26C008;0;0;0;0;0;0;0;31;0;43.137825;3.011846;18;0;9.70;0.10;1.38;32;0;0;0;0.00;0.00;0.00;0;1
GNAT L082CZ - 08;0;23.07.10 - 09h55s32;23.07.10 - 09h53s30;122;0;0;3D3B8F7A9F26C008;0;0;0;0;0;0;0;32;0;43.137817;3.012018;18;0;13.99;0.11;-1.50;31;0;0;0;0.00;0.00;0.00;0;1
GNAT L082CZ - 08;0;23.07.10 - 09h57s32;23.07.10 - 09h55s32;120;0;0;3D3B8F7A9F26C008;0;0;0;0;0;0;0;33;0;43.137840;3.012031;19;0;2.51;0.02;0.36;31;0;0;0;0.00;0.00;0.00;0;1
GNAT L082CZ - 08;0;23.07.10 - 09h59s32;23.07.10 - 09h57s32;120;0;0;3D3B8F7A9F26C008;0;0;0;0;0;0;0;34;0;43.137737;3.012098;20;0;12.63;0.11;-0.41;31;0;0;0;0.00;0.00;0.00;0;1
GNAT L082CZ - 08;0;23.07.10 - 10h01s30;23.07.10 - 09h59s32;118;0;0;3D3B8F7A9F26C008;0;0;0;0;0;0;0;35;0;43.137768;3.012180;20;0;7.46;0.06;1.06;30;0;0;0;0.00;0.00;0.00;0;1
GNAT L082CZ - 08;0;23.07.10 - 10h03s32;23.07.10 - 10h01s30;122;0;0;3D3B8F7A9F26C008;0;0;0;0;0;0;0;36;0;43.137764;3.012313;20;0;10.82;0.09;-1.53;30;0;0;0;0.00;0.00;0.00;0;1
GNAT L082CZ - 08;0;23.07.10 - 10h05s33;23.07.10 - 10h03s32;121;0;0;3D3B8F7A9F26C008;0;0;0;0;0;0;0;37;0;43.137745;3.012459;20;0;12.06;0.10;-1.38;31;0;0;0;0.00;0.00;0.00;0;1
GNAT L082CZ - 08;0;23.07.10 - 10h07s32;23.07.10 - 10h05s33;119;0;0;3D3B8F7A9F26C008;0;0;0;0;0;0;0;38;0;43.137779;3.012596;20;0;11.74;0.10;1.21;31;0;0;0;0.00;0.00;0.00;0;1
GNAT L082CZ - 08;0;23.07.10 - 10h09s32;23.07.10 - 10h07s32;120;0;0;3D3B8F7A9F26C008;0;0;0;0;0;0;0;39;0;43.137810;3.012697;19;0;8.89;0.07;1.14;30;0;0;0;0.00;0.00;0.00;0;1
GNAT L082CZ - 08;0;23.07.10 - 10h11s33;23.07.10 - 10h09s32;121;0;0;3D3B8F7A9F26C008;0;0;0;0;0;0;0;40;0;43.137897;3.012648;19;0;10.64;0.09;-0.35;30;0;0;0;0.00;0.00;0.00;0;1
GNAT L082CZ - 08;0;23.07.10 - 10h13s32;23.07.10 - 10h11s33;119;0;0;3D3B8F7A9F26C008;0;0;0;0;0;0;0;41;0;43.137920;3.012732;19;0;7.31;0.06;1.18;30;0;0;0;0.00;0.00;0.00;0;1
GNAT L082CZ - 08;0;23.07.10 - 10h15s29;23.07.10 - 10h13s32;117;0;0;3D3B8F7A9F26C008;0;0;0;0;0;0;0;42;0;43.137844;3.012769;19;0;9.23;0.08;-0.31;30;0;0;0;0.00;0.00;0.00;0;1
GNAT L082CZ - 08;0;23.07.10 - 10h17s33;23.07.10 - 10h15s29;124;0;0;3D3B8F7A9F26C008;0;0;0;0;0;0;0;43;0;43.137829;3.012961;19;0;15.67;0.13;-1.45;30;0;0;0;0.00;0.00;0.00;0;1
GNAT L082CZ - 08;0;23.07.10 - 10h19s32;23.07.10 - 10h17s33;119;0;0;3D3B8F7A9F26C008;0;0;0;0;0;0;0;44;0;43.137779;3.013012;20;0;7.03;0.06;-0.60;30;0;0;0;0.00;0.00;0.00;0;1
GNAT L082CZ - 08;0;23.07.10 - 10h21s31;23.07.10 - 10h19s32;119;0;0;3D3B8F7A9F26C008;0;0;0;0;0;0;0;45;0;43.137756;3.013265;20;0;20.67;0.17;-1.44;30;0;0;0;0.00;0.00;0.00;0;1
GNAT L082CZ - 08;0;23.07.10 - 10h23s32;23.07.10 - 10h21s31;121;0;0;3D3B8F7A9F26C008;0;0;0;0;0;0;0;46;0;43.137821;3.013273;19;0;7.24;0.06;0.08;30;0;0;0;0.00;0.00;0.00;0;1
GNAT L082CZ - 08;0;23.07.10 - 10h25s32;23.07.10 - 10h23s32;120;0;0;3D3B8F7A9F26C008;0;0;0;0;0;0;0;47;0;43.137833;3.013456;19;0;14.90;0.12;1.48;30;0;0;0;0.00;0.00;0.00;0;1
GNAT L082CZ - 08;0;23.07.10 - 10h27s32;23.07.10 - 10h25s32;120;0;0;3D3B8F7A9F26C008;0;0;0;0;0;0;0;48;0;43.137821;3.013575;19;0;9.70;0.08;-1.43;30;0;0;0;0.00;0.00;0.00;0;1
GNAT L082CZ - 08;0;23.07.10 - 10h29s30;23.07.10 - 10h27s32;118;0;0;3D3B8F7A9F26C008;0;0;0;0;0;0;0;49;0;43.137791;3.013503;19;0;6.77;0.06;1.00;30;0;0;0;0.00;0.00;0.00;0;1
GNAT L082CZ - 08;0;23.07.10 - 10h31s49;23.07.10 - 10h29s30;139;0;0;3D3B8F7A9F26C008;0;0;0;0;0;0;0;50;0;43.137756;3.013504;19;0;3.80;0.03;-0.02;30;0;0;0;0.00;0.00;0.00;0;1
GNAT L082CZ - 08;0;23.07.10 - 10h33s30;23.07.10 - 10h31s49;101;0;0;3D3B8F7A9F26C008;0;0;0;0;0;0;0;51;0;43.137745;3.013511;17;0;1.61;0.02;-0.37;31;0;0;0;0.00;0.00;0.00;0;1
GNAT L082CZ - 08;0;23.07.10 - 10h35s31;23.07.10 - 10h33s30;121;0;0;3D3B8F7A9F26C008;0;0;0;0;0;0;0;52;0;43.137619;3.013216;17;0;27.73;0.23;1.00;30;0;0;0;0.00;0.00;0.00;0;1
GNAT L082CZ - 08;0;23.07.10 - 10h37s32;23.07.10 - 10h35s31;121;0;0;3D3B8F7A9F26C008;0;0;0;0;0;0;0;53;0;43.137627;3.013399;16;0;14.88;0.12;1.51;30;0;0;0;0.00;0.00;0.00;0;1
GNAT L082CZ - 08;0;23.07.10 - 10h39s32;23.07.10 - 10h37s32;120;0;0;3D3B8F7A9F26C008;0;0;0;0;0;0;0;54;0;43.137650;3.013421;17;0;2.89;0.02;0.57;30;0;0;0;0.00;0.00;0.00;0;1
GNAT L082CZ - 08;0;23.07.10 - 10h41s29;23.07.10 - 10h39s32;117;0;0;3D3B8F7A9F26C008;0;0;0;0;0;0;0;55;0;43.137665;3.013460;16;0;3.70;0.03;1.04;30;0;0;0;0.00;0.00;0.00;0;1
GNAT L082CZ - 08;0;23.07.10 - 10h43s30;23.07.10 - 10h41s29;121;0;0;3D3B8F7A9F26C008;0;0;0;0;0;0;0;56;0;43.137569;3.013367;18;0;13.05;0.11;0.58;30;0;0;0;0.00;0.00;0.00;0;1
GNAT L082CZ - 08;0;23.07.10 - 10h45s29;23.07.10 - 10h43s30;119;0;0;3D3B8F7A9F26C008;0;0;0;0;0;0;0;57;0;43.137554;3.013411;17;0;3.91;0.03;-1.09;30;0;0;0;0.00;0.00;0.00;0;1
GNAT L082CZ - 08;0;23.07.10 - 10h47s31;23.07.10 - 10h45s29;122;0;0;3D3B8F7A9F26C008;0;0;0;0;0;0;0;58;0;43.137508;3.013288;17;0;11.31;0.09;1.06;30;0;0;0;0.00;0.00;0.00;0;1
GNAT L082CZ - 08;0;23.07.10 - 10h49s29;23.07.10 - 10h47s31;118;0;0;3D3B8F7A9F26C008;0;0;0;0;0;0;0;59;0;43.137386;3.013235;18;0;14.34;0.12;0.28;30;0;0;0;0.00;0.00;0.00;0;1
GNAT L082CZ - 08;0;23.07.10 - 10h51s30;23.07.10 - 10h49s29;121;0;0;3D3B8F7A9F26C008;0;0;0;0;0;0;0;60;0;43.137440;3.013276;17;0;6.93;0.06;0.47;30;0;0;0;0.00;0.00;0.00;0;1
GNAT L082CZ - 08;0;23.07.10 - 10h53s31;23.07.10 - 10h51s30;121;0;0;3D3B8F7A9F26C008;0;0;0;0;0;0;0;61;0;43.137447;3.013410;18;0;10.92;0.09;1.49;30;0;0;0;0.00;0.00;0.00;0;1
GNAT L082CZ - 08;0;23.07.10 - 10h55s31;23.07.10 - 10h53s31;120;0;0;3D3B8F7A9F26C008;0;0;0;0;0;0;0;62;0;43.137489;3.013472;18;0;7.05;0.06;0.78;30;0;0;0;0.00;0.00;0.00;0;1
GNAT L082CZ - 08;0;23.07.10 - 10h57s29;23.07.10 - 10h55s31;118;0;0;3D3B8F7A9F26C008;0;0;0;0;0;0;0;63;0;43.137497;3.013618;18;0;11.86;0.10;1.49;30;0;0;0;0.00;0.00;0.00;0;1
GNAT L082CZ - 08;0;23.07.10 - 10h59s29;23.07.10 - 10h57s29;120;0;0;3D3B8F7A9F26C008;0;0;0;0;0;0;0;64;0;43.137302;3.013759;18;0;24.48;0.20;-0.45;31;0;0;0;0.00;0.00;0.00;0;1