GNAT L082CZ - 05;0;23.07.10 - 09h35s29;23.07.10 - 09h33s28;121;0;0;3D3B8F7A9F26C004;0;0;0;0;0;0;0;23;0;43.138695;3.013565;17;0;41.15;0.34;1.07;37;0;0;0;0.00;0.00;0.00;0;1
GNAT L082CZ - 05;0;23.07.10 - 09h37s32;23.07.10 - 09h35s29;123;0;0;3D3B8F7A9F26C004;0;0;0;0;0;0;0;24;0;43.138599;3.013432;19;0;14.87;0.12;0.75;37;0;0;0;0.00;0.00;0.00;0;1
GNAT L082CZ - 05;0;23.07.10 - 09h39s30;23.07.10 - 09h37s32;118;0;0;3D3B8F7A9F26C004;0;0;0;0;0;0;0;25;0;43.138641;3.013451;16;0;4.81;0.04;0.29;36;0;0;0;0.00;0.00;0.00;0;1
GNAT L082CZ - 05;0;23.07.10 - 09h41s32;23.07.10 - 09h39s30;122;0;0;3D3B8F7A9F26C004;0;0;0;0;0;0;0;26;0;43.138607;3.013447;16;0;3.81;0.03;0.08;35;0;0;0;0.00;0.00;0.00;0;1
GNAT L082CZ - 05;0;23.07.10 - 09h43s31;23.07.10 - 09h41s32;119;0;0;3D3B8F7A9F26C004;0;0;0;0;0;0;0;27;0;43.138611;3.013442;17;0;0.55;0.00;-0.69;34;0;0;0;0.00;0.00;0.00;0;1
GNAT L082CZ - 05;0;23.07.10 - 09h45s30;23.07.10 - 09h43s31;119;0;0;3D3B8F7A9F26C004;0;0;0;0;0;0;0;28;0;43.138577;3.013284;16;0;13.38;0.11;1.25;34;0;0;0;0.00;0.00;0.00;0;1
GNAT L082CZ - 05;0;23.07.10 - 09h47s31;23.07.10 - 09h45s30;121;0;0;3D3B8F7A9F26C004;0;0;0;0;0;0;0;29;0;43.138618;3.013346;17;0;6.79;0.06;0.78;33;0;0;0;0.00;0.00;0.00;0;1
GNAT L082CZ - 05;0;23.07.10 - 09h49s30;23.07.10 - 09h47s31;119;0;0;3D3B8F7A9F26C004;0;0;0;0;0;0;0;30;0;43.138603;3.013423;15;0;6.41;0.05;-1.28;33;0;0;0;0.00;0.00;0.00;0;1
GNAT L082CZ - 05;0;23.07.10 - 09h51s31;23.07.10 - 09h49s30;121;0;0;3D3B8F7A9F26C004;0;0;0;0;0;0;0;31;0;43.138607;3.013440;16;0;1.42;0.01;1.24;33;0;0;0;0.00;0.00;0.00;0;1
GNAT L082CZ - 05;0;23.07.10 - 09h53s31;23.07.10 - 09h51s31;120;0;0;3D3B8F7A9F26C004;0;0;0;0;0;0;0;32;0;43.138599;3.013416;15;0;2.08;0.02;1.12;33;0;0;0;0.00;0.00;0.00;0;1
GNAT L082CZ - 05;0;23.07.10 - 09h55s29;23.07.10 - 09h53s31;118;0;0;3D3B8F7A9F26C004;0;0;0;0;0;0;0;33;0;43.138603;3.013407;16;0;0.83;0.01;-1.01;32;0;0;0;0.00;0.00;0.00;0;1
GNAT L082CZ - 05;0;23.07.10 - 09h57s28;23.07.10 - 09h55s29;119;0;0;3D3B8F7A9F26C004;0;0;0;0;0;0;0;34;0;43.138584;3.013430;17;0;2.95;0.02;-0.68;32;0;0;0;0.00;0.00;0.00;0;1
GNAT L082CZ - 05;0;23.07.10 - 09h59s32;23.07.10 - 09h57s28;124;0;0;3D3B8F7A9F26C004;0;0;0;0;0;0;0;35;0;43.138599;3.013329;17;0;8.40;0.07;-1.35;32;0;0;0;0.00;0.00;0.00;0;1
GNAT L082CZ - 05;0;23.07.10 - 10h01s31;23.07.10 - 09h59s32;119;0;0;3D3B8F7A9F26C004;0;0;0;0;0;0;0;36;0;43.138577;3.013427;17;0;8.38;0.07;-1.23;32;0;0;0;0.00;0.00;0.00;0;1
GNAT L082CZ - 05;0;23.07.10 - 10h03s30;23.07.10 - 10h01s31;119;0;0;3D3B8F7A9F26C004;0;0;0;0;0;0;0;37;0;43.138588;3.013460;18;0;2.90;0.02;1.09;32;0;0;0;0.00;0.00;0.00;0;1
GNAT L082CZ - 05;0;23.07.10 - 10h05s29;23.07.10 - 10h03s30;119;0;0;3D3B8F7A9F26C004;0;0;0;0;0;0;0;38;0;43.138565;3.013461;17;0;2.28;0.02;-0.03;32;0;0;0;0.00;0.00;0.00;0;1
GNAT L082CZ - 05;0;23.07.10 - 10h07s31;23.07.10 - 10h05s29;122;0;0;3D3B8F7A9F26C004;0;0;0;0;0;0;0;39;0;43.138561;3.013435;18;0;2.24;0.02;1.35;32;0;0;0;0.00;0.00;0.00;0;1
GNAT L082CZ - 05;0;23.07.10 - 10h09s31;23.07.10 - 10h07s31;120;0;0;3D3B8F7A9F26C004;0;0;0;0;0;0;0;40;0;43.138550;3.013459;16;0;2.26;0.02;-0.95;32;0;0;0;0.00;0.00;0.00;0;1
GNAT L082CZ - 05;0;23.07.10 - 10h11s29;23.07.10 - 10h09s31;118;0;0;3D3B8F7A9F26C004;0;0;0;0;0;0;0;41;0;43.138519;3.013463;16;0;3.43;0.03;-0.08;32;0;0;0;0.00;0.00;0.00;0;1
GNAT L082CZ - 05;0;23.07.10 - 10h13s30;23.07.10 - 10h11s29;121;0;0;3D3B8F7A9F26C004;0;0;0;0;0;0;0;42;0;43.138519;3.013478;19;0;1.22;0.01;-1.57;32;0;0;0;0.00;0.00;0.00;0;1
GNAT L082CZ - 05;0;23.07.10 - 10h15s29;23.07.10 - 10h13s30;119;0;0;3D3B8F7A9F26C004;0;0;0;0;0;0;0;43;0;43.138508;3.013482;16;0;1.19;0.01;-0.24;32;0;0;0;0.00;0.00;0.00;0;1
GNAT L082CZ - 05;0;23.07.10 - 10h17s30;23.07.10 - 10h15s29;121;0;0;3D3B8F7A9F26C004;0;0;0;0;0;0;0;44;0;43.138512;3.013513;16;0;2.54;0.02;1.39;32;0;0;0;0.00;0.00;0.00;0;1
GNAT L082CZ - 05;0;23.07.10 - 10h19s29;23.07.10 - 10h17s30;119;0;0;3D3B8F7A9F26C004;0;0;0;0;0;0;0;45;0;43.138496;3.013493;17;0;2.51;0.02;0.72;32;0;0;0;0.00;0.00;0.00;0;1
GNAT L082CZ - 05;0;23.07.10 - 10h21s28;23.07.10 - 10h19s29;119;0;0;3D3B8F7A9F26C004;0;0;0;0;0;0;0;46;0;43.138489;3.013505;20;0;1.25;0.01;-0.81;32;0;0;0;0.00;0.00;0.00;0;1
GNAT L082CZ - 05;0;23.07.10 - 10h23s37;23.07.10 - 10h21s28;129;0;0;3D3B8F7A9F26C004;0;0;0;0;0;0;0;47;0;43.138409;3.013404;18;0;11.98;0.09;0.70;32;0;0;0;0.00;0.00;0.00;0;1