GNAT L082CZ - 10;0;23.07.10 - 09h38s33;23.07.10 - 09h36s31;122;0;0;3D3B8F7A9F26C010;0;0;0;0;0;0;0;33;0;43.138996;3.012942;19;0;50.96;0.42;-0.73;35;0;0;0;0.00;0.00;0.00;0;1
GNAT L082CZ - 10;0;23.07.10 - 09h40s31;23.07.10 - 09h38s33;118;0;0;3D3B8F7A9F26C010;0;0;0;0;0;0;0;34;0;43.139061;3.012900;18;0;7.98;0.07;-0.41;35;0;0;0;0.00;0.00;0.00;0;1
GNAT L082CZ - 10;0;23.07.10 - 09h42s34;23.07.10 - 09h40s31;123;0;0;3D3B8F7A9F26C010;0;0;0;0;0;0;0;35;0;43.138992;3.012900;18;0;7.59;0.06;0.00;35;0;0;0;0.00;0.00;0.00;0;1
GNAT L082CZ - 10;0;23.07.10 - 09h44s48;23.07.10 - 09h42s34;134;0;0;3D3B8F7A9F26C010;0;0;0;0;0;0;0;36;0;43.138977;3.012865;18;0;3.40;0.03;0.99;34;0;0;0;0.00;0.00;0.00;0;1
GNAT L082CZ - 10;0;23.07.10 - 09h46s34;23.07.10 - 09h44s48;106;0;0;3D3B8F7A9F26C010;0;0;0;0;0;0;0;37;0;43.138969;3.012922;17;0;4.69;0.04;-1.37;33;0;0;0;0.00;0.00;0.00;0;1
GNAT L082CZ - 10;0;23.07.10 - 09h48s58;23.07.10 - 09h46s34;144;0;0;3D3B8F7A9F26C010;0;0;0;0;0;0;0;38;0;43.138962;3.012850;15;0;5.89;0.04;1.41;33;0;0;0;0.00;0.00;0.00;0;1
GNAT L082CZ - 10;0;23.07.10 - 09h51s34;23.07.10 - 09h48s58;156;0;0;3D3B8F7A9F26C010;0;0;0;0;0;0;0;39;0;43.138973;3.012933;15;0;6.81;0.04;1.37;32;0;0;0;0.00;0.00;0.00;0;1
GNAT L082CZ - 10;0;23.07.10 - 09h53s37;23.07.10 - 09h51s34;123;0;0;3D3B8F7A9F26C010;0;0;0;0;0;0;0;40;0;43.138973;3.012931;15;0;0.13;0.00;1.57;32;0;0;0;0.00;0.00;0.00;0;1
GNAT L082CZ - 10;0;23.07.10 - 09h55s38;23.07.10 - 09h53s37;121;0;0;3D3B8F7A9F26C010;0;0;0;0;0;0;0;41;0;43.138988;3.012945;15;0;2.21;0.02;0.55;32;0;0;0;0.00;0.00;0.00;0;1
GNAT L082CZ - 10;0;23.07.10 - 09h57s38;23.07.10 - 09h55s38;120;0;0;3D3B8F7A9F26C010;0;0;0;0;0;0;0;42;0;43.138969;3.012943;16;0;2.28;0.02;0.07;32;0;0;0;0.00;0.00;0.00;0;1
GNAT L082CZ - 10;0;23.07.10 - 09h59s38;23.07.10 - 09h57s38;120;0;0;3D3B8F7A9F26C010;0;0;0;0;0;0;0;43;0;43.138969;3.012926;17;0;1.37;0.01;1.57;32;0;0;0;0.00;0.00;0.00;0;1
GNAT L082CZ - 10;0;23.07.10 - 10h01s43;23.07.10 - 09h59s38;125;0;0;3D3B8F7A9F26C010;0;0;0;0;0;0;0;44;0;43.138977;3.012928;17;0;0.77;0.01;0.18;31;0;0;0;0.00;0.00;0.00;0;1
GNAT L082CZ - 10;0;23.07.10 - 10h03s38;23.07.10 - 10h01s43;115;0;0;3D3B8F7A9F26C010;0;0;0;0;0;0;0;45;0;43.138950;3.012948;16;0;3.45;0.03;-0.46;32;0;0;0;0.00;0.00;0.00;0;1
GNAT L082CZ - 10;0;23.07.10 - 10h05s39;23.07.10 - 10h03s38;121;0;0;3D3B8F7A9F26C010;0;0;0;0;0;0;0;46;0;43.138962;3.012948;16;0;1.52;0.01;0.00;32;0;0;0;0.00;0.00;0.00;0;1
GNAT L082CZ - 10;0;23.07.10 - 10h07s36;23.07.10 - 10h05s39;117;0;0;3D3B8F7A9F26C010;0;0;0;0;0;0;0;47;0;43.138950;3.012913;16;0;3.22;0.03;1.11;31;0;0;0;0.00;0.00;0.00;0;1
GNAT L082CZ - 10;0;23.07.10 - 10h09s30;23.07.10 - 10h07s36;114;0;0;3D3B8F7A9F26C010;0;0;0;0;0;0;0;48;0;43.138954;3.012922;15;0;0.83;0.01;1.01;32;0;0;0;0.00;0.00;0.00;0;1
GNAT L082CZ - 10;0;23.07.10 - 10h11s34;23.07.10 - 10h09s30;124;0;0;3D3B8F7A9F26C010;0;0;0;0;0;0;0;49;0;43.138950;3.012928;15;0;0.60;0.00;-0.78;31;0;0;0;0.00;0.00;0.00;0;1
GNAT L082CZ - 10;0;23.07.10 - 10h13s36;23.07.10 - 10h11s34;122;0;0;3D3B8F7A9F26C010;0;0;0;0;0;0;0;50;0;43.138950;3.012941;15;0;1.07;0.01;-1.57;31;0;0;0;0.00;0.00;0.00;0;1
GNAT L082CZ - 10;0;23.07.10 - 10h15s51;23.07.10 - 10h13s36;135;0;0;3D3B8F7A9F26C010;0;0;0;0;0;0;0;51;0;43.138939;3.012896;15;0;3.83;0.03;1.21;31;0;0;0;0.00;0.00;0.00;0;1
GNAT L082CZ - 10;0;23.07.10 - 10h17s39;23.07.10 - 10h15s51;108;0;0;3D3B8F7A9F26C010;0;0;0;0;0;0;0;52;0;43.138935;3.012921;15;0;2.08;0.02;-1.35;32;0;0;0;0.00;0.00;0.00;0;1
GNAT L082CZ - 10;0;23.07.10 - 10h19s45;23.07.10 - 10h17s39;126;0;0;3D3B8F7A9F26C010;0;0;0;0;0;0;0;53;0;43.138935;3.012917;16;0;0.34;0.00;1.57;32;0;0;0;0.00;0.00;0.00;0;1
GNAT L082CZ - 10;0;23.07.10 - 10h21s42;23.07.10 - 10h19s45;117;0;0;3D3B8F7A9F26C010;0;0;0;0;0;0;0;54;0;43.138935;3.012960;16;0;3.48;0.03;-1.57;32;0;0;0;0.00;0.00;0.00;0;1
GNAT L082CZ - 10;0;23.07.10 - 10h23s37;23.07.10 - 10h21s42;115;0;0;3D3B8F7A9F26C010;0;0;0;0;0;0;0;55;0;43.138931;3.012960;16;0;0.38;0.00;0.00;32;0;0;0;0.00;0.00;0.00;0;1
GNAT L082CZ - 10;0;23.07.10 - 10h25s44;23.07.10 - 10h23s37;127;0;0;3D3B8F7A9F26C010;0;0;0;0;0;0;0;56;0;43.138927;3.012952;16;0;0.72;0.01;0.93;32;0;0;0;0.00;0.00;0.00;0;1
GNAT L082CZ - 10;0;23.07.10 - 10h27s44;23.07.10 - 10h25s44;120;0;0;3D3B8F7A9F26C010;0;0;0;0;0;0;0;57;0;43.138927;3.012947;16;0;0.42;0.00;1.57;32;0;0;0;0.00;0.00;0.00;0;1
GNAT L082CZ - 10;0;23.07.10 - 10h29s30;23.07.10 - 10h27s44;106;0;0;3D3B8F7A9F26C010;0;0;0;0;0;0;0;58;0;43.138924;3.012954;16;0;0.68;0.01;-0.89;32;0;0;0;0.00;0.00;0.00;0;1
GNAT L082CZ - 10;0;23.07.10 - 10h31s32;23.07.10 - 10h29s30;122;0;0;3D3B8F7A9F26C010;0;0;0;0;0;0;0;59;0;43.138927;3.012967;16;0;1.11;0.01;1.15;32;0;0;0;0.00;0.00;0.00;0;1
GNAT L082CZ - 10;0;23.07.10 - 10h33s33;23.07.10 - 10h31s32;121;0;0;3D3B8F7A9F26C010;0;0;0;0;0;0;0;60;0;43.138927;3.012965;16;0;0.13;0.00;1.57;32;0;0;0;0.00;0.00;0.00;0;1
GNAT L082CZ - 10;0;23.07.10 - 10h35s31;23.07.10 - 10h33s33;118;0;0;3D3B8F7A9F26C010;0;0;0;0;0;0;0;61;0;43.138927;3.012951;16;0;1.14;0.01;1.57;32;0;0;0;0.00;0.00;0.00;0;1
GNAT L082CZ - 10;0;23.07.10 - 10h37s32;23.07.10 - 10h35s31;121;0;0;3D3B8F7A9F26C010;0;0;0;0;0;0;0;62;0;43.138924;3.012960;16;0;0.81;0.01;-0.99;32;0;0;0;0.00;0.00;0.00;0;1
GNAT L082CZ - 10;0;23.07.10 - 10h39s31;23.07.10 - 10h37s32;119;0;0;3D3B8F7A9F26C010;0;0;0;0;0;0;0;63;0;43.138927;3.012957;16;0;0.44;0.00;-0.46;32;0;0;0;0.00;0.00;0.00;0;1
GNAT L082CZ - 10;0;23.07.10 - 10h41s30;23.07.10 - 10h39s31;119;0;0;3D3B8F7A9F26C010;0;0;0;0;0;0;0;64;0;43.138752;3.012834;16;0;22.12;0.19;0.44;32;0;0;0;0.00;0.00;0.00;0;1