GNAT L082CZ - 03;0;23.07.10 - 09h33s36;23.07.10 - 09h31s27;129;0;0;3D3B8F7A9F26C003;0;0;0;0;0;0;0;22;0;43.138821;3.013963;23;0;26.46;0.21;-1.01;34;0;0;0;0.00;0.00;0.00;0;1
GNAT L082CZ - 03;0;23.07.10 - 09h35s30;23.07.10 - 09h33s36;114;0;0;3D3B8F7A9F26C003;0;0;0;0;0;0;0;23;0;43.138733;3.014016;23;0;10.43;0.09;-0.38;34;0;0;0;0.00;0.00;0.00;0;1
GNAT L082CZ - 03;0;23.07.10 - 09h37s29;23.07.10 - 09h35s30;119;0;0;3D3B8F7A9F26C003;0;0;0;0;0;0;0;24;0;43.138687;3.014057;22;0;6.27;0.05;-0.54;33;0;0;0;0.00;0.00;0.00;0;1
GNAT L082CZ - 03;0;23.07.10 - 09h39s30;23.07.10 - 09h37s29;121;0;0;3D3B8F7A9F26C003;0;0;0;0;0;0;0;25;0;43.138634;3.014156;22;0;9.83;0.08;-0.89;32;0;0;0;0.00;0.00;0.00;0;1
GNAT L082CZ - 03;0;23.07.10 - 09h41s29;23.07.10 - 09h39s30;119;0;0;3D3B8F7A9F26C003;0;0;0;0;0;0;0;26;0;43.138577;3.014262;22;0;10.74;0.09;-0.89;32;0;0;0;0.00;0.00;0.00;0;1
GNAT L082CZ - 03;0;23.07.10 - 09h43s31;23.07.10 - 09h41s29;122;0;0;3D3B8F7A9F26C003;0;0;0;0;0;0;0;27;0;43.138527;3.014347;22;0;8.97;0.07;-0.85;31;0;0;0;0.00;0.00;0.00;0;1
GNAT L082CZ - 03;0;23.07.10 - 09h45s30;23.07.10 - 09h43s31;119;0;0;3D3B8F7A9F26C003;0;0;0;0;0;0;0;28;0;43.138470;3.014422;22;0;8.59;0.07;-0.72;31;0;0;0;0.00;0.00;0.00;0;1
GNAT L082CZ - 03;0;23.07.10 - 09h47s29;23.07.10 - 09h45s30;119;0;0;3D3B8F7A9F26C003;0;0;0;0;0;0;0;29;0;43.138416;3.014516;22;0;9.75;0.08;-0.86;31;0;0;0;0.00;0.00;0.00;0;1
GNAT L082CZ - 03;0;23.07.10 - 09h49s28;23.07.10 - 09h47s29;119;0;0;3D3B8F7A9F26C003;0;0;0;0;0;0;0;30;0;43.138359;3.014586;19;0;8.60;0.07;-0.68;31;0;0;0;0.00;0.00;0.00;0;1
GNAT L082CZ - 03;0;23.07.10 - 09h51s28;23.07.10 - 09h49s28;120;0;0;3D3B8F7A9F26C003;0;0;0;0;0;0;0;31;0;43.138306;3.014628;19;0;6.64;0.06;-0.48;30;0;0;0;0.00;0.00;0.00;0;1
GNAT L082CZ - 03;0;23.07.10 - 09h53s28;23.07.10 - 09h51s28;120;0;0;3D3B8F7A9F26C003;0;0;0;0;0;0;0;32;0;43.138233;3.014717;19;0;11.04;0.09;-0.68;30;0;0;0;0.00;0.00;0.00;0;1
GNAT L082CZ - 03;0;23.07.10 - 09h55s30;23.07.10 - 09h53s28;122;0;0;3D3B8F7A9F26C003;0;0;0;0;0;0;0;33;0;43.138157;3.014783;19;0;9.93;0.08;-0.52;30;0;0;0;0.00;0.00;0.00;0;1
GNAT L082CZ - 03;0;23.07.10 - 09h57s31;23.07.10 - 09h55s30;121;0;0;3D3B8F7A9F26C003;0;0;0;0;0;0;0;34;0;43.138103;3.014918;21;0;12.52;0.10;-1.03;30;0;0;0;0.00;0.00;0.00;0;1
GNAT L082CZ - 03;0;23.07.10 - 09h59s30;23.07.10 - 09h57s31;119;0;0;3D3B8F7A9F26C003;0;0;0;0;0;0;0;35;0;43.138023;3.015019;22;0;11.98;0.10;-0.70;30;0;0;0;0.00;0.00;0.00;0;1
GNAT L082CZ - 03;0;23.07.10 - 10h01s29;23.07.10 - 09h59s30;119;0;0;3D3B8F7A9F26C003;0;0;0;0;0;0;0;36;0;43.137955;3.015104;22;0;10.27;0.09;-0.69;30;0;0;0;0.00;0.00;0.00;0;1
GNAT L082CZ - 03;0;23.07.10 - 10h03s32;23.07.10 - 10h01s29;123;0;0;3D3B8F7A9F26C003;0;0;0;0;0;0;0;37;0;43.137951;3.015269;20;0;13.37;0.11;-1.54;30;0;0;0;0.00;0.00;0.00;0;1
GNAT L082CZ - 03;0;23.07.10 - 10h05s32;23.07.10 - 10h03s32;120;0;0;3D3B8F7A9F26C003;0;0;0;0;0;0;0;38;0;43.137852;3.015390;21;0;14.76;0.12;-0.68;30;0;0;0;0.00;0.00;0.00;0;1
GNAT L082CZ - 03;0;23.07.10 - 10h07s31;23.07.10 - 10h05s32;119;0;0;3D3B8F7A9F26C003;0;0;0;0;0;0;0;39;0;43.137711;3.015469;22;0;17.19;0.14;-0.36;30;0;0;0;0.00;0.00;0.00;0;1
GNAT L082CZ - 03;0;23.07.10 - 10h09s31;23.07.10 - 10h07s31;120;0;0;3D3B8F7A9F26C003;0;0;0;0;0;0;0;40;0;43.137577;3.015556;20;0;16.41;0.14;-0.41;30;0;0;0;0.00;0.00;0.00;0;1
GNAT L082CZ - 03;0;23.07.10 - 10h11s31;23.07.10 - 10h09s31;120;0;0;3D3B8F7A9F26C003;0;0;0;0;0;0;0;41;0;43.137447;3.015630;20;0;15.63;0.13;-0.36;30;0;0;0;0.00;0.00;0.00;0;1
GNAT L082CZ - 03;0;23.07.10 - 10h13s31;23.07.10 - 10h11s31;120;0;0;3D3B8F7A9F26C003;0;0;0;0;0;0;0;42;0;43.137299;3.015741;20;0;18.65;0.16;-0.46;30;0;0;0;0.00;0.00;0.00;0;1
GNAT L082CZ - 03;0;23.07.10 - 10h15s31;23.07.10 - 10h13s31;120;0;0;3D3B8F7A9F26C003;0;0;0;0;0;0;0;43;0;43.137169;3.015804;20;0;15.31;0.13;-0.31;30;0;0;0;0.00;0.00;0.00;0;1
GNAT L082CZ - 03;0;23.07.10 - 10h17s30;23.07.10 - 10h15s31;119;0;0;3D3B8F7A9F26C003;0;0;0;0;0;0;0;44;0;43.137047;3.015869;20;0;14.66;0.12;-0.34;30;0;0;0;0.00;0.00;0.00;0;1
GNAT L082CZ - 03;0;23.07.10 - 10h19s31;23.07.10 - 10h17s30;121;0;0;3D3B8F7A9F26C003;0;0;0;0;0;0;0;45;0;43.136990;3.015945;21;0;8.93;0.07;-0.72;30;0;0;0;0.00;0.00;0.00;0;1
GNAT L082CZ - 03;0;23.07.10 - 10h21s32;23.07.10 - 10h19s31;121;0;0;3D3B8F7A9F26C003;0;0;0;0;0;0;0;46;0;43.136959;3.016009;21;0;6.23;0.05;-0.95;30;0;0;0;0.00;0.00;0.00;0;1
GNAT L082CZ - 03;0;23.07.10 - 10h23s28;23.07.10 - 10h21s32;116;0;0;3D3B8F7A9F26C003;0;0;0;0;0;0;0;47;0;43.136875;3.016018;21;0;9.14;0.08;-0.07;30;0;0;0;0.00;0.00;0.00;0;1
GNAT L082CZ - 03;0;23.07.10 - 10h25s31;23.07.10 - 10h23s28;123;0;0;3D3B8F7A9F26C003;0;0;0;0;0;0;0;48;0;43.136875;3.016030;21;0;0.97;0.01;-1.57;30;0;0;0;0.00;0.00;0.00;0;1
GNAT L082CZ - 03;0;23.07.10 - 10h27s29;23.07.10 - 10h25s31;118;0;0;3D3B8F7A9F26C003;0;0;0;0;0;0;0;49;0;43.136879;3.016037;21;0;0.70;0.01;0.89;30;0;0;0;0.00;0.00;0.00;0;1
GNAT L082CZ - 03;0;23.07.10 - 10h29s32;23.07.10 - 10h27s29;123;0;0;3D3B8F7A9F26C003;0;0;0;0;0;0;0;50;0;43.136875;3.016037;21;0;0.38;0.00;0.00;30;0;0;0;0.00;0.00;0.00;0;1
GNAT L082CZ - 03;0;23.07.10 - 10h31s32;23.07.10 - 10h29s32;120;0;0;3D3B8F7A9F26C003;0;0;0;0;0;0;0;51;0;43.136875;3.016040;22;0;0.27;0.00;-1.57;30;0;0;0;0.00;0.00;0.00;0;1
GNAT L082CZ - 03;0;23.07.10 - 10h33s32;23.07.10 - 10h31s32;120;0;0;3D3B8F7A9F26C003;0;0;0;0;0;0;0;52;0;43.136879;3.016043;21;0;0.45;0.00;0.46;30;0;0;0;0.00;0.00;0.00;0;1
GNAT L082CZ - 03;0;23.07.10 - 10h35s31;23.07.10 - 10h33s32;119;0;0;3D3B8F7A9F26C003;0;0;0;0;0;0;0;53;0;43.136883;3.016029;20;0;1.20;0.01;-1.18;30;0;0;0;0.00;0.00;0.00;0;1
GNAT L082CZ - 03;0;23.07.10 - 10h37s29;23.07.10 - 10h35s31;118;0;0;3D3B8F7A9F26C003;0;0;0;0;0;0;0;54;0;43.136871;3.016037;20;0;1.32;0.01;-0.44;31;0;0;0;0.00;0.00;0.00;0;1
GNAT L082CZ - 03;0;23.07.10 - 10h39s29;23.07.10 - 10h37s29;120;0;0;3D3B8F7A9F26C003;0;0;0;0;0;0;0;55;0;43.136883;3.016038;21;0;1.15;0.01;0.06;31;0;0;0;0.00;0.00;0.00;0;1
GNAT L082CZ - 03;0;23.07.10 - 10h41s31;23.07.10 - 10h39s29;122;0;0;3D3B8F7A9F26C003;0;0;0;0;0;0;0;56;0;43.136887;3.016039;20;0;0.38;0.00;0.16;30;0;0;0;0.00;0.00;0.00;0;1
GNAT L082CZ - 03;0;23.07.10 - 10h43s31;23.07.10 - 10h41s31;120;0;0;3D3B8F7A9F26C003;0;0;0;0;0;0;0;57;0;43.136875;3.016016;20;0;2.18;0.02;0.92;31;0;0;0;0.00;0.00;0.00;0;1
GNAT L082CZ - 03;0;23.07.10 - 10h45s30;23.07.10 - 10h43s31;119;0;0;3D3B8F7A9F26C003;0;0;0;0;0;0;0;58;0;43.136883;3.016038;20;0;1.93;0.02;1.09;31;0;0;0;0.00;0.00;0.00;0;1
GNAT L082CZ - 03;0;23.07.10 - 10h47s31;23.07.10 - 10h45s30;121;0;0;3D3B8F7A9F26C003;0;0;0;0;0;0;0;59;0;43.136879;3.016017;20;0;1.75;0.01;1.30;31;0;0;0;0.00;0.00;0.00;0;1
GNAT L082CZ - 03;0;23.07.10 - 10h49s31;23.07.10 - 10h47s31;120;0;0;3D3B8F7A9F26C003;0;0;0;0;0;0;0;60;0;43.136879;3.016043;20;0;2.11;0.02;-1.57;31;0;0;0;0.00;0.00;0.00;0;1
GNAT L082CZ - 03;0;23.07.10 - 10h51s28;23.07.10 - 10h49s31;117;0;0;3D3B8F7A9F26C003;0;0;0;0;0;0;0;61;0;43.136883;3.016033;20;0;0.90;0.01;-1.05;31;0;0;0;0.00;0.00;0.00;0;1
GNAT L082CZ - 03;0;23.07.10 - 10h53s36;23.07.10 - 10h51s28;128;0;0;3D3B8F7A9F26C003;0;0;0;0;0;0;0;62;0;43.136906;3.015950;21;0;7.26;0.06;-1.18;31;0;0;0;0.00;0.00;0.00;0;1
