GNAT L082CZ - 04;0;23.07.10 - 09h32s31;23.07.10 - 09h30s27;124;0;0;3D3B8F7A9F26C004;0;0;0;0;0;0;0;21;0;43.138893;3.013838;19;0;34.19;0.28;-1.17;32;0;0;0;0.00;0.00;0.00;0;1
GNAT L082CZ - 04;0;23.07.10 - 09h34s34;23.07.10 - 09h32s31;123;0;0;3D3B8F7A9F26C004;0;0;0;0;0;0;0;22;0;43.138821;3.013972;18;0;13.71;0.11;-0.89;32;0;0;0;0.00;0.00;0.00;0;1
GNAT L082CZ - 04;0;23.07.10 - 09h36s35;23.07.10 - 09h34s34;121;0;0;3D3B8F7A9F26C004;0;0;0;0;0;0;0;23;0;43.138817;3.014002;17;0;2.49;0.02;-1.38;32;0;0;0;0.00;0.00;0.00;0;1
GNAT L082CZ - 04;0;23.07.10 - 09h38s34;23.07.10 - 09h36s35;119;0;0;3D3B8F7A9F26C004;0;0;0;0;0;0;0;24;0;43.138817;3.014006;17;0;0.33;0.00;-1.57;31;0;0;0;0.00;0.00;0.00;0;1
GNAT L082CZ - 04;0;23.07.10 - 09h40s32;23.07.10 - 09h38s34;118;0;0;3D3B8F7A9F26C004;0;0;0;0;0;0;0;25;0;43.138847;3.013939;17;0;6.42;0.05;-0.97;31;0;0;0;0.00;0.00;0.00;0;1
GNAT L082CZ - 04;0;23.07.10 - 09h42s34;23.07.10 - 09h40s32;122;0;0;3D3B8F7A9F26C004;0;0;0;0;0;0;0;26;0;43.138775;3.013995;17;0;9.18;0.08;-0.47;30;0;0;0;0.00;0.00;0.00;0;1
GNAT L082CZ - 04;0;23.07.10 - 09h44s35;23.07.10 - 09h42s34;121;0;0;3D3B8F7A9F26C004;0;0;0;0;0;0;0;27;0;43.138729;3.014009;17;0;5.07;0.04;-0.20;30;0;0;0;0.00;0.00;0.00;0;1
GNAT L082CZ - 04;0;23.07.10 - 09h46s32;23.07.10 - 09h44s35;117;0;0;3D3B8F7A9F26C004;0;0;0;0;0;0;0;28;0;43.138683;3.013978;17;0;5.88;0.05;0.42;30;0;0;0;0.00;0.00;0.00;0;1
GNAT L082CZ - 04;0;23.07.10 - 09h48s32;23.07.10 - 09h46s32;120;0;0;3D3B8F7A9F26C004;0;0;0;0;0;0;0;29;0;43.138641;3.013960;16;0;4.78;0.04;0.28;29;0;0;0;0.00;0.00;0.00;0;1
GNAT L082CZ - 04;0;23.07.10 - 09h50s30;23.07.10 - 09h48s32;118;0;0;3D3B8F7A9F26C004;0;0;0;0;0;0;0;30;0;43.138577;3.013914;16;0;8.12;0.07;0.44;29;0;0;0;0.00;0.00;0.00;0;1
GNAT L082CZ - 04;0;23.07.10 - 09h52s32;23.07.10 - 09h50s30;122;0;0;3D3B8F7A9F26C004;0;0;0;0;0;0;0;31;0;43.138584;3.013896;16;0;1.66;0.01;-1.01;29;0;0;0;0.00;0.00;0.00;0;1
GNAT L082CZ - 04;0;23.07.10 - 09h54s33;23.07.10 - 09h52s32;121;0;0;3D3B8F7A9F26C004;0;0;0;0;0;0;0;32;0;43.138561;3.013881;16;0;2.93;0.02;0.41;29;0;0;0;0.00;0.00;0.00;0;1
GNAT L082CZ - 04;0;23.07.10 - 09h56s31;23.07.10 - 09h54s33;118;0;0;3D3B8F7A9F26C004;0;0;0;0;0;0;0;33;0;43.138577;3.013867;17;0;2.21;0.02;-0.55;29;0;0;0;0.00;0.00;0.00;0;1
GNAT L082CZ - 04;0;23.07.10 - 09h58s29;23.07.10 - 09h56s31;118;0;0;3D3B8F7A9F26C004;0;0;0;0;0;0;0;34;0;43.138573;3.013884;17;0;1.43;0.01;-1.24;29;0;0;0;0.00;0.00;0.00;0;1
GNAT L082CZ - 04;0;23.07.10 - 10h00s36;23.07.10 - 09h58s29;127;0;0;3D3B8F7A9F26C004;0;0;0;0;0;0;0;35;0;43.138542;3.013872;18;0;3.55;0.03;0.25;29;0;0;0;0.00;0.00;0.00;0;1
GNAT L082CZ - 04;0;23.07.10 - 10h02s31;23.07.10 - 10h00s36;115;0;0;3D3B8F7A9F26C004;0;0;0;0;0;0;0;36;0;43.138557;3.013873;18;0;1.52;0.01;0.04;29;0;0;0;0.00;0.00;0.00;0;1
GNAT L082CZ - 04;0;23.07.10 - 10h04s32;23.07.10 - 10h02s31;121;0;0;3D3B8F7A9F26C004;0;0;0;0;0;0;0;37;0;43.138592;3.013883;18;0;3.88;0.03;0.19;29;0;0;0;0.00;0.00;0.00;0;1
GNAT L082CZ - 04;0;23.07.10 - 10h06s35;23.07.10 - 10h04s32;123;0;0;3D3B8F7A9F26C004;0;0;0;0;0;0;0;38;0;43.138603;3.013901;18;0;2.11;0.02;0.81;29;0;0;0;0.00;0.00;0.00;0;1
GNAT L082CZ - 04;0;23.07.10 - 10h08s37;23.07.10 - 10h06s35;122;0;0;3D3B8F7A9F26C004;0;0;0;0;0;0;0;39;0;43.138592;3.013910;17;0;1.68;0.01;-0.47;29;0;0;0;0.00;0.00;0.00;0;1
GNAT L082CZ - 04;0;23.07.10 - 10h10s31;23.07.10 - 10h08s37;114;0;0;3D3B8F7A9F26C004;0;0;0;0;0;0;0;40;0;43.138603;3.013894;17;0;1.99;0.02;-0.75;29;0;0;0;0.00;0.00;0.00;0;1
GNAT L082CZ - 04;0;23.07.10 - 10h12s32;23.07.10 - 10h10s31;121;0;0;3D3B8F7A9F26C004;0;0;0;0;0;0;0;41;0;43.138599;3.013909;17;0;1.28;0.01;-1.21;29;0;0;0;0.00;0.00;0.00;0;1
GNAT L082CZ - 04;0;23.07.10 - 10h14s33;23.07.10 - 10h12s32;121;0;0;3D3B8F7A9F26C004;0;0;0;0;0;0;0;42;0;43.138596;3.013903;17;0;0.90;0.01;0.80;29;0;0;0;0.00;0.00;0.00;0;1
GNAT L082CZ - 04;0;23.07.10 - 10h16s33;23.07.10 - 10h14s33;120;0;0;3D3B8F7A9F26C004;0;0;0;0;0;0;0;43;0;43.138584;3.013900;18;0;1.17;0.01;0.18;29;0;0;0;0.00;0.00;0.00;0;1
GNAT L082CZ - 04;0;23.07.10 - 10h18s37;23.07.10 - 10h16s33;124;0;0;3D3B8F7A9F26C004;0;0;0;0;0;0;0;44;0;43.138596;3.013886;18;0;1.61;0.01;-0.69;29;0;0;0;0.00;0.00;0.00;0;1
GNAT L082CZ - 04;0;23.07.10 - 10h20s38;23.07.10 - 10h18s37;121;0;0;3D3B8F7A9F26C004;0;0;0;0;0;0;0;45;0;43.138580;3.013881;18;0;1.57;0.01;0.20;29;0;0;0;0.00;0.00;0.00;0;1
GNAT L082CZ - 04;0;23.07.10 - 10h22s34;23.07.10 - 10h20s38;116;0;0;3D3B8F7A9F26C004;0;0;0;0;0;0;0;46;0;43.138481;3.013518;18;0;31.45;0.27;1.18;29;0;0;0;0.00;0.00;0.00;0;1