GNAT L082CZ - 05;3.93;23.06.06 - 09h20;23.06.06 - 09h18;936076.45;1686036036703000000;29.5;3D3B8F7A9F26C005;1;-109;-19;-128.05;12;866.7;2;0;012700c1ff54ffd0025a012202920954002db2d11115;43.125076;2.994897;17;21;88932.94;0.1;220.95;29;-0.172;-0.048;0.602;-0.28;-1;3.52
GNAT L082CZ - 05;3.92;23.06.06 - 09h29;23.06.06 - 09h29;542.32;1686036579025000000;31.2;3D3B8F7A9F26C005;3;-115;-10;-125.41;12;865.3;1;6;013800c0fe5aff3c025301400291fdc8002dc1361317;43.12212;2.998582;19;23;444.39;0.82;140.91;32;-0.422;-0.196;0.595;-1.14;-2.47;3.48
GNAT L082CZ - 05;3.92;23.06.06 - 09h32;23.06.06 - 09h31;143.12;1686036722144000000;32.5;3D3B8F7A9F26C005;2;-114;-11;-125.33;12;868.5;1;7;014500c0fe41ffba023f01400291eeb4002dc66a1217;43.11826;2.999914;18;23;442.62;3.09;167.37;32;-0.447;-0.07;0.575;-0.41;-2.61;3.36
GNAT L082CZ - 05;3.92;23.06.06 - 09h32;23.06.06 - 09h32;51.55;1686036773691000000;31.7;3D3B8F7A9F26C005;1;-116;-21;-137.03;12;865.3;1;8;013d00c0fe4cffd5030101400291bcac002dc2841018;43.105452;2.998916;16;24;1426.49;27.67;182.85;32;-0.436;-0.043;0.769;-0.25;-2.55;4.5
GNAT L082CZ - 05;3.93;23.06.06 - 09h35;23.06.06 - 09h34;146.96;1686036920652000000;32.5;3D3B8F7A9F26C005;2;-115;-11;-126.33;12;868.5;2;9;014500c1fe8600000161014a0291aca0002dc07c1118;43.101344;2.998396;17;24;458.74;3.12;184.61;33;-0.378;0;0.353;0;-2.21;2.06
GNAT L082CZ - 05;3.92;23.06.06 - 09h38;23.06.06 - 09h38;181.11;1686037101761000000;32.5;3D3B8F7A9F26C005;1;-108;-16;-124.11;12;868.1;1;11;014500c0fe93ffb0fe7e014a02917d5c002db88c1117;43.089244;2.996364;17;23;1355.54;7.48;186.01;33;-0.365;-0.08;-0.386;-0.47;-2.13;-2.26
GNAT L082CZ - 05;3.92;23.06.06 - 09h39;23.06.06 - 09h38;49.94;1686037151704000000;33;3D3B8F7A9F26C005;4;-113;-5;-119.19;12;867.9;2;12;014a00c0fec40016033e014a02914b2c002daa881218;43.076396;2.992776;18;24;1458.05;29.2;189.77;33;-0.316;0.022;0.83;0.13;-1.85;4.85
GNAT L082CZ - 05;3.92;23.06.06 - 09h41;23.06.06 - 09h40;131.16;1686037282869000000;33;3D3B8F7A9F26C005;1;-114;-19;-133.05;12;868.1;2;13;014a00c0ff1cfe70053f014a02913e8c002da7411216;43.073164;2.991937;18;22;365.79;2.79;189.06;33;-0.228;-0.4;1.343;-2.34;-1.33;7.87
GNAT L082CZ - 05;3.92;23.06.06 - 09h42;23.06.06 - 09h41;57.84;1686037340714000000;33;3D3B8F7A9F26C005;3;-113;-9;-122.51;12;867.3;2;14;014a00c0feb5ff3d02a8014a02911b30002dbc591316;43.064112;2.997337;19;22;1097.97;18.98;160.1;33;-0.331;-0.195;0.68;-1.14;-1.93;3.97
GNAT L082CZ - 05;3.92;23.06.06 - 09h44;23.06.06 - 09h43;123.26;1686037463977000000;33.4;3D3B8F7A9F26C005;2;-112;-12;-124.27;12;868.3;2;15;014e00c0fe94ff43025b014a0291147c002dc883120b;43.062396;3.000451;18;11;316.87;2.57;132.33;33;-0.364;-0.189;0.603;-1.1;-2.13;3.52
GNAT L082CZ - 05;3.92;23.06.06 - 09h45;23.06.06 - 09h44;57.85;1686037521822000000;33.4;3D3B8F7A9F26C005;2;-114;-12;-126.27;12;867.3;1;16;014e00c0fe8dff470270014a029110e0002dce921217;43.061472;3.002002;18;23;162.58;2.81;134.57;33;-0.371;-0.185;0.624;-1.08;-2.17;3.65
GNAT L082CZ - 05;3.92;23.06.06 - 09h47;23.06.06 - 09h45;122.26;1686037644085000000;33.4;3D3B8F7A9F26C005;2;-113;-13;-126.21;12;868.5;1;17;014e00c0fe9aff6002620154029110ac002dcedb1216;43.06142;3.002075;18;22;8.28;0.07;139.65;34;-0.358;-0.16;0.61;-0.93;-2.09;3.57
GNAT L082CZ - 05;3.92;23.06.06 - 09h48;23.06.06 - 09h47;58.85;1686037702931000000;33.4;3D3B8F7A9F26C005;4;-113;-6;-119.97;12;866.7;1;18;014e00c0feb1ff660265015402911050002dcec11218;43.061328;3.002049;18;24;10.45;0.18;189.7;34;-0.335;-0.154;0.613;-0.9;-1.96;3.58
GNAT L082CZ - 05;3.92;23.06.06 - 09h51;23.06.06 - 09h51;180.11;1686037883039000000;33.4;3D3B8F7A9F26C005;2;-113;-11;-124.33;12;867.1;2;20;014e00c0fec700980272015402910ee4002dcf40130c;43.060964;3.002176;19;12;41.77;0.23;168.09;34;-0.313;0.152;0.626;0.89;-1.83;3.66
GNAT L082CZ - 05;3.92;23.06.06 - 09h53;23.06.06 - 09h53;123.26;1686038006300000000;33;3D3B8F7A9F26C005;2;-113;-12;-125.27;12;868.1;2;21;014a00c0fe8600890216015402910ec4002dcf531218;43.060932;3.002195;18;24;3.88;0.03;160.25;34;-0.378;0.137;0.534;0.8;-2.21;3.12
GNAT L082CZ - 05;3.92;23.06.06 - 09h54;23.06.06 - 09h54;69.13;1686038075431000000;32.5;3D3B8F7A9F26C005;2;-113;-13;-126.21;12;865.5;2;22;014500c0fe8f00cf023b014a02910e88002dcf62121c;43.060872;3.00221;18;28;6.78;0.1;171.4;33;-0.369;0.207;0.571;1.21;-2.16;3.34
GNAT L082CZ - 05;3.92;23.06.06 - 09h56;23.06.06 - 09h55;111.98;1686038187408000000;32.5;3D3B8F7A9F26C005;3;-114;-10;-124.41;12;868.5;2;23;014500c0fe8300350271014a02910e74002dcf541217;43.060852;3.002196;18;23;2.5;0.02;202.94;33;-0.381;0.053;0.625;0.31;-2.23;3.65
GNAT L082CZ - 05;3.92;23.06.06 - 09h57;23.06.06 - 09h57;70.13;1686038257539000000;32.1;3D3B8F7A9F26C005;3;-113;-10;-123.41;12;866.7;2;24;014100c0fead00be0273014a02910e38002dceff1216;43.060792;3.002111;18;22;9.6;0.14;220.58;33;-0.339;0.19;0.627;1.11;-1.98;3.66
GNAT L082CZ - 05;3.92;23.06.06 - 09h59;23.06.06 - 09h58;111.98;1686038369517000000;32.1;3D3B8F7A9F26C005;2;-113;-11;-124.33;12;868.1;2;25;014100c0fea8007a025e014a02910e4c002dcf471218;43.060812;3.002183;18;24;6.26;0.06;65.33;33;-0.344;0.122;0.606;0.71;-2.01;3.54
GNAT L082CZ - 05;3.92;23.06.06 - 10h00;23.06.06 - 10h00;69.13;1686038438646000000;31.7;3D3B8F7A9F26C005;3;-114;-10;-124.41;12;867.9;2;26;013d00c0feb500100270014002910e14002dcf301215;43.060756;3.00216;18;21;6.5;0.09;193.95;32;-0.331;0.016;0.624;0.09;-1.93;3.65
GNAT L082CZ - 05;3.92;23.06.06 - 10h02;23.06.06 - 10h01;111.98;1686038550624000000;31.7;3D3B8F7A9F26C005;2;-114;-11;-125.33;12;868.3;2;27;013d00c0fed80069025e014002910e2c002dcf211218;43.06078;3.002145;18;24;2.93;0.03;339.3;32;-0.296;0.105;0.606;0.61;-1.73;3.54
GNAT L082CZ - 05;3.92;23.06.06 - 10h03;23.06.06 - 10h03;69.13;1686038619754000000;32.1;3D3B8F7A9F26C005;3;-113;-10;-123.41;12;867.9;1;28;014100c0feab006b0273014002910e20002dcef31215;43.060768;3.002099;18;21;3.97;0.06;246.66;32;-0.341;0.107;0.627;0.62;-1.99;3.66
GNAT L082CZ - 05;3.92;23.06.06 - 10h05;23.06.06 - 10h04;111.98;1686038731731000000;31.7;3D3B8F7A9F26C005;2;-112;-15;-127.14;12;868.3;2;29;013d00c0fec10058023a014002910e18002dced41315;43.06076;3.002068;19;21;2.67;0.02;246.88;32;-0.319;0.088;0.57;0.51;-1.86;3.33
GNAT L082CZ - 05;3.93;23.06.06 - 10h06;23.06.06 - 10h06;69.13;1686038800862000000;32.1;3D3B8F7A9F26C005;2;-114;-14;-128.17;12;867.1;2;30;014100c1fee200750233014002910e04002dce7b1317;43.06074;3.001979;19;23;7.56;0.11;249.61;32;-0.286;0.117;0.563;0.68;-1.67;3.29
GNAT L082CZ - 05;3.91;23.06.06 - 10h08;23.06.06 - 10h07;111.98;1686038912839000000;32.5;3D3B8F7A9F26C005;1;-106;-24;-130.02;12;868.5;1;31;014500bffea8005c0252014a02910e00002dce521418;43.060736;3.001938;20;24;3.36;0.03;260.83;33;-0.344;0.092;0.594;0.54;-2.01;3.47
GNAT L082CZ - 05;3.93;23.06.06 - 10h09;23.06.06 - 10h09;69.13;1686038981969000000;33;3D3B8F7A9F26C005;1;-115;-17;-132.09;12;867.9;1;32;014a00c1fec701060277014a02910de0002dcdbe1415;43.060704;3.00179;20;21;12.54;0.18;250.32;33;-0.313;0.262;0.631;1.53;-1.83;3.69
GNAT L082CZ - 05;3.92;23.06.06 - 10h11;23.06.06 - 10h10;111.98;1686039093947000000;33;3D3B8F7A9F26C005;2;-108;-15;-123.14;12;868.3;2;33;014a00c0fe4e0081029b015402910ddc002dcd641418;43.0607;3.0017;20;24;7.33;0.07;265.79;34;-0.434;0.129;0.667;0.75;-2.54;3.9
GNAT L082CZ - 05;3.92;23.06.06 - 10h12;23.06.06 - 10h12;68.13;1686039162077000000;33;3D3B8F7A9F26C005;2;-114;-12;-126.27;12;865.1;2;34;014a00c0fecb0036023f015402910f6c002dcbb71417;43.0611;3.001271;20;23;56.51;0.83;327.02;34;-0.309;0.054;0.575;0.32;-1.81;3.36
GNAT L082CZ - 05;3.92;23.06.06 - 10h14;23.06.06 - 10h14;111.98;1686039274056000000;33;3D3B8F7A9F26C005;2;-113;-15;-128.14;12;868.3;2;35;014a00c0feceff61025f014a029112f0002dc76c1417;43.062;3.000172;20;23;134.11;1.2;323.51;33;-0.306;-0.159;0.607;-0.93;-1.79;3.55
GNAT L082CZ - 05;3.93;23.06.06 - 10h15;23.06.06 - 10h15;69.13;1686039343184000000;32.1;3D3B8F7A9F26C005;4;-112;-4;-117.46;12;865.9;2;36;014100c1feb9ffff02d2014a02912618002daac41418;43.066904;2.992836;20;24;807.79;11.69;317.57;33;-0.327;-0.001;0.722;-0.01;-1.91;4.22
GNAT L082CZ - 05;3.92;23.06.06 - 10h17;23.06.06 - 10h16;112.53;1686039455713000000;31.7;3D3B8F7A9F26C005;2;-112;-12;-124.27;12;868.1;1;37;013d00c0fecf0000032e014a0291349c002da4291416;43.07062;2.991145;20;22;435.43;3.87;344.42;33;-0.305;0;0.814;0;-1.78;4.76
GNAT L082CZ - 05;3.93;23.06.06 - 10h21;23.06.06 - 10h17;249.69;1686039705399000000;33;3D3B8F7A9F26C005;1;-115;-22;-137.03;12;865.1;1;40;014a00c1fe49ff8bfeaa015402915c64002dd28e1414;43.080804;3.003022;20;20;1487.6;5.96;35.98;34;-0.439;-0.117;-0.342;-0.68;-2.56;-2
GNAT L082CZ - 05;3.92;23.06.06 - 10h24;23.06.06 - 10h22;182.11;1686039887507000000;32.5;3D3B8F7A9F26C005;1;-114;-20;-134.04;12;867.1;1;42;014500c0ff6b0271fede015402918280002e08951417;43.09056;3.016853;20;23;1561.54;8.57;41.82;34;-0.149;0.625;-0.29;3.65;-0.87;-1.69
GNAT L082CZ - 05;3.92;23.06.06 - 10h27;23.06.06 - 10h24;181.11;1686040068614000000;31.2;3D3B8F7A9F26C005;1;-114;-19;-133.05;12;865.3;1;44;013800c002e8fce2003a01400291a82c002e23861317;43.100204;3.02375;19;23;1209.78;6.68;24.47;32;0.744;-0.798;0.058;-4.67;4.35;0.34
GNAT L082CZ - 05;3.92;23.06.06 - 10h30;23.06.06 - 10h27;181.11;1686040249722000000;30;3D3B8F7A9F26C005;1;-114;-16;-130.11;12;867.9;2;46;012c00c0fd5904cdfcae012c0291a7a8002e1fc11318;43.100072;3.022785;19;24;79.71;0.44;257.83;30;-0.679;1.229;-0.85;7.2;-3.97;-4.97
GNAT L082CZ - 05;3.93;23.06.06 - 10h32;23.06.06 - 10h32;111.98;1686040361703000000;30.4;3D3B8F7A9F26C005;1;-114;-16;-130.11;12;868.5;2;47;013000c1ff0f000e029001360291a7f4002e1e291314;43.100148;3.022377;19;20;34.19;0.31;286.33;31;-0.241;0.014;0.656;0.08;-1.41;3.83
GNAT L082CZ - 05;3.93;23.06.06 - 10h35;23.06.06 - 10h35;181.11;1686040542811000000;31.7;3D3B8F7A9F26C005;1;-114;-20;-134.04;12;868.3;1;49;013d00c1febf0020027f01400291a818002e1b9f1417;43.100184;3.021727;20;23;52.93;0.29;274.97;32;-0.321;0.032;0.639;0.19;-1.88;3.73
GNAT L082CZ - 05;3.93;23.06.06 - 10h36;23.06.06 - 10h36;69.13;1686040611938000000;31.7;3D3B8F7A9F26C005;1;-114;-17;-131.09;12;867.9;1;50;013d00c1fed3ffe5026701400291a820002e18b81317;43.100192;3.020984;19;23;60.33;0.87;270.95;32;-0.301;-0.027;0.615;-0.16;-1.76;3.59
GNAT L082CZ - 05;3.92;23.06.06 - 10h38;23.06.06 - 10h38;111.98;1686040723920000000;32.5;3D3B8F7A9F26C005;1;-113;-19;-132.05;12;868.1;1;51;014500c0ff33ffd00261014a0291a83c002e160d1318;43.10022;3.020301;19;24;55.54;0.5;273.68;33;-0.205;-0.048;0.609;-0.28;-1.2;3.56
GNAT L082CZ - 05;3.93;23.06.06 - 10h39;23.06.06 - 10h39;68.13;1686040792046000000;33;3D3B8F7A9F26C005;1;-115;-17;-132.09;12;867.7;2;52;014a00c1fe9a004a0240014a0291a8b8002e13101415;43.100344;3.019536;20;21;63.62;0.93;284.29;33;-0.358;0.074;0.576;0.43;-2.09;3.37
GNAT L082CZ - 05;3.92;23.06.06 - 10h41;23.06.06 - 10h41;112.53;1686040904576000000;33;3D3B8F7A9F26C005;2;-116;-14;-130.17;12;868.5;2;53;014a00c0fdfc0005029b014a0291a8e8002e11cf1418;43.100392;3.019215;20;24;26.6;0.24;283.23;33;-0.516;0.005;0.667;0.03;-3.02;3.9
GNAT L082CZ - 05;3.93;23.06.06 - 10h42;23.06.06 - 10h42;68.58;1686040973153000000;33;3D3B8F7A9F26C005;1;-116;-19;-135.05;12;867.1;2;54;014a00c1fe470044024b014a0291a8dc002e109e1417;43.10038;3.01891;20;23;24.8;0.36;266.45;33;-0.441;0.068;0.587;0.4;-2.58;3.43
GNAT L082CZ - 05;3.93;23.06.06 - 10h45;23.06.06 - 10h45;181.66;1686041154809000000;33.8;3D3B8F7A9F26C005;1;-116;-17;-133.09;12;865.3;1;56;015200c1fe9effea025d01540291a8a8002e0bf21315;43.100328;3.017714;19;21;97.28;0.54;266.06;34;-0.354;-0.022;0.605;-0.13;-2.07;3.54
GNAT L082CZ - 05;3.92;23.06.06 - 10h48;23.06.06 - 10h47;181.11;1686041335916000000;34.3;3D3B8F7A9F26C005;1;-116;-19.75;-135.8;12;865.1;1;58;015700c0fe42fff20264015e0291a8e4002e07fd1416;43.100388;3.016701;20;22;82.52;0.46;275.3;35;-0.446;-0.014;0.612;-0.08;-2.61;3.58
GNAT L082CZ - 05;3.93;23.06.06 - 11h31;23.06.06 - 11h30;2535.96;1686043871874000000;33;3D3B8F7A9F26C005;1;-114;-21;-135.03;12;867.3;1;86;014a00c1fe92007b022d014a0291aa40002df9f01316;43.100736;3.013104;19;22;294.59;0.12;278.57;33;-0.366;0.123;0.557;0.72;-2.14;3.25
GNAT L082CZ - 05;3.92;23.06.06 - 11h49;23.06.06 - 11h48;1086.65;1686044958520000000;30.8;3D3B8F7A9F26C005;1;-115;-19;-134.05;12;867.7;1;98;013400c0ff01000802cf01360291f5dc002dc1941330;43.120092;2.998676;19;48;2450.32;2.25;334.06;31;-0.255;0.008;0.719;0.05;-1.49;4.2
GNAT L082CZ - 05;3.91;23.06.06 - 12h22;23.06.06 - 11h56;1992.79;1686046951314000000;30.8;3D3B8F7A9F26C005;3;-113;-8;-121.64;12;865.1;1;120;013400bffed5ffe802c801360292a300002d9f931218;43.164416;2.989971;18;24;4978.95;2.5;352.35;31;-0.299;-0.024;0.712;-0.14;-1.75;4.16
GNAT L082CZ - 05;3.92;23.06.06 - 12h24;23.06.06 - 12h23;111.38;1686047062690000000;30.8;3D3B8F7A9F26C005;3;-110;-7;-117.79;12;868.5;1;121;013400c0ff3f0046027801360292adcc002dd7821218;43.16718;3.00429;18;24;1201.3;10.79;74.56;31;-0.193;0.07;0.632;0.41;-1.13;3.69
GNAT L082CZ - 05;3.92;23.06.06 - 12h25;23.06.06 - 12h25;69.73;1686047132422000000;31.7;3D3B8F7A9F26C005;1;-106;-21;-127.03;12;865.9;1;122;013d00c0ff42ffbd021b01360292e83c002e80aa1218;43.18214;3.047594;18;24;3885.66;55.72;64.34;31;-0.19;-0.067;0.539;-0.39;-1.11;3.15