GNAT L082CZ - 03;3.91;23.06.06 - 10h01;23.06.06 - 10h00;939236.32;1686038468911000000;32.1;3D3B8F7A9F26C003;2;-114;-15;-129.14;12;866.7;2;4;014100bf003d001803ea01360291100c002dcb7d1117;43.06126;3.001213;17;23;93672.03;0.1;216.7;31;0.061;0.024;1.002;0.14;0.36;5.86
GNAT L082CZ - 03;3.91;23.06.06 - 10h04;23.06.06 - 10h03;180.11;1686038649018000000;32.1;3D3B8F7A9F26C003;1;-113;-19;-132.05;12;866.7;1;6;014100bfffdcffdf03d0014002911044002dca021118;43.061316;3.000834;17;24;31.41;0.17;283.72;32;-0.036;-0.033;0.976;-0.19;-0.21;5.71
GNAT L082CZ - 03;3.91;23.06.06 - 10h10;23.06.06 - 10h10;383.8;1686039032819000000;33.8;3D3B8F7A9F26C003;1;-114;-17;-131.09;12;867.1;1;10;015200bfffcb000c03cb014002910d80002dccd31117;43.060608;3.001555;17;23;98.13;0.26;148.39;32;-0.053;0.012;0.971;0.07;-0.31;5.68
GNAT L082CZ - 03;3.91;23.06.06 - 10h13;23.06.06 - 10h12;157.65;1686039190472000000;34.2;3D3B8F7A9F26C003;2;-111;-12;-123.27;12;868.1;2;11;015600bfffcb001a0439014a02910ed0002dcc921216;43.060944;3.00149;18;22;37.73;0.24;353.33;33;-0.053;0.026;1.081;0.15;-0.31;6.33
GNAT L082CZ - 03;3.91;23.06.06 - 10h13;23.06.06 - 10h13;23.45;1686039213926000000;34.2;3D3B8F7A9F26C003;2;-113;-14;-127.17;12;865.5;2;12;015600bf00c0ff7e03eb015402911248002dc8221117;43.061832;3.000354;17;23;135.16;5.76;322.23;34;0.192;-0.13;1.003;-0.76;1.12;5.87
GNAT L082CZ - 03;3.91;23.06.06 - 10h16;23.06.06 - 10h16;157.1;1686039371031000000;34.6;3D3B8F7A9F26C003;1;-107;-19;-126.05;12;868.3;1;13;015a00bf00ccff5e03ce0154029117b4002dbf771116;43.06322;2.998135;17;22;237.31;1.51;315.86;34;0.204;-0.162;0.974;-0.95;1.19;5.7
GNAT L082CZ - 03;3.91;23.06.06 - 10h32;23.06.06 - 10h31;956.01;1686040327039000000;31.2;3D3B8F7A9F26C003;1;-115;-21;-136.03;12;866.7;1;24;013800bf004601d0036b012c0291a824002e1d731316;43.100196;3.022195;19;22;4552.25;4.76;22.55;30;0.07;0.464;0.875;2.71;0.41;5.12
GNAT L082CZ - 03;3.91;23.06.06 - 10h41;23.06.06 - 10h40;543.88;1686040870916000000;32.1;3D3B8F7A9F26C003;1;-116;-20.75;-136.79;12;865.3;1;30;014100bfffd900ae03c101360291a8c4002e11731415;43.100356;3.019123;20;21;250.05;0.46;274.62;31;-0.039;0.174;0.961;1.02;-0.23;5.62
GNAT L082CZ - 03;3.91;23.06.06 - 10h47;23.06.06 - 10h46;362.66;1686041233577000000;33.4;3D3B8F7A9F26C003;1;-110;-22;-132.03;12;867.1;2;34;014e00bf000dfff703e201400291a8c8002e09a41516;43.10036;3.017124;21;22;162.3;0.45;270.14;32;0.013;-0.009;0.994;-0.05;0.08;5.82
GNAT L082CZ - 03;3.91;23.06.06 - 11h23;23.06.06 - 11h12;2180.7;1686043414280000000;32.1;3D3B8F7A9F26C003;1;-114;-20;-134.04;12;865.1;1;58;014100bffffe00b2036201360291aa08002dfd261515;43.10068;3.013926;21;21;262.07;0.12;278.87;31;-0.002;0.178;0.866;1.04;-0.01;5.06
GNAT L082CZ - 03;3.91;23.06.06 - 11h41;23.06.06 - 11h41;1087.64;1686044501924000000;32.5;3D3B8F7A9F26C003;1;-114;-17;-131.09;12;865.1;2;70;014500bfffb6012d04bd0140029181b0002ddf041617;43.090352;3.006212;22;23;1308.12;1.2;205.1;32;-0.074;0.301;1.213;1.76;-0.43;7.1
GNAT L082CZ - 03;3.91;23.06.06 - 12h22;23.06.06 - 12h22;2476.16;1686046978088000000;31.2;3D3B8F7A9F26C003;2;-118;-11.25;-129.56;12;868.1;1;97;013800bf00810025039b012c0292a364002d9e1c161b;43.164516;2.989596;22;27;8356.18;3.37;351.27;30;0.129;0.037;0.923;0.22;0.75;5.4