GNAT L082CZ - 04;3.95;23.06.06 - 09h06;23.06.06 - 09h05;935317.65;1686035180942000000;29.1;3D3B8F7A9F26C004;2;-115;-14;-129.17;12;867.3;3;0;012300c3fea6fff50413010e02920a3c002db24503e7;43.125308;2.994757;3;231;88994.42;0.1;220.96;27;-0.346;-0.011;1.043;-0.06;-2.02;6.1
GNAT L082CZ - 04;3.95;23.06.06 - 09h07;23.06.06 - 09h07;95.59;1686035276530000000;29.5;3D3B8F7A9F26C004;2;-112;-12;-124.27;12;868.3;2;1;012700c3fea5000004100104029203bc002db66b1179;43.123644;2.995819;17;121;204.12;2.14;157.36;26;-0.347;0;1.04;0;-2.03;6.09
GNAT L082CZ - 04;3.95;23.06.06 - 09h09;23.06.06 - 09h08;84.52;1686035361049000000;28.3;3D3B8F7A9F26C004;3;-114;-10;-124.41;12;866.1;5;2;011b00c3fe97ffff041301040292050c002db5720d53;43.12398;2.99557;13;83;42.48;0.5;334.15;26;-0.361;-0.001;1.043;-0.01;-2.11;6.1
GNAT L082CZ - 04;3.95;23.06.06 - 09h18;23.06.06 - 09h10;576.12;1686035937172000000;28.7;3D3B8F7A9F26C004;1;-115;-18;-133.07;12;867.1;1;8;011f00c3fe81ff3c041a010402920938002db300100a;43.125048;2.994944;16;10;129.17;0.22;339.01;26;-0.383;-0.196;1.05;-1.14;-2.24;6.14
GNAT L082CZ - 04;3.95;23.06.06 - 09h29;23.06.06 - 09h29;656.31;1686036593484000000;30.8;3D3B8F7A9F26C004;3;-114;-7;-121.79;12;868.3;1;15;013400c3fef4000103740122029204f4002dbb4f1116;43.123956;2.997071;17;22;211.05;0.32;128.17;29;-0.268;0.001;0.884;0.01;-1.57;5.17
GNAT L082CZ - 04;3.95;23.06.06 - 09h31;23.06.06 - 09h30;69.12;1686036662603000000;30.8;3D3B8F7A9F26C004;3;-115;-7;-122.79;12;865.3;1;16;013400c3fed500dc045001220291eca0002dc66b1214;43.117728;2.999915;18;20;729.98;10.56;163.5;29;-0.299;0.22;1.104;1.29;-1.75;6.46
GNAT L082CZ - 04;3.95;23.06.06 - 09h34;23.06.06 - 09h32;181.11;1686036843711000000;31.2;3D3B8F7A9F26C004;1;-114;-22;-136.03;12;867.5;1;18;013800c3ff0cff58043501220291ac6c002dbee71216;43.101292;2.997991;18;22;1834.26;10.13;184.26;29;-0.244;-0.168;1.077;-0.98;-1.43;6.3
GNAT L082CZ - 04;3.95;23.06.06 - 09h35;23.06.06 - 09h35;111.99;1686036955700000000;30.8;3D3B8F7A9F26C004;3;-115;-9;-124.51;12;868.5;2;19;013400c3ff2cff8e069c012202919cc0002dbbe81218;43.09728;2.997224;18;24;450.44;4.02;186.9;29;-0.212;-0.114;1.692;-0.67;-1.24;9.93
GNAT L082CZ - 04;3.95;23.06.06 - 09h37;23.06.06 - 09h36;69.12;1686037024820000000;31.2;3D3B8F7A9F26C004;3;-114;-9;-123.51;12;866.5;2;20;013800c3fe38023501d0012202917dc0002db6ee1218;43.089344;2.99595;18;24;888.49;12.85;185.75;29;-0.456;0.565;0.464;3.3;-2.66;2.71
GNAT L082CZ - 04;3.95;23.06.06 - 09h38;23.06.06 - 09h38;111.99;1686037136809000000;31.6;3D3B8F7A9F26C004;4;-112;-3;-116.76;12;868.3;2;21;013c00c3fec2fff00479012c02916358002db035110b;43.082584;2.994229;17;11;764.56;6.83;188.99;30;-0.318;-0.016;1.145;-0.09;-1.86;6.7
GNAT L082CZ - 04;3.95;23.06.06 - 09h40;23.06.06 - 09h40;69.12;1686037205927000000;31.2;3D3B8F7A9F26C004;3;-114;-8;-122.64;12;867.9;2;22;013800c3ff35ff91041f0122029145f0002da88b1214;43.075056;2.992267;18;20;852.11;12.33;189.12;29;-0.203;-0.111;1.055;-0.65;-1.19;6.17
GNAT L082CZ - 04;3.95;23.06.06 - 09h41;23.06.06 - 09h41;111.99;1686037317916000000;31.2;3D3B8F7A9F26C004;3;-113;-9;-122.51;12;868.1;1;23;013800c3ffaaff5b072401220291376c002da1f61216;43.07134;2.990582;18;22;435.28;3.89;195.53;29;-0.086;-0.165;1.828;-0.96;-0.5;10.74
GNAT L082CZ - 04;3.95;23.06.06 - 09h43;23.06.06 - 09h42;68.12;1686037386035000000;31.6;3D3B8F7A9F26C004;2;-113;-11;-124.33;12;866.7;2;24;013c00c3fe8d005f0385012c029115dc002dc3341218;43.062748;2.999092;18;24;1179.26;17.31;149.07;30;-0.371;0.095;0.901;0.55;-2.17;5.27
GNAT L082CZ - 04;3.95;23.06.06 - 09h44;23.06.06 - 09h44;111.99;1686037498024000000;31.6;3D3B8F7A9F26C004;2;-114;-15;-129.14;12;868.3;2;25;013c00c3ff0bffc60451012202911194002dcdf51315;43.061652;3.001845;19;21;254.7;2.27;123.38;29;-0.245;-0.058;1.105;-0.34;-1.43;6.47
GNAT L082CZ - 04;3.95;23.06.06 - 09h49;23.06.06 - 09h48;250.23;1686037748251000000;31.2;3D3B8F7A9F26C004;5;-111;0;-114.01;12;865.3;1;28;013800c3fef7ffd90415012c0291093c002dc1e10f18;43.059516;2.998753;15;24;345.71;1.38;221.12;30;-0.265;-0.039;1.045;-0.23;-1.55;6.11
GNAT L082CZ - 04;3.95;23.06.06 - 09h51;23.06.06 - 09h50;111.99;1686037860241000000;32.1;3D3B8F7A9F26C004;2;-114;-13;-127.21;12;868.5;2;29;014100c3ff96fd6003d6012c02910f30002dcf321017;43.06104;3.002162;16;23;324.69;2.9;53.58;30;-0.106;-0.672;0.982;-3.93;-0.62;5.75
GNAT L082CZ - 04;3.95;23.06.06 - 09h52;23.06.06 - 09h51;69.12;1686037929359000000;32.5;3D3B8F7A9F26C004;2;-112;-15;-127.14;12;866.5;2;30;014500c3fe65ffb103d0012c02910ed0002dceea1015;43.060944;3.00209;16;21;12.17;0.18;204.4;30;-0.411;-0.079;0.976;-0.46;-2.4;5.71
GNAT L082CZ - 04;3.94;23.06.06 - 09h54;23.06.06 - 09h53;111.99;1686038041349000000;31.6;3D3B8F7A9F26C004;2;-113;-14;-127.17;12;868.5;1;31;013c00c2fe64ffac0421012c02910ed4002dcf081016;43.060948;3.00212;16;22;2.48;0.02;77.57;30;-0.412;-0.084;1.057;-0.49;-2.41;6.19
GNAT L082CZ - 04;3.95;23.06.06 - 09h55;23.06.06 - 09h55;70.12;1686038111468000000;31.6;3D3B8F7A9F26C004;2;-114;-14;-128.17;12;867.9;1;32;013c00c3fe53ffa803e7012c02910ec8002dcece1118;43.060936;3.002062;17;24;4.9;0.07;251.11;30;-0.429;-0.088;0.999;-0.51;-2.51;5.84
GNAT L082CZ - 04;3.95;23.06.06 - 09h57;23.06.06 - 09h57;111.99;1686038223457000000;30.8;3D3B8F7A9F26C004;2;-113;-15;-128.14;12;868.1;1;33;013400c3feb0ffb40428012202910eac002dcec71017;43.060908;3.002055;16;23;3.16;0.03;188.6;29;-0.336;-0.076;1.064;-0.44;-1.96;6.23
GNAT L082CZ - 04;3.95;23.06.06 - 09h58;23.06.06 - 09h57;69.12;1686038292575000000;31.2;3D3B8F7A9F26C004;2;-113;-12;-125.27;12;866.1;2;34;013800c3fe34ff9003c5012202910e68002dcf311016;43.06084;3.002161;16;22;11.46;0.17;136.69;29;-0.46;-0.112;0.965;-0.65;-2.69;5.65
GNAT L082CZ - 04;3.95;23.06.06 - 10h00;23.06.06 - 09h59;111.99;1686038404564000000;30.4;3D3B8F7A9F26C004;2;-112;-14;-126.17;12;868.3;2;35;013000c3fe89ff830408011802910e50002dcf2e1117;43.060816;3.002158;17;23;2.68;0.02;184.32;28;-0.375;-0.125;1.032;-0.73;-2.19;6.04
GNAT L082CZ - 04;3.95;23.06.06 - 10h01;23.06.06 - 10h01;69.12;1686038473683000000;30.8;3D3B8F7A9F26C004;2;-113;-13;-126.21;12;866.7;2;36;013400c3fe75ffc9044e011802910e28002dcec91015;43.060776;3.002057;16;21;9.33;0.13;236.77;28;-0.395;-0.055;1.102;-0.32;-2.31;6.45
GNAT L082CZ - 04;3.95;23.06.06 - 10h03;23.06.06 - 10h02;111.99;1686038585672000000;30.4;3D3B8F7A9F26C004;1;-105;-22;-127.03;12;868.5;1;37;013000c3fe65ff900418011802910e2c002dceb61018;43.06078;3.002038;16;24;1.61;0.01;289.2;28;-0.411;-0.112;1.048;-0.65;-2.4;6.13
GNAT L082CZ - 04;3.95;23.06.06 - 10h04;23.06.06 - 10h04;69.12;1686038654790000000;30;3D3B8F7A9F26C004;2;-113;-12;-125.27;12;867.5;2;38;012c00c3fe9eff9c0409011802910e14002dce3b1016;43.060756;3.001915;16;22;10.34;0.15;252.11;28;-0.354;-0.1;1.033;-0.58;-2.07;6.04
GNAT L082CZ - 04;3.95;23.06.06 - 10h06;23.06.06 - 10h05;111.99;1686038766780000000;30.8;3D3B8F7A9F26C004;1;-108;-21;-129.03;12;868.5;1;39;013400c3fe94ffa80422011802910e18002dce3d1018;43.06076;3.001917;16;24;0.47;0;16.82;28;-0.364;-0.088;1.058;-0.51;-2.13;6.19
GNAT L082CZ - 04;3.96;23.06.06 - 10h07;23.06.06 - 10h06;69.12;1686038835898000000;31.2;3D3B8F7A9F26C004;1;-113;-16;-129.11;12;866.1;2;40;013800c4fe70ffd70447012202910e08002dce4c1118;43.060744;3.001932;17;24;2.16;0.03;150.46;29;-0.4;-0.041;1.095;-0.24;-2.34;6.41
GNAT L082CZ - 04;3.95;23.06.06 - 10h09;23.06.06 - 10h08;111.99;1686038947888000000;31.6;3D3B8F7A9F26C004;1;-113;-21;-134.03;12;868.5;1;41;013c00c3fe8bff870414012202910e04002dce1c1118;43.06074;3.001884;17;24;3.92;0.04;262.15;29;-0.373;-0.121;1.044;-0.71;-2.18;6.11
GNAT L082CZ - 04;3.95;23.06.06 - 10h12;23.06.06 - 10h11;181.11;1686039128996000000;32.5;3D3B8F7A9F26C004;2;-111;-11;-122.33;12;868.1;1;43;014500c3fee4ffd503b6012c02910dfc002dcd5e1117;43.060732;3.001694;17;23;15.46;0.09;266.01;30;-0.284;-0.043;0.95;-0.25;-1.66;5.56
GNAT L082CZ - 04;3.95;23.06.06 - 10h13;23.06.06 - 10h13;68.12;1686039197113000000;31.2;3D3B8F7A9F26C004;3;-113;-7;-120.79;12;865.1;2;44;013800c3fcb2fc52ff23012c029110a4002dc9d21418;43.061412;3.000786;20;24;105.64;1.55;321.05;30;-0.846;-0.942;-0.221;-5.51;-4.95;-1.29
GNAT L082CZ - 04;3.95;23.06.06 - 10h15;23.06.06 - 10h14;111.99;1686039309104000000;30.8;3D3B8F7A9F26C004;4;-112;-6;-118.97;12;868.1;1;45;013400c3feb9ff9f046b0122029116a0002dc09a1117;43.062944;2.998426;17;23;256.47;2.29;316.93;29;-0.327;-0.097;1.131;-0.57;-1.91;6.62
GNAT L082CZ - 04;3.94;23.06.06 - 10h16;23.06.06 - 10h16;69.12;1686039378221000000;30.8;3D3B8F7A9F26C004;2;-113;-11;-124.33;12;867.5;2;46;013400c2ff32ff960575012202912bfc002da6d41116;43.068412;2.991828;17;22;810.54;11.73;323.56;29;-0.206;-0.106;1.397;-0.62;-1.2;8.19
GNAT L082CZ - 04;3.96;23.06.06 - 10h22;23.06.06 - 10h21;362.22;1686039740436000000;32.5;3D3B8F7A9F26C004;1;-114;-18;-132.07;12;865.1;1;50;014500c4f737fb4e0805012c029169ec002de3711315;43.084268;3.007345;19;21;2167.24;5.98;31.47;30;-2.249;-1.202;2.053;-7.04;-13.25;12.08
GNAT L082CZ - 04;3.95;23.06.06 - 10h31;23.06.06 - 10h30;544.32;1686040284759000000;30;3D3B8F7A9F26C004;2;-114;-15;-129.14;12;867.7;2;56;012c00c3ff11ffe20432010e0291a7a4002e1f641417;43.100068;3.022692;20;23;2153.98;3.96;31.78;27;-0.239;-0.03;1.074;-0.18;-1.4;6.29
GNAT L082CZ - 04;3.95;23.06.06 - 10h33;23.06.06 - 10h32;111.99;1686040396751000000;29.1;3D3B8F7A9F26C004;2;-113;-14;-127.17;12;868.3;2;57;012300c3fe4fffc604c6010e0291a7f4002e1dff1216;43.100148;3.022335;18;22;30.32;0.27;289.42;27;-0.433;-0.058;1.222;-0.34;-2.53;7.16
GNAT L082CZ - 04;3.95;23.06.06 - 10h34;23.06.06 - 10h33;69.12;1686040465867000000;29.1;3D3B8F7A9F26C004;2;-113;-15;-128.14;12;865.3;2;58;012300c3fda2ffca04c901040291a7fc002e1afa1317;43.100156;3.021562;19;23;62.77;0.91;270.92;26;-0.606;-0.054;1.225;-0.32;-3.54;7.17
GNAT L082CZ - 04;3.95;23.06.06 - 10h37;23.06.06 - 10h37;181.11;1686040646976000000;28.7;3D3B8F7A9F26C004;2;-114;-15;-129.14;12;865.5;2;60;011f00c3fedaffd0040f01040291a820002e17811217;43.100192;3.020673;18;23;72.29;0.4;273.63;26;-0.294;-0.048;1.039;-0.28;-1.72;6.08
GNAT L082CZ - 04;3.95;23.06.06 - 10h39;23.06.06 - 10h38;111.99;1686040758966000000;28.3;3D3B8F7A9F26C004;2;-112;-14;-126.17;12;868.3;1;61;011b00c3fefdffbd041601040291a818002e164a1315;43.100184;3.020362;19;21;25.27;0.23;267.68;26;-0.259;-0.067;1.046;-0.39;-1.51;6.12
GNAT L082CZ - 04;3.95;23.06.06 - 10h40;23.06.06 - 10h40;68.12;1686040827083000000;29.1;3D3B8F7A9F26C004;1;-111;-20;-131.04;12;866.1;2;62;012300c3fe3cfff003f601040291a9ac002e10e21215;43.100588;3.018978;18;21;121.01;1.78;294.63;26;-0.452;-0.016;1.014;-0.09;-2.64;5.93
GNAT L082CZ - 04;3.95;23.06.06 - 10h42;23.06.06 - 10h41;112.54;1686040939622000000;29.1;3D3B8F7A9F26C004;1;-118;-17;-135.09;12;868.3;2;63;012300c3feca0059042201040291a8c8002e11071218;43.10036;3.019015;18;24;25.53;0.23;174.11;26;-0.31;0.089;1.058;0.52;-1.81;6.19
GNAT L082CZ - 04;3.95;23.06.06 - 10h43;23.06.06 - 10h42;68.57;1686041008189000000;29.1;3D3B8F7A9F26C004;1;-114;-22;-136.03;12;867.1;1;64;012300c3fe85004203fe01040291a90c002e0f281215;43.100428;3.018536;18;21;39.62;0.58;282.58;26;-0.379;0.066;1.022;0.39;-2.21;5.98
GNAT L082CZ - 04;3.95;23.06.06 - 10h45;23.06.06 - 10h45;112.54;1686041120729000000;28.7;3D3B8F7A9F26C004;2;-116;-12.25;-128.5;12;868.5;1;65;011f00c3fe9c0018040101040291a8d4002e0dff1217;43.100372;3.018239;18;23;24.9;0.22;253.47;26;-0.356;0.024;1.025;0.14;-2.08;6
GNAT L082CZ - 04;3.95;23.06.06 - 10h46;23.06.06 - 10h46;68.57;1686041189298000000;29.1;3D3B8F7A9F26C004;1;-104;-24;-128.02;12;867.1;1;66;012300c3feb6ffd7040b01040291a8c0002e0ba41217;43.100352;3.017636;18;23;49.01;0.71;267;26;-0.33;-0.041;1.035;-0.24;-1.93;6.06
GNAT L082CZ - 04;3.95;23.06.06 - 11h39;23.06.06 - 11h31;3190.83;1686044380127000000;32.5;3D3B8F7A9F26C004;2;-113;-14;-127.17;12;868.1;1;101;014500c3fee7002c0451012c0291aab4002df5971017;43.100852;3.011991;16;23;461.67;0.14;277.81;30;-0.281;0.044;1.105;0.26;-1.64;6.47
GNAT L082CZ - 04;3.96;23.06.06 - 11h40;23.06.06 - 11h39;69.11;1686044449237000000;31.6;3D3B8F7A9F26C004;2;-113;-14;-127.17;12;866.1;2;102;013c00c4feb5ffa803ff012c0291a9ac002df7411118;43.100588;3.012417;17;24;45.36;0.66;134.27;30;-0.331;-0.088;1.023;-0.51;-1.93;5.99
GNAT L082CZ - 04;3.95;23.06.06 - 12h23;23.06.06 - 12h22;2536.51;1686046985746000000;30.8;3D3B8F7A9F26C004;3;-112;-10;-122.41;12;865.9;1;130;013400c3ff85009403eb012202929c54002da88b1143;43.162708;2.992267;17;67;7098.33;2.8;347.49;29;-0.123;0.148;1.003;0.86;-0.72;5.87
GNAT L082CZ - 04;3.95;23.06.06 - 12h24;23.06.06 - 12h24;112;1686047097744000000;31.2;3D3B8F7A9F26C004;2;-101;-11;-112.33;12;868.1;1;131;013800c3ff4f003103f501220292b1d4002de4ad1018;43.168212;3.007661;16;24;1390.44;12.41;62.74;29;-0.177;0.049;1.013;0.29;-1.03;5.93