GNAT L082CZ - 06;3.97;23.06.06 - 09h05;23.05.26 - 13h19;935406.18;1686035139389000000;30.4;3D3B8F7A9F26C006;2;-115;-11;-126.33;12;867.9;4;0;013000c500afffae0413011802921480002da2fa0b0d;43.127936;2.990842;11;13;87882.61;0.09;220.86;28;0.175;-0.082;1.043;-0.48;1.02;6.1
GNAT L082CZ - 06;3.97;23.06.06 - 09h07;23.06.06 - 09h06;112.53;1686035251923000000;29.1;3D3B8F7A9F26C006;2;-114;-13;-127.21;12;868.5;3;1;012300c500afffb80409010402920abc002db1751018;43.125436;2.994549;16;24;409.61;3.64;135.88;26;0.175;-0.072;1.033;-0.42;1.02;6.04
GNAT L082CZ - 06;3.97;23.06.06 - 09h08;23.06.06 - 09h08;69.57;1686035321496000000;28.7;3D3B8F7A9F26C006;2;-114;-12;-126.27;12;867.3;2;2;011f00c500a5ffb7041400fa02921c70002d97220f0d;43.129968;2.98781;15;13;743.67;10.69;315.54;25;0.165;-0.073;1.044;-0.43;0.96;6.11
GNAT L082CZ - 06;3.97;23.06.06 - 09h30;23.06.06 - 09h29;1313.48;1686036634977000000;31.6;3D3B8F7A9F26C006;2;-115;-12;-127.27;12;867.1;1;16;013c00c5ffe8ff7a043601220291f928002dc581151b;43.120936;2.999681;21;27;1391.69;1.06;139.54;29;-0.024;-0.134;1.078;-0.78;-0.14;6.31
GNAT L082CZ - 06;3.96;23.06.06 - 09h35;23.06.06 - 09h35;295.11;1686036930086000000;32.5;3D3B8F7A9F26C006;2;-113;-11;-124.33;12;868.3;2;19;014500c4009efefc03ec01220291a1fc002dbf681316;43.09862;2.99812;19;22;2484.66;8.42;182.54;29;0.158;-0.26;1.004;-1.52;0.92;5.87
GNAT L082CZ - 06;3.97;23.06.06 - 09h36;23.06.06 - 09h36;66.11;1686036996192000000;32.1;3D3B8F7A9F26C006;3;-113;-8;-121.64;12;867.1;2;20;014100c500aeff3f05090122029181e4002db9e81315;43.090404;2.996712;19;21;920.7;13.93;186.14;29;0.174;-0.193;1.289;-1.13;1.02;7.55
GNAT L082CZ - 06;3.97;23.06.06 - 09h38;23.06.06 - 09h38;115;1686037111193000000;32.5;3D3B8F7A9F26C006;4;-112;-5;-118.19;12;868.1;2;21;014500c5ff23fe6406a7012202917208002db4d61315;43.086344;2.995414;19;21;463.59;4.03;191.29;29;-0.221;-0.412;1.703;-2.41;-1.29;10
GNAT L082CZ - 06;3.96;23.06.06 - 09h39;23.06.06 - 09h39;66.11;1686037177299000000;32.1;3D3B8F7A9F26C006;4;-113;-5;-119.19;12;867.5;2;22;014100c4001dff7b00f1012c02915240002dab811516;43.078208;2.993025;21;22;925.25;14;190.29;30;0.029;-0.133;0.241;-0.78;0.17;1.41
GNAT L082CZ - 06;3.96;23.06.06 - 09h41;23.06.06 - 09h41;115;1686037292300000000;32.5;3D3B8F7A9F26C006;2;-115;-15;-130.14;12;868.1;1;23;014500c400f4ff520486012c029132f0002da5af1318;43.070192;2.991535;19;24;899.52;7.82;186.49;30;0.244;-0.174;1.158;-1.02;1.43;6.78
GNAT L082CZ - 06;3.97;23.06.06 - 09h42;23.06.06 - 09h42;66.11;1686037358406000000;32.9;3D3B8F7A9F26C006;2;-112;-12;-124.27;12;866.5;2;24;014900c500a2ff160392012c02911934002dc1551318;43.063604;2.998613;19;24;931.25;14.09;146.94;30;0.162;-0.234;0.914;-1.37;0.95;5.35
GNAT L082CZ - 06;3.96;23.06.06 - 09h44;23.06.06 - 09h44;115;1686037473407000000;32.9;3D3B8F7A9F26C006;2;-113;-11;-124.33;12;868.3;2;25;014900c4006cff1503d5012c02911230002dcda81317;43.061808;3.001768;19;23;324.93;2.83;133.27;30;0.108;-0.235;0.981;-1.37;0.63;5.74
GNAT L082CZ - 06;3.97;23.06.06 - 09h45;23.06.06 - 09h45;69.3;1686037542705000000;32.9;3D3B8F7A9F26C006;3;-115;-10;-125.41;12;866.1;2;26;014900c50087ff24041d012c029110b4002dcead1218;43.061428;3.002029;18;24;47.28;0.68;157.43;30;0.135;-0.22;1.053;-1.29;0.79;6.16
GNAT L082CZ - 06;3.96;23.06.06 - 09h48;23.06.06 - 09h48;181.11;1686037723812000000;33.3;3D3B8F7A9F26C006;2;-113;-11;-124.33;12;865.5;2;28;014d00c40064ff580422013602911020002dcfaf1418;43.06128;3.002287;20;24;26.65;0.15;133.48;31;0.1;-0.168;1.058;-0.98;0.58;6.19
GNAT L082CZ - 06;3.97;23.06.06 - 09h50;23.06.06 - 09h49;112.81;1686037836621000000;33.3;3D3B8F7A9F26C006;1;-112;-18;-130.07;12;868.5;2;29;014d00c50087ff2c0421013602910e60002dcf461417;43.060832;3.002182;20;23;50.54;0.45;188.07;31;0.135;-0.212;1.057;-1.24;0.79;6.19
GNAT L082CZ - 06;3.96;23.06.06 - 09h51;23.06.06 - 09h51;68.3;1686037904920000000;33.8;3D3B8F7A9F26C006;2;-114;-11;-125.33;12;867.3;2;30;015200c400ccff9c0414013602910f00002dcfdd1318;43.060992;3.002333;19;24;21.61;0.32;29.72;31;0.204;-0.1;1.044;-0.58;1.19;6.11
GNAT L082CZ - 06;3.97;23.06.06 - 09h53;23.06.06 - 09h53;112.81;1686038017727000000;33.3;3D3B8F7A9F26C006;2;-113;-11;-124.33;12;868.3;2;31;014d00c500720024042d013602910eb8002dcff81317;43.06092;3.00236;19;23;8.3;0.07;167.22;31;0.114;0.036;1.069;0.21;0.67;6.26
GNAT L082CZ - 06;3.97;23.06.06 - 09h54;23.06.06 - 09h54;67.3;1686038085028000000;32.9;3D3B8F7A9F26C006;3;-113;-10;-123.41;12;866.7;2;32;014900c50085ffd303e9012c02910e84002dcfb41318;43.060868;3.002292;19;24;8;0.12;218.33;30;0.133;-0.045;1.001;-0.26;0.78;5.86
GNAT L082CZ - 06;3.96;23.06.06 - 09h56;23.06.06 - 09h56;113.81;1686038198834000000;32.9;3D3B8F7A9F26C006;2;-114;-14;-128.17;12;868.3;1;33;014900c40088ffb00439012c02910e04002dcf831317;43.06074;3.002243;19;23;14.78;0.13;193.03;30;0.136;-0.08;1.081;-0.47;0.79;6.33
GNAT L082CZ - 06;3.97;23.06.06 - 09h57;23.06.06 - 09h57;67.3;1686038266136000000;31.6;3D3B8F7A9F26C006;3;-113;-10;-123.41;12;865.1;2;34;013c00c500b1ff830410012202910dcc002dcf521316;43.060684;3.002194;19;22;7.39;0.11;207.88;29;0.177;-0.125;1.04;-0.73;1.03;6.09
GNAT L082CZ - 06;3.97;23.06.06 - 10h03;23.06.06 - 10h03;362.22;1686038628351000000;32.1;3D3B8F7A9F26C006;2;-114;-11;-125.33;12;867.9;2;38;014100c5005eff950408011802910dd4002dce9b1314;43.060692;3.002011;19;20;14.89;0.04;274.13;28;0.094;-0.107;1.032;-0.62;0.55;6.04
GNAT L082CZ - 06;3.97;23.06.06 - 10h05;23.06.06 - 10h05;112.8;1686038741156000000;31.2;3D3B8F7A9F26C006;1;-114;-16;-130.11;12;868.1;1;39;013800c5005eff90041b012202910dbc002dce711317;43.060668;3.001969;19;23;4.33;0.04;226.61;29;0.094;-0.112;1.051;-0.65;0.55;6.15
GNAT L082CZ - 06;3.97;23.06.06 - 10h06;23.06.06 - 10h06;69.3;1686038810458000000;31.6;3D3B8F7A9F26C006;2;-113;-12;-125.27;12;866.1;2;40;013c00c50076ffad040a012202910dbc002dce321318;43.060668;3.001906;19;24;5.12;0.07;270;29;0.118;-0.083;1.034;-0.48;0.69;6.05
GNAT L082CZ - 06;3.97;23.06.06 - 10h09;23.06.06 - 10h09;181.11;1686038991566000000;32.9;3D3B8F7A9F26C006;1;-114;-16;-130.11;12;867.1;1;42;014900c5008effe8041b012c02910d68002dcd501416;43.060584;3.00168;20;22;20.6;0.11;238.41;30;0.142;-0.024;1.051;-0.14;0.83;6.15
GNAT L082CZ - 06;3.97;23.06.06 - 10h11;23.06.06 - 10h11;111.8;1686039103371000000;32.9;3D3B8F7A9F26C006;2;-113;-13;-126.21;12;868.3;2;43;014900c5009cffc7041a012c02910d6c002dcce61417;43.060588;3.001574;20;23;8.62;0.08;273.57;30;0.156;-0.057;1.05;-0.33;0.91;6.14
GNAT L082CZ - 06;3.97;23.06.06 - 10h12;23.06.06 - 10h12;69.3;1686039172672000000;32.1;3D3B8F7A9F26C006;2;-112;-14;-126.17;12;866.5;1;44;014100c50360fe1102a4012c02911064002dcac51515;43.061348;3.001029;21;21;95.4;1.38;336.54;30;0.864;-0.495;0.676;-2.89;5.05;3.95
GNAT L082CZ - 06;3.96;23.06.06 - 10h14;23.06.06 - 10h14;112.81;1686039285478000000;31.6;3D3B8F7A9F26C006;1;-110;-17;-127.09;12;868.3;2;45;013c00c40118ff7503e7012c029111f8002dc8b01616;43.061752;3.000496;22;22;62.39;0.55;321.38;30;0.28;-0.139;0.999;-0.81;1.64;5.84
GNAT L082CZ - 06;3.97;23.06.06 - 10h15;23.06.06 - 10h15;68.3;1686039353780000000;32.1;3D3B8F7A9F26C006;3;-113;-8;-121.64;12;865.3;2;46;014100c500a600310594012202912a24002da8251414;43.06794;2.992165;20;20;965.13;14.13;320.52;29;0.166;0.049;1.428;0.29;0.97;8.37
GNAT L082CZ - 06;3.97;23.06.06 - 10h17;23.06.06 - 10h17;112.81;1686039466586000000;31.6;3D3B8F7A9F26C006;2;-108;-14;-122.17;12;868.3;2;47;013c00c50009fdc304e601220291359c002da42a1509;43.070876;2.991146;21;9;336.8;2.99;348;29;0.009;-0.573;1.254;-3.35;0.05;7.34
GNAT L082CZ - 06;3.96;23.06.06 - 10h24;23.06.06 - 10h24;429.52;1686039896101000000;32.5;3D3B8F7A9F26C006;1;-114;-21;-135.03;12;866.7;1;52;014500c400fe0121038d01360291857c002e0afa1618;43.091324;3.017466;22;24;3120.75;7.27;39.21;31;0.254;0.289;0.909;1.69;1.48;5.32
GNAT L082CZ - 06;3.96;23.06.06 - 10h30;23.06.06 - 10h30;362.22;1686040258316000000;30;3D3B8F7A9F26C006;1;-115;-17;-132.09;12;867.1;2;56;012c00c4ffcf01ea02be010e0291a7a0002e1ff11518;43.100064;3.022833;21;24;1065.07;2.94;21.33;27;-0.049;0.49;0.702;2.86;-0.29;4.1
GNAT L082CZ - 06;3.96;23.06.06 - 10h32;23.06.06 - 10h32;112.81;1686040371122000000;29.5;3D3B8F7A9F26C006;2;-113;-15;-128.14;12;868.1;2;57;012700c40094fef9040a010e0291a7e0002e1e841517;43.100128;3.022468;21;23;30.48;0.27;285.42;27;0.148;-0.263;1.034;-1.54;0.86;6.05
GNAT L082CZ - 06;3.96;23.06.06 - 10h35;23.06.06 - 10h35;181.11;1686040552229000000;29.5;3D3B8F7A9F26C006;1;-109;-22;-131.03;12;868.3;1;59;012700c4fff0fe7e03d801040291a804002e1ae81617;43.100164;3.021544;22;23;75.13;0.41;273.49;26;-0.016;-0.386;0.984;-2.26;-0.09;5.76
GNAT L082CZ - 06;3.97;23.06.06 - 10h37;23.06.06 - 10h36;69.3;1686040621530000000;29.1;3D3B8F7A9F26C006;2;-114;-14;-128.17;12;865.1;2;60;012300c5007cff05041301040291a814002e18211518;43.10018;3.020833;21;24;57.75;0.83;272.01;26;0.124;-0.251;1.043;-1.47;0.72;6.1
GNAT L082CZ - 06;3.96;23.06.06 - 10h38;23.06.06 - 10h38;111.81;1686040733336000000;29.5;3D3B8F7A9F26C006;1;-114;-16;-130.11;12;868.3;2;61;012700c40076ff01041201040291a840002e16b71514;43.100224;3.020471;21;20;29.8;0.27;280.82;26;0.118;-0.255;1.042;-1.49;0.69;6.1
GNAT L082CZ - 06;3.96;23.06.06 - 10h40;23.06.06 - 10h39;69.3;1686040802637000000;28.7;3D3B8F7A9F26C006;1;-112;-18;-130.07;12;866.5;1;62;011f00c40060fef503f101040291a880002e13f11514;43.100288;3.019761;21;20;58.08;0.84;278.06;26;0.096;-0.267;1.009;-1.56;0.56;5.9
GNAT L082CZ - 06;3.97;23.06.06 - 10h46;23.06.06 - 10h45;362.22;1686041164852000000;29.5;3D3B8F7A9F26C006;1;-113;-16;-129.11;12;866.3;1;66;012700c50056ff00041301040291a8b0002e0c1e1518;43.100336;3.017758;21;24;162.71;0.45;272.11;26;0.086;-0.256;1.043;-1.5;0.5;6.1
GNAT L082CZ - 06;3.97;23.06.06 - 11h55;23.06.06 - 11h49;4164.46;1686045329314000000;31.6;3D3B8F7A9F26C006;1;-113;-23;-136.02;12;866.1;2;112;013c00c500e8fea50411011802920920002db2c81316;43.125024;2.994888;19;22;3313.97;0.8;328.63;28;0.232;-0.347;1.041;-2.03;1.36;6.09
GNAT L082CZ - 06;3.96;23.06.06 - 12h24;23.06.06 - 12h24;1743.32;1686047072632000000;31.2;3D3B8F7A9F26C006;4;-105;-5.25;-111.38;12;868.1;1;131;013800c400fdff7e0416010e0292accc002dd3b21018;43.166924;3.003314;16;24;4708.95;2.7;7.86;27;0.253;-0.13;1.046;-0.76;1.48;6.12
