GNAT L082CZ - 01;3.96;23.06.06 - 09h08;23.06.06 - 09h07;935906.49;1686035288239000000;28.7;3D3B8F7A9F26C001;2;-105;-10.25;-115.64;12;868.1;4;1;011f00c4ffb1ffcc03f2010e02920948002db2d91116;43.125064;2.994905;17;22;89014.91;0.1;221.08;27;-0.079;-0.052;1.01;-0.3;-0.46;5.91
GNAT L082CZ - 01;3.96;23.06.06 - 09h10;23.06.06 - 09h09;113.43;1686035401673000000;27.8;3D3B8F7A9F26C001;2;-115;-12;-127.27;12;867.9;3;2;011600c40091005403ca010402920974002db2970d17;43.125108;2.994839;13;23;7.25;0.06;315.52;26;0.145;0.084;0.97;0.49;0.85;5.67
GNAT L082CZ - 01;3.96;23.06.06 - 09h29;23.06.06 - 09h20;1140.02;1686036541693000000;30.4;3D3B8F7A9F26C001;1;-116;-21;-137.03;12;867.3;1;12;013000c4ffad006103fe011802920144002dbf0c1016;43.123012;2.998028;16;22;348.29;0.31;135.22;28;-0.083;0.097;1.022;0.57;-0.48;5.98
GNAT L082CZ - 01;3.96;23.06.06 - 09h30;23.06.06 - 09h30;110.99;1686036652687000000;30.4;3D3B8F7A9F26C001;1;-115;-16;-131.11;12;868.1;1;13;013000c4ff010104038101180291e224002dc57f0f18;43.115044;2.999679;15;24;896.08;8.07;172.37;28;-0.255;0.26;0.897;1.52;-1.49;5.25
GNAT L082CZ - 01;3.96;23.06.06 - 09h34;23.06.06 - 09h34;223;1686036875687000000;31.2;3D3B8F7A9F26C001;2;-113;-13;-126.21;12;868.3;1;15;013800c4fcc000d60435012202919dd0002dbed40f16;43.097552;2.997972;15;22;1949.95;8.74;183.54;29;-0.832;0.214;1.077;1.25;-4.87;6.3
GNAT L082CZ - 01;3.96;23.06.06 - 09h36;23.06.06 - 09h35;113.99;1686036989674000000;31.6;3D3B8F7A9F26C001;3;-112;-10;-122.41;12;866.5;2;16;013c00c4fee10084045c012202917c18002db7d00e18;43.08892;2.996176;14;24;970.85;8.52;187.43;29;-0.287;0.132;1.116;0.77;-1.68;6.53
GNAT L082CZ - 01;3.96;23.06.06 - 09h38;23.06.06 - 09h37;108.01;1686037097683000000;31.2;3D3B8F7A9F26C001;2;-111;-11;-122.33;12;868.1;2;17;013800c4fe8900ed0418012202915bc8002dad860e18;43.080648;2.993542;14;24;944.35;8.74;191.17;29;-0.375;0.237;1.048;1.38;-2.19;6.13
GNAT L082CZ - 01;3.96;23.06.06 - 09h41;23.06.06 - 09h41;216;1686037313681000000;31.2;3D3B8F7A9F26C001;2;-112;-15;-127.14;12;868.3;2;19;013800c4ff2300500349012202912048002db4070e16;43.065416;2.995207;14;22;1699.11;7.87;176.2;29;-0.221;0.08;0.841;0.47;-1.29;4.92
GNAT L082CZ - 01;3.96;23.06.06 - 09h47;23.06.06 - 09h47;342.99;1686037656674000000;31.6;3D3B8F7A9F26C001;2;-116;-14;-130.17;12;867.3;2;22;013c00c4ff13004f03f9012202911040002dcf090d17;43.061312;3.002121;13;23;723.7;2.11;134.53;29;-0.237;0.079;1.017;0.46;-1.38;5.95
GNAT L082CZ - 01;3.96;23.06.06 - 09h49;23.06.06 - 09h49;108;1686037764673000000;31.6;3D3B8F7A9F26C001;2;-111;-15;-126.14;12;868.3;2;23;013c00c4ff2700690404012c02910f88002dcf550e17;43.061128;3.002197;14;23;21.37;0.2;165.97;30;-0.217;0.105;1.028;0.61;-1.27;6.02
GNAT L082CZ - 01;3.96;23.06.06 - 09h51;23.06.06 - 09h51;113.01;1686037877679000000;31.6;3D3B8F7A9F26C001;2;-114;-11;-125.33;12;867.5;1;24;013c00c4fc51ffae02ac012c02910fbc002dceb70e17;43.06118;3.002039;14;23;14.08;0.12;298.55;30;-0.943;-0.082;0.684;-0.48;-5.52;4
GNAT L082CZ - 01;3.96;23.06.06 - 09h53;23.06.06 - 09h52;115.01;1686037992685000000;31.6;3D3B8F7A9F26C001;2;-112;-12;-124.27;12;868.5;1;25;013c00c4ff4b005d0457012c02910fa4002dceb40f16;43.061156;3.002036;15;22;2.68;0.02;184.32;30;-0.181;0.093;1.111;0.54;-1.06;6.5
GNAT L082CZ - 01;3.96;23.06.06 - 09h55;23.06.06 - 09h54;114.01;1686038106691000000;30.8;3D3B8F7A9F26C001;2;-113;-12;-125.27;12;865.3;2;26;013400c4ff8a004303f3012202910f74002dced31117;43.061108;3.002067;17;23;5.9;0.05;158.66;29;-0.118;0.067;1.011;0.39;-0.69;5.92
GNAT L082CZ - 01;3.96;23.06.06 - 09h58;23.06.06 - 09h58;228.99;1686038335685000000;30.8;3D3B8F7A9F26C001;2;-113;-11;-124.33;12;865.3;2;28;013400c4ffb9008403d6012202910f38002dceb61017;43.061048;3.002038;16;23;7.08;0.03;196.3;29;-0.071;0.132;0.982;0.77;-0.41;5.75
GNAT L082CZ - 01;3.96;23.06.06 - 10h00;23.06.06 - 10h00;113;1686038448686000000;30.4;3D3B8F7A9F26C001;2;-113;-12;-125.27;12;868.1;1;29;013000c4ffa0005c03f5011802910f44002dce981017;43.06106;3.002008;16;23;2.78;0.02;303.48;28;-0.096;0.092;1.013;0.54;-0.56;5.93
GNAT L082CZ - 01;3.96;23.06.06 - 10h02;23.06.06 - 10h02;115;1686038563687000000;30.4;3D3B8F7A9F26C001;2;-113;-11;-124.33;12;865.1;2;30;013000c4ff84004f03ea011802910ef0002dcee70f17;43.060976;3.002087;15;23;11.33;0.1;150.37;28;-0.124;0.079;1.002;0.46;-0.72;5.86
GNAT L082CZ - 01;3.96;23.06.06 - 10h04;23.06.06 - 10h04;114;1686038677686000000;30.8;3D3B8F7A9F26C001;1;-106;-19;-125.05;12;868.5;1;31;013400c4ff8b005703f9011802910ed0002dcedf0f16;43.060944;3.002079;15;22;3.62;0.03;188.6;28;-0.117;0.087;1.017;0.51;-0.68;5.95
GNAT L082CZ - 01;3.96;23.06.06 - 10h06;23.06.06 - 10h06;112.99;1686038790679000000;31.2;3D3B8F7A9F26C001;1;-114;-17;-131.09;12;865.9;1;32;013800c4ffab003903e0012202910e60002dcf2a0f18;43.060832;3.002154;15;24;13.86;0.12;157.96;29;-0.085;0.057;0.992;0.33;-0.5;5.8
GNAT L082CZ - 01;3.96;23.06.06 - 10h10;23.06.06 - 10h10;229.01;1686039019692000000;31.6;3D3B8F7A9F26C001;1;-116;-24;-140.02;12;865.5;1;34;013c00c4ff9d005c03e9012c02910e14002dcde21016;43.060756;3.001826;16;22;27.96;0.12;249.02;30;-0.099;0.092;1.001;0.54;-0.58;5.86
GNAT L082CZ - 01;3.96;23.06.06 - 10h12;23.06.06 - 10h12;115.01;1686039134698000000;31.6;3D3B8F7A9F26C001;2;-114;-12;-126.27;12;868.1;1;35;013c00c4ff35fff30497012c02910fb0002dcb941216;43.061168;3.001236;18;22;66.3;0.58;319.09;30;-0.203;-0.013;1.175;-0.08;-1.19;6.88
GNAT L082CZ - 01;3.96;23.06.06 - 10h14;23.06.06 - 10h13;112;1686039246698000000;31.2;3D3B8F7A9F26C001;2;-113;-11;-124.33;12;867.5;2;36;013800c4003efff503d9012202911530002dc35a1216;43.062576;2.99913;18;22;231.92;2.07;317.79;29;0.062;-0.011;0.985;-0.06;0.36;5.76
GNAT L082CZ - 01;3.96;23.06.06 - 10h16;23.06.06 - 10h15;117.01;1686039363704000000;30.8;3D3B8F7A9F26C001;2;-113;-11;-124.33;12;868.1;2;37;013400c4fffb003803bd012202912f04002da73d1218;43.069188;2.991933;18;24;939.34;8.03;326.31;29;-0.005;0.056;0.957;0.33;-0.03;5.6
GNAT L082CZ - 01;3.96;23.06.06 - 10h17;23.06.06 - 10h17;111.99;1686039475694000000;31.2;3D3B8F7A9F26C001;2;-113;-11;-124.33;12;866.3;1;38;013800c400ca017c0427012202914858002da70a1118;43.075672;2.991882;17;24;721;6.44;359.72;29;0.202;0.38;1.063;2.22;1.18;6.22
GNAT L082CZ - 01;3.96;23.06.06 - 10h36;23.06.06 - 10h35;1099.02;1686040574712000000;29.5;3D3B8F7A9F26C001;1;-114;-18;-132.07;12;867.1;1;48;012700c4ffba00b803f0010e0291a820002e181a1318;43.100192;3.020826;19;24;3599.77;3.28;37.11;27;-0.07;0.184;1.008;1.07;-0.41;5.9
GNAT L082CZ - 01;3.96;23.06.06 - 10h38;23.06.06 - 10h37;112.01;1686040686721000000;30;3D3B8F7A9F26C001;1;-110;-18;-128.07;12;868.5;2;49;012c00c4ffb000a803e8010e0291a868002e15081315;43.100264;3.02004;19;21;64.32;0.57;278.18;27;-0.08;0.168;1;0.98;-0.47;5.85
GNAT L082CZ - 01;3.96;23.06.06 - 10h39;23.06.06 - 10h39;111;1686040797721000000;29.5;3D3B8F7A9F26C001;1;-114;-19;-133.05;12;867.7;1;50;012700c4ffc100ae03fc010e0291a8c0002e12a41316;43.100352;3.019428;19;22;50.64;0.46;282.73;27;-0.063;0.174;1.02;1.02;-0.37;5.97
GNAT L082CZ - 01;3.96;23.06.06 - 10h41;23.06.06 - 10h41;101.35;1686040899072000000;30;3D3B8F7A9F26C001;1;-113;-18;-131.07;12;868.1;1;51;012c00c4fff300cf03e1010e0291b26c002e07a91316;43.102828;3.016617;19;22;357.61;3.53;324.08;27;-0.013;0.207;0.993;1.21;-0.08;5.81
GNAT L082CZ - 01;3.96;23.06.06 - 10h45;23.06.06 - 10h44;214.55;1686041113618000000;30.8;3D3B8F7A9F26C001;1;-118;-18;-136.07;12;868.5;1;53;013400c4ffb000a803eb01180291b1f4002dff971313;43.102708;3.014551;19;19;168.26;0.78;264.75;28;-0.08;0.168;1.003;0.98;-0.47;5.87
GNAT L082CZ - 01;3.96;23.06.06 - 11h12;23.06.06 - 10h48;1663.44;1686042777061000000;31.6;3D3B8F7A9F26C001;1;-114;-19;-133.05;12;867.7;1;68;013c00c4ffa9000d0417012c0291b264002df8661318;43.10282;3.01271;19;24;149.98;0.09;275.41;30;-0.087;0.013;1.047;0.08;-0.51;6.13
GNAT L082CZ - 01;3.96;23.06.06 - 11h28;23.06.06 - 11h28;914.65;1686043691714000000;32.1;3D3B8F7A9F26C001;1;-114;-20;-134.04;12;866.7;1;76;014100c4ffb5007603d4012c0291ab80002df93a1218;43.101056;3.012922;18;24;196.9;0.22;175.63;30;-0.075;0.118;0.98;0.69;-0.44;5.73
GNAT L082CZ - 01;3.96;23.06.06 - 11h41;23.06.06 - 11h40;774.01;1686044465726000000;31.6;3D3B8F7A9F26C001;1;-113;-17;-130.09;12;868.3;1;83;013c00c4fff8005804a5012c0291ab10002df7201415;43.100944;3.012384;20;21;45.42;0.06;251.87;30;-0.008;0.088;1.189;0.51;-0.05;6.96