GNAT L082CZ - 03;3.91;23.07.11 - 09h00;0;123.79;1689058835696000000;0;3D3B8F7A9F26C003;2;-113;-12;-125.27;12;866.7;1;10;00bf0291a754002e218114;43.099988;3.023233;0;0;36.75;0.3;307.6;0;0;0;0;0;0;0
GNAT L082CZ - 03;3.91;23.07.11 - 09h02;0;116.22;1689058951921000000;0;3D3B8F7A9F26C003;2;-114;-14.75;-128.89;12;868.5;1;11;00bf0291a778002e214607;43.100024;3.023174;0;0;6.24;0.05;313.84;0;0;0;0;0;0;0
GNAT L082CZ - 03;3.91;23.07.11 - 09h04;0;121.78;1689059073697000000;0;3D3B8F7A9F26C003;1;-113;-16;-129.11;12;865.5;2;12;00bf0291a7b0002e214311;43.10008;3.023171;0;0;6.23;0.05;358.05;0;0;0;0;0;0;0
GNAT L082CZ - 03;3.91;23.07.11 - 09h06;0;121;1689059194700000000;0;3D3B8F7A9F26C003;1;-113;-18;-131.07;12;868.1;1;13;00bf0291a784002e21320d;43.100036;3.023154;0;0;5.08;0.04;193.79;0;0;0;0;0;0;0
GNAT L082CZ - 03;3.91;23.07.11 - 09h08;0;118;1689059312701000000;0;3D3B8F7A9F26C003;2;-113;-15;-128.14;12;865.3;2;14;00bf0291a770002e214508;43.100016;3.023173;0;0;2.71;0.02;148.88;0;0;0;0;0;0;0
GNAT L082CZ - 03;3.91;23.07.11 - 09h10;0;121.22;1689059433922000000;0;3D3B8F7A9F26C003;2;-116;-14.75;-130.89;12;868.3;1;15;00bf0291a788002e21320f;43.10004;3.023154;0;0;3.08;0.03;333.3;0;0;0;0;0;0;0
GNAT L082CZ - 03;3.91;23.07.11 - 09h12;0;120;1689059553918000000;0;3D3B8F7A9F26C003;2;-117;-14;-131.17;12;867.9;2;16;00bf0291a794002e214f0e;43.100052;3.023183;0;0;2.71;0.02;56.93;0;0;0;0;0;0;0
GNAT L082CZ - 03;3.91;23.07.11 - 09h16;0;239.78;1689059793698000000;0;3D3B8F7A9F26C003;2;-114;-14;-128.17;12;867.9;2;18;00bf0291a790002e215f11;43.100048;3.023199;0;0;1.37;0.01;111.48;0;0;0;0;0;0;0
GNAT L082CZ - 03;3.91;23.07.11 - 09h18;0;121.23;1689059914930000000;0;3D3B8F7A9F26C003;2;-118;-15;-133.14;12;868.1;1;19;00bf0291a79c002e21730e;43.10006;3.023219;0;0;2.1;0.02;46.64;0;0;0;0;0;0;0
GNAT L082CZ - 03;3.91;23.07.11 - 09h20;0;117.77;1689060032704000000;0;3D3B8F7A9F26C003;2;-114;-15;-129.14;12;867.9;1;20;00bf0291a7ac002e215c0f;43.100076;3.023196;0;0;2.58;0.02;317.59;0;0;0;0;0;0;0
GNAT L082CZ - 03;3.91;23.07.11 - 09h22;0;121;1689060153703000000;0;3D3B8F7A9F26C003;1;-110;-19;-129.05;12;868.1;1;21;00bf0291a7b0002e21790f;43.10008;3.023225;0;0;2.4;0.02;77.75;0;0;0;0;0;0;0
GNAT L082CZ - 03;3.91;23.07.11 - 09h24;0;117;1689060270703000000;0;3D3B8F7A9F26C003;1;-114;-18;-132.07;12;867.9;2;22;00bf0291a7ac002e21890b;43.100076;3.023241;0;0;1.37;0.01;111.48;0;0;0;0;0;0;0
GNAT L082CZ - 03;3.91;23.07.11 - 09h28;0;242;1689060512708000000;0;3D3B8F7A9F26C003;1;-114;-16;-130.11;12;867.7;2;24;00bf0291a794002e216c08;43.100052;3.023212;0;0;3.56;0.01;217.52;0;0;0;0;0;0;0
GNAT L082CZ - 03;3.91;23.07.11 - 09h36;0;482.99;1689060995695000000;0;3D3B8F7A9F26C003;1;-114;-18;-132.07;12;867.7;2;28;00bf0291a770002e21940f;43.100016;3.023252;0;0;5.15;0.01;144.78;0;0;0;0;0;0;0
GNAT L082CZ - 03;3.91;23.07.11 - 09h38;0;118.99;1689061114689000000;0;3D3B8F7A9F26C003;1;-114;-20;-134.04;12;868.5;1;29;00bf0291a790002e21a810;43.100048;3.023272;0;0;3.91;0.03;21.66;0;0;0;0;0;0;0
GNAT L082CZ - 03;3.91;23.07.11 - 09h46;0;480;1689061594686000000;0;3D3B8F7A9F26C003;1;-113;-16;-129.11;12;868.1;1;33;00bf0291a798002e21c316;43.100056;3.023299;0;0;2.37;0;65;0;0;0;0;0;0;0
GNAT L082CZ - 03;3.91;23.07.11 - 09h48;0;119.01;1689061713694000000;0;3D3B8F7A9F26C003;2;-114;-15;-129.14;12;867.3;2;34;00bf0291a794002e21cc0b;43.100052;3.023308;0;0;0.86;0.01;124.97;0;0;0;0;0;0;0
GNAT L082CZ - 03;3.91;23.07.11 - 09h52;0;240.99;1689061954686000000;0;3D3B8F7A9F26C003;1;-114;-16;-130.11;12;867.9;2;36;00bf0291a79c002e21ea16;43.10006;3.023338;0;0;2.59;0.01;67.23;0;0;0;0;0;0;0
GNAT L082CZ - 03;3.91;23.07.11 - 09h56;0;237;1689062191689000000;0;3D3B8F7A9F26C003;1;-114;-18;-132.07;12;867.7;1;38;00bf0291a7a8002e21f20d;43.100072;3.023346;0;0;1.48;0.01;22.96;0;0;0;0;0;0;0
GNAT L082CZ - 03;3.91;23.07.11 - 09h58;0;122.01;1689062313702000000;0;3D3B8F7A9F26C003;1;-110;-20;-130.04;12;868.3;1;39;00bf0291a7b4002e21e90e;43.100084;3.023337;0;0;1.52;0.01;334.52;0;0;0;0;0;0;0
GNAT L082CZ - 03;3.91;23.07.11 - 10h04;0;361;1689062674706000000;0;3D3B8F7A9F26C003;1;-114;-17;-131.09;12;867.3;1;42;00bf0291a7b8002e222009;43.100088;3.023392;0;0;4.49;0.01;83.47;0;0;0;0;0;0;0
GNAT L082CZ - 03;3.91;23.07.11 - 10h08;0;236;1689062910702000000;0;3D3B8F7A9F26C003;1;-114;-16;-130.11;12;867.9;1;44;00bf0291a7cc002e220c0b;43.100108;3.023372;0;0;2.75;0.01;327.57;0;0;0;0;0;0;0
GNAT L082CZ - 03;3.91;23.07.11 - 10h28;0;1204.01;1689064114708000000;0;3D3B8F7A9F26C003;2;-114;-15;-129.14;12;865.1;2;54;00bf0291a7b4002e223f17;43.100084;3.023423;0;0;4.93;0;126.52;0;0;0;0;0;0;0
GNAT L082CZ - 03;3.91;23.07.11 - 10h36;0;479;1689064593708000000;0;3D3B8F7A9F26C003;1;-114;-21;-135.03;12;865.9;1;58;00bf0291a7f8002e229909;43.100152;3.023513;0;0;10.52;0.02;40.07;0;0;0;0;0;0;0
GNAT L082CZ - 03;3.91;23.07.11 - 10h48;0;720;1689065313703000000;0;3D3B8F7A9F26C003;1;-114;-18;-132.07;12;867.9;1;64;00bf0291a8d4002e227c0c;43.100372;3.023484;0;0;24.58;0.03;355.21;0;0;0;0;0;0;0
