GNAT L082CZ - 08;3.94;23.07.11 - 08h54;0;112;1689058473678000000;0;3D3B8F7A9F26C008;1;-114;-17;-131.09;12;868.3;1;7;00c20291a60c002e21a316;43.09966;3.023267;0;0;26.01;0.23;262.1;0;0;0;0;0;0;0
GNAT L082CZ - 08;3.94;23.07.11 - 08h56;0;119;1689058592677000000;0;3D3B8F7A9F26C008;1;-112;-23;-135.02;12;867.3;1;8;00c20291a5dc002e218a16;43.099612;3.023242;0;0;5.71;0.05;198.3;0;0;0;0;0;0;0
GNAT L082CZ - 08;3.94;23.07.11 - 08h58;0;119;1689058711674000000;0;3D3B8F7A9F26C008;1;-111;-19;-130.05;12;868.3;1;9;00c20291a5e0002e215d16;43.099616;3.023197;0;0;3.68;0.03;277.97;0;0;0;0;0;0;0
GNAT L082CZ - 08;3.94;23.07.11 - 09h00;0;120;1689058831674000000;0;3D3B8F7A9F26C008;1;-114;-18;-132.07;12;867.7;2;10;00c20291a5e4002e213016;43.09962;3.023152;0;0;3.68;0.03;277.97;0;0;0;0;0;0;0
GNAT L082CZ - 08;3.93;23.07.11 - 09h02;0;121;1689058952671000000;0;3D3B8F7A9F26C008;1;-114;-17;-131.09;12;868.1;1;11;00c10291a5f8002e212615;43.09964;3.023142;0;0;2.37;0.02;342.38;0;0;0;0;0;0;0
GNAT L082CZ - 08;3.94;23.07.11 - 09h04;0;121.01;1689059073684000000;0;3D3B8F7A9F26C008;2;-114;-15;-129.14;12;867.9;2;12;00c20291a6f8002e209809;43.099896;3.023;0;0;30.71;0.25;340.59;0;0;0;0;0;0;0
GNAT L082CZ - 08;3.94;23.07.11 - 09h06;0;119.99;1689059193678000000;0;3D3B8F7A9F26C008;1;-111;-19;-130.05;12;868.3;1;13;00c20291a688002e215408;43.099784;3.023188;0;0;19.7;0.16;133.17;0;0;0;0;0;0;0
GNAT L082CZ - 08;3.94;23.07.11 - 09h08;0;120;1689059313677000000;0;3D3B8F7A9F26C008;1;-114;-20;-134.04;12;867.3;2;14;00c20291a69c002e217e09;43.099804;3.02323;0;0;4.07;0.03;53.14;0;0;0;0;0;0;0
GNAT L082CZ - 08;3.93;23.07.11 - 09h12;0;238.99;1689059552671000000;0;3D3B8F7A9F26C008;1;-113;-18;-131.07;12;866.7;2;16;00c10291a638002e21e916;43.099704;3.023337;0;0;14.11;0.06;145.8;0;0;0;0;0;0;0
GNAT L082CZ - 08;3.94;23.07.11 - 09h14;0;122.01;1689059674678000000;0;3D3B8F7A9F26C008;2;-114;-15;-129.14;12;868.5;1;17;00c20291a63c002e219d16;43.099708;3.023261;0;0;6.19;0.05;274.74;0;0;0;0;0;0;0
GNAT L082CZ - 08;3.93;23.07.11 - 09h16;0;120.23;1689059794905000000;0;3D3B8F7A9F26C008;2;-116;-12.5;-128.74;12;867.1;1;18;00c10291a670002e227515;43.09976;3.023477;0;0;18.47;0.15;69.25;0;0;0;0;0;0;0
GNAT L082CZ - 08;3.94;23.07.11 - 09h18;0;119.78;1689059914684000000;0;3D3B8F7A9F26C008;1;-114;-16;-130.11;12;868.3;2;19;00c20291a678002e224f15;43.099768;3.023439;0;0;3.21;0.03;288.34;0;0;0;0;0;0;0
GNAT L082CZ - 08;3.94;23.07.11 - 09h20;0;118.99;1689060033678000000;0;3D3B8F7A9F26C008;1;-114;-17;-131.09;12;866.7;2;20;00c20291a688002e221b16;43.099784;3.023387;0;0;4.58;0.04;295.84;0;0;0;0;0;0;0
GNAT L082CZ - 08;3.93;23.07.11 - 09h24;0;239;1689060272679000000;0;3D3B8F7A9F26C008;2;-114;-14;-128.17;12;867.1;2;22;00c10291a724002e23b90a;43.09994;3.023801;0;0;37.82;0.16;59.33;0;0;0;0;0;0;0
GNAT L082CZ - 08;3.94;23.07.11 - 09h28;0;238;1689060510683000000;0;3D3B8F7A9F26C008;1;-113;-19;-132.05;12;866.7;2;24;00c20291a724002e23dc0a;43.09994;3.023836;0;0;2.84;0.01;90;0;0;0;0;0;0;0
GNAT L082CZ - 08;3.93;23.07.11 - 09h30;0;122.99;1689060633677000000;0;3D3B8F7A9F26C008;1;-113;-18;-131.07;12;868.5;1;25;00c10291a740002e23fc09;43.099968;3.023868;0;0;4.06;0.03;35.98;0;0;0;0;0;0;0
GNAT L082CZ - 08;3.94;23.07.11 - 09h34;0;240.23;1689060873905000000;0;3D3B8F7A9F26C008;1;-114;-16.75;-130.84;12;868.3;1;27;00c20291a7cc002e243e0a;43.100108;3.023934;0;0;16.46;0.07;16.68;0;0;0;0;0;0;0
GNAT L082CZ - 08;3.94;23.07.11 - 09h36;0;119.77;1689060993678000000;0;3D3B8F7A9F26C008;2;-113;-15;-128.14;12;866.7;1;28;00c20291a7d0002e244e0a;43.100112;3.02395;0;0;1.37;0.01;68.53;0;0;0;0;0;0;0
GNAT L082CZ - 08;3.94;23.07.11 - 09h40;0;239.99;1689061233670000000;0;3D3B8F7A9F26C008;1;-114;-17;-131.09;12;867.7;2;30;00c20291a818002e245309;43.100184;3.023955;0;0;8.02;0.03;2.53;0;0;0;0;0;0;0
GNAT L082CZ - 08;3.93;23.07.11 - 09h48;0;480;1689061713670000000;0;3D3B8F7A9F26C008;1;-116;-16;-132.11;12;867.7;1;34;00c10291a87c002e248c09;43.100284;3.024012;0;0;12.04;0.03;19.92;0;0;0;0;0;0;0
GNAT L082CZ - 08;3.94;23.07.11 - 09h54;0;360;1689062073671000000;0;3D3B8F7A9F26C008;1;-113;-16;-129.11;12;868.1;1;37;00c20291a8d0002e24d809;43.100368;3.024088;0;0;11.19;0.03;29.9;0;0;0;0;0;0;0
GNAT L082CZ - 08;3.93;23.07.11 - 09h56;0;120.01;1689062193677000000;0;3D3B8F7A9F26C008;1;-114;-16;-130.11;12;867.3;2;38;00c10291a8e4002e252d08;43.100388;3.024173;0;0;7.25;0.06;69.69;0;0;0;0;0;0;0
GNAT L082CZ - 08;3.93;23.07.11 - 10h00;0;239.01;1689062432684000000;0;3D3B8F7A9F26C008;2;-114;-14;-128.17;12;867.9;1;40;00c10291a924002e257f08;43.100452;3.024255;0;0;9.75;0.04;39.16;0;0;0;0;0;0;0
GNAT L082CZ - 08;3.94;23.07.11 - 10h02;0;119.99;1689062552678000000;0;3D3B8F7A9F26C008;2;-113;-15;-128.14;12;868.1;1;41;00c20291a940002e25a308;43.10048;3.024291;0;0;4.27;0.04;39.26;0;0;0;0;0;0;0
GNAT L082CZ - 08;3.94;23.07.11 - 10h04;0;121.01;1689062673691000000;0;3D3B8F7A9F26C008;2;-114;-15;-129.14;12;867.9;1;42;00c20291a97c002e259308;43.10054;3.024275;0;0;6.8;0.06;350.38;0;0;0;0;0;0;0
GNAT L082CZ - 08;3.93;23.07.11 - 10h06;0;121;1689062794691000000;0;3D3B8F7A9F26C008;1;-113;-20;-133.04;12;868.5;1;43;00c10291a9a0002e25b608;43.100576;3.02431;0;0;4.91;0.04;31.72;0;0;0;0;0;0;0
GNAT L082CZ - 08;3.93;23.07.11 - 10h16;0;599.99;1689063394685000000;0;3D3B8F7A9F26C008;2;-114;-15;-129.14;12;866.7;2;48;00c10291a9d8002e265a08;43.100632;3.024474;0;0;14.7;0.02;61.77;0;0;0;0;0;0;0
GNAT L082CZ - 08;3.93;23.07.11 - 10h20;0;236.02;1689063630705000000;0;3D3B8F7A9F26C008;1;-114;-16;-130.11;12;867.1;2;50;00c10291aa24002e268a09;43.100708;3.024522;0;0;9.31;0.04;21.88;0;0;0;0;0;0;0
GNAT L082CZ - 08;3.94;23.07.11 - 10h24;0;243;1689063873705000000;0;3D3B8F7A9F26C008;2;-114;-15;-129.14;12;867.1;2;52;00c20291aa4c002e26bc08;43.100748;3.024572;0;0;6.02;0.02;38.48;0;0;0;0;0;0;0
GNAT L082CZ - 08;3.94;23.07.11 - 10h28;0;239.99;1689064113693000000;0;3D3B8F7A9F26C008;1;-114;-18;-132.07;12;867.1;1;54;00c20291aa80002e26b208;43.1008;3.024562;0;0;5.84;0.02;353.03;0;0;0;0;0;0;0
GNAT L082CZ - 08;3.94;23.07.11 - 10h32;0;240;1689064353694000000;0;3D3B8F7A9F26C008;1;-114;-16;-130.11;12;866.7;1;56;00c20291aa74002e269d07;43.100788;3.024541;0;0;2.17;0.01;228.06;0;0;0;0;0;0;0
GNAT L082CZ - 08;3.94;23.07.11 - 10h34;0;121.01;1689064474706000000;0;3D3B8F7A9F26C008;1;-113;-18;-131.07;12;868.5;1;57;00c20291aa7c002e270a06;43.100796;3.02465;0;0;8.89;0.07;83.42;0;0;0;0;0;0;0
GNAT L082CZ - 08;3.94;23.07.11 - 10h36;0;118.98;1689064593686000000;0;3D3B8F7A9F26C008;1;-114;-16;-130.11;12;867.1;1;58;00c20291aa8c002e26a807;43.100812;3.024552;0;0;8.15;0.07;284.4;0;0;0;0;0;0;0
GNAT L082CZ - 08;3.94;23.07.11 - 10h38;0;120;1689064713685000000;0;3D3B8F7A9F26C008;2;-114;-14;-128.17;12;868.1;1;59;00c20291aa70002e26b707;43.100784;3.024567;0;0;3.34;0.03;161.19;0;0;0;0;0;0;0
GNAT L082CZ - 08;3.94;23.07.11 - 10h40;0;120.01;1689064833698000000;0;3D3B8F7A9F26C008;1;-114;-16;-130.11;12;867.7;1;60;00c20291aa80002e273008;43.1008;3.024688;0;0;9.98;0.08;78.26;0;0;0;0;0;0;0