GNAT L082CZ - 10;0;23.07.11 - 08h47s34;23.07.11 - 08h45s30;124;0;0;3D3B8F7A9F26C003;0;0;0;0;0;0;0;7;0;43.099785;3.024174;12;0;272.13;2.19;0.20;28;0;0;0;0.00;0.00;0.00;0;1
GNAT L082CZ - 10;0;23.07.11 - 08h49s35;23.07.11 - 08h47s34;121;0;0;3D3B8F7A9F26C003;0;0;0;0;0;0;0;8;0;43.099819;3.024124;14;0;5.55;0.05;-0.74;28;0;0;0;0.00;0.00;0.00;0;1
GNAT L082CZ - 10;0;23.07.11 - 08h51s33;23.07.11 - 08h49s35;118;0;0;3D3B8F7A9F26C003;0;0;0;0;0;0;0;9;0;43.099728;3.023614;12;0;42.66;0.36;1.30;28;0;0;0;0.00;0.00;0.00;0;1
GNAT L082CZ - 10;0;23.07.11 - 08h53s29;23.07.11 - 08h51s33;116;0;0;3D3B8F7A9F26C003;0;0;0;0;0;0;0;10;0;43.099621;3.023589;11;0;11.95;0.10;0.15;28;0;0;0;0.00;0.00;0.00;0;1
GNAT L082CZ - 10;0;23.07.11 - 08h55s30;23.07.11 - 08h53s29;121;0;0;3D3B8F7A9F26C003;0;0;0;0;0;0;0;11;0;43.099602;3.023576;11;0;2.52;0.02;0.41;29;0;0;0;0.00;0.00;0.00;0;1
GNAT L082CZ - 10;0;23.07.11 - 08h57s32;23.07.11 - 08h55s30;122;0;0;3D3B8F7A9F26C003;0;0;0;0;0;0;0;12;0;43.099701;3.023830;12;0;23.39;0.19;1.02;28;0;0;0;0.00;0.00;0.00;0;1
GNAT L082CZ - 10;0;23.07.11 - 08h59s32;23.07.11 - 08h57s32;120;0;0;3D3B8F7A9F26C003;0;0;0;0;0;0;0;13;0;43.099644;3.023757;13;0;8.49;0.07;0.68;29;0;0;0;0.00;0.00;0.00;0;1
GNAT L082CZ - 10;0;23.07.11 - 09h01s29;23.07.11 - 08h59s32;117;0;0;3D3B8F7A9F26C003;0;0;0;0;0;0;0;14;0;43.099663;3.024303;13;0;44.35;0.38;1.52;29;0;0;0;0.00;0.00;0.00;0;1
GNAT L082CZ - 10;0;23.07.11 - 09h03s32;23.07.11 - 09h01s29;123;0;0;3D3B8F7A9F26C003;0;0;0;0;0;0;0;15;0;43.099731;3.023954;12;0;29.32;0.24;-1.27;29;0;0;0;0.00;0.00;0.00;0;1
GNAT L082CZ - 10;0;23.07.11 - 09h05s33;23.07.11 - 09h03s32;121;0;0;3D3B8F7A9F26C003;0;0;0;0;0;0;0;16;0;43.099834;3.024082;15;0;15.70;0.13;0.67;29;0;0;0;0.00;0.00;0.00;0;1
GNAT L082CZ - 10;0;23.07.11 - 09h07s33;23.07.11 - 09h05s33;120;0;0;3D3B8F7A9F26C003;0;0;0;0;0;0;0;17;0;43.099468;3.023108;13;0;89.08;0.74;1.04;29;0;0;0;0.00;0.00;0.00;0;1
GNAT L082CZ - 10;0;23.07.11 - 09h09s31;23.07.11 - 09h07s33;118;0;0;3D3B8F7A9F26C003;0;0;0;0;0;0;0;18;0;43.099903;3.023960;13;0;84.54;0.72;0.89;29;0;0;0;0.00;0.00;0.00;0;1
GNAT L082CZ - 10;0;23.07.11 - 09h11s33;23.07.11 - 09h09s31;122;0;0;3D3B8F7A9F26C003;0;0;0;0;0;0;0;19;0;43.099934;3.024073;13;0;9.81;0.08;1.17;29;0;0;0;0.00;0.00;0.00;0;1
GNAT L082CZ - 10;0;23.07.11 - 09h13s54;23.07.11 - 09h11s33;141;0;0;3D3B8F7A9F26C003;0;0;0;0;0;0;0;20;0;43.099449;3.022765;15;0;119.12;0.84;1.04;29;0;0;0;0.00;0.00;0.00;0;1
GNAT L082CZ - 10;0;23.07.11 - 09h15s34;23.07.11 - 09h13s54;100;0;0;3D3B8F7A9F26C003;0;0;0;0;0;0;0;21;0;43.099850;3.023656;13;0;84.88;0.85;0.96;30;0;0;0;0.00;0.00;0.00;0;1
GNAT L082CZ - 10;0;23.07.11 - 09h17s45;23.07.11 - 09h15s34;131;0;0;3D3B8F7A9F26C003;0;0;0;0;0;0;0;22;0;43.100014;3.023953;16;0;30.25;0.23;0.86;29;0;0;0;0.00;0.00;0.00;0;1
GNAT L082CZ - 10;0;23.07.11 - 09h19s43;23.07.11 - 09h17s45;118;0;0;3D3B8F7A9F26C003;0;0;0;0;0;0;0;23;0;43.100056;3.023914;15;0;5.54;0.05;-0.53;29;0;0;0;0.00;0.00;0.00;0;1
GNAT L082CZ - 10;0;23.07.11 - 09h21s38;23.07.11 - 09h19s43;115;0;0;3D3B8F7A9F26C003;0;0;0;0;0;0;0;24;0;43.100079;3.024013;16;0;8.44;0.07;1.22;30;0;0;0;0.00;0.00;0.00;0;1
GNAT L082CZ - 10;0;23.07.11 - 09h23s39;23.07.11 - 09h21s38;121;0;0;3D3B8F7A9F26C003;0;0;0;0;0;0;0;25;0;43.100109;3.023901;15;0;9.70;0.08;-1.17;30;0;0;0;0.00;0.00;0.00;0;1
GNAT L082CZ - 10;0;23.07.11 - 09h25s41;23.07.11 - 09h23s39;122;0;0;3D3B8F7A9F26C003;0;0;0;0;0;0;0;26;0;43.100117;3.023965;14;0;5.24;0.04;1.39;29;0;0;0;0.00;0.00;0.00;0;1
GNAT L082CZ - 10;0;23.07.11 - 09h27s40;23.07.11 - 09h25s41;119;0;0;3D3B8F7A9F26C003;0;0;0;0;0;0;0;27;0;43.100101;3.023952;15;0;1.86;0.02;0.50;29;0;0;0;0.00;0.00;0.00;0;1
GNAT L082CZ - 10;0;23.07.11 - 09h29s45;23.07.11 - 09h27s40;125;0;0;3D3B8F7A9F26C003;0;0;0;0;0;0;0;28;0;43.100147;3.023832;17;0;10.90;0.09;-1.03;30;0;0;0;0.00;0.00;0.00;0;1
GNAT L082CZ - 10;0;23.07.11 - 09h31s39;23.07.11 - 09h29s45;114;0;0;3D3B8F7A9F26C003;0;0;0;0;0;0;0;29;0;43.100151;3.023782;17;0;4.10;0.04;-1.45;30;0;0;0;0.00;0.00;0.00;0;1
GNAT L082CZ - 10;0;23.07.11 - 09h33s36;23.07.11 - 09h31s39;117;0;0;3D3B8F7A9F26C003;0;0;0;0;0;0;0;30;0;43.100166;3.023625;15;0;12.86;0.11;-1.42;30;0;0;0;0.00;0.00;0.00;0;1
GNAT L082CZ - 10;0;23.07.11 - 09h35s46;23.07.11 - 09h33s36;130;0;0;3D3B8F7A9F26C003;0;0;0;0;0;0;0;31;0;43.100189;3.023649;15;0;2.99;0.02;0.58;30;0;0;0;0.00;0.00;0.00;0;1
GNAT L082CZ - 10;0;23.07.11 - 09h37s44;23.07.11 - 09h35s46;118;0;0;3D3B8F7A9F26C003;0;0;0;0;0;0;0;32;0;43.100128;3.023753;14;0;10.63;0.09;-0.82;30;0;0;0;0.00;0.00;0.00;0;1
GNAT L082CZ - 10;0;23.07.11 - 09h39s36;23.07.11 - 09h37s44;112;0;0;3D3B8F7A9F26C003;0;0;0;0;0;0;0;33;0;43.100193;3.023703;14;0;8.28;0.07;-0.46;30;0;0;0;0.00;0.00;0.00;0;1
GNAT L082CZ - 10;0;23.07.11 - 09h41s33;23.07.11 - 09h39s36;117;0;0;3D3B8F7A9F26C003;0;0;0;0;0;0;0;34;0;43.100086;3.023663;15;0;12.58;0.11;0.23;30;0;0;0;0.00;0.00;0.00;0;1
GNAT L082CZ - 10;0;23.07.11 - 09h43s33;23.07.11 - 09h41s33;120;0;0;3D3B8F7A9F26C003;0;0;0;0;0;0;0;35;0;43.100140;3.023565;14;0;10.01;0.08;-0.86;30;0;0;0;0.00;0.00;0.00;0;1
GNAT L082CZ - 10;0;23.07.11 - 09h45s35;23.07.11 - 09h43s33;122;0;0;3D3B8F7A9F26C003;0;0;0;0;0;0;0;36;0;43.100204;3.023462;15;0;11.04;0.09;-0.79;30;0;0;0;0.00;0.00;0.00;0;1
GNAT L082CZ - 10;0;23.07.11 - 09h47s37;23.07.11 - 09h45s35;122;0;0;3D3B8F7A9F26C003;0;0;0;0;0;0;0;37;0;43.100178;3.023484;13;0;3.53;0.03;-0.49;30;0;0;0;0.00;0.00;0.00;0;1
GNAT L082CZ - 10;0;23.07.11 - 09h49s36;23.07.11 - 09h47s37;119;0;0;3D3B8F7A9F26C003;0;0;0;0;0;0;0;38;0;43.100235;3.023448;14;0;7.10;0.06;-0.38;30;0;0;0;0.00;0.00;0.00;0;1
GNAT L082CZ - 10;0;23.07.11 - 09h51s30;23.07.11 - 09h49s36;114;0;0;3D3B8F7A9F26C003;0;0;0;0;0;0;0;39;0;43.100204;3.023504;13;0;5.69;0.05;-0.86;30;0;0;0;0.00;0.00;0.00;0;1
GNAT L082CZ - 10;0;23.07.11 - 09h53s37;23.07.11 - 09h51s30;127;0;0;3D3B8F7A9F26C003;0;0;0;0;0;0;0;40;0;43.100224;3.023441;15;0;5.43;0.04;-1.12;30;0;0;0;0.00;0.00;0.00;0;1
GNAT L082CZ - 10;0;23.07.11 - 09h55s43;23.07.11 - 09h53s37;126;0;0;3D3B8F7A9F26C003;0;0;0;0;0;0;0;41;0;43.100178;3.023493;16;0;6.48;0.05;-0.62;30;0;0;0;0.00;0.00;0.00;0;1
GNAT L082CZ - 10;0;23.07.11 - 09h57s32;23.07.11 - 09h55s43;109;0;0;3D3B8F7A9F26C003;0;0;0;0;0;0;0;42;0;43.100193;3.023485;16;0;2.00;0.02;-0.32;30;0;0;0;0.00;0.00;0.00;0;1
GNAT L082CZ - 10;0;23.07.11 - 09h59s36;23.07.11 - 09h57s32;124;0;0;3D3B8F7A9F26C003;0;0;0;0;0;0;0;43;0;43.100147;3.023387;16;0;9.57;0.08;0.94;30;0;0;0;0.00;0.00;0.00;0;1
GNAT L082CZ - 10;0;23.07.11 - 10h01s33;23.07.11 - 09h59s36;117;0;0;3D3B8F7A9F26C003;0;0;0;0;0;0;0;44;0;43.100178;3.023377;16;0;3.51;0.03;-0.21;30;0;0;0;0.00;0.00;0.00;0;1
GNAT L082CZ - 10;0;23.07.11 - 10h03s32;23.07.11 - 10h01s33;119;0;0;3D3B8F7A9F26C003;0;0;0;0;0;0;0;45;0;43.100113;3.023250;16;0;12.57;0.11;0.89;30;0;0;0;0.00;0.00;0.00;0;1
GNAT L082CZ - 10;0;23.07.11 - 10h05s38;23.07.11 - 10h03s32;126;0;0;3D3B8F7A9F26C003;0;0;0;0;0;0;0;46;0;43.100227;3.023248;15;0;12.91;0.10;-0.01;30;0;0;0;0.00;0.00;0.00;0;1
GNAT L082CZ - 10;0;23.07.11 - 10h07s38;23.07.11 - 10h05s38;120;0;0;3D3B8F7A9F26C003;0;0;0;0;0;0;0;47;0;43.100185;3.023204;16;0;6.09;0.05;0.59;30;0;0;0;0.00;0.00;0.00;0;1
GNAT L082CZ - 10;0;23.07.11 - 10h09s31;23.07.11 - 10h07s38;113;0;0;3D3B8F7A9F26C003;0;0;0;0;0;0;0;48;0;43.100269;3.023142;16;0;10.75;0.10;-0.44;30;0;0;0;0.00;0.00;0.00;0;1
GNAT L082CZ - 10;0;23.07.11 - 10h11s30;23.07.11 - 10h09s31;119;0;0;3D3B8F7A9F26C003;0;0;0;0;0;0;0;49;0;43.100407;3.023478;16;0;31.22;0.26;1.00;30;0;0;0;0.00;0.00;0.00;0;1
GNAT L082CZ - 10;0;23.07.11 - 10h13s32;23.07.11 - 10h11s30;122;0;0;3D3B8F7A9F26C003;0;0;0;0;0;0;0;50;0;43.100281;3.023197;16;0;26.78;0.22;0.96;30;0;0;0;0.00;0.00;0.00;0;1
GNAT L082CZ - 10;0;23.07.11 - 10h15s35;23.07.11 - 10h13s32;123;0;0;3D3B8F7A9F26C003;0;0;0;0;0;0;0;51;0;43.100239;3.023198;16;0;4.56;0.04;-0.01;30;0;0;0;0.00;0.00;0.00;0;1
GNAT L082CZ - 10;0;23.07.11 - 10h17s31;23.07.11 - 10h15s35;116;0;0;3D3B8F7A9F26C003;0;0;0;0;0;0;0;52;0;43.100258;3.023067;16;0;10.80;0.09;-1.35;29;0;0;0;0.00;0.00;0.00;0;1
GNAT L082CZ - 10;0;23.07.11 - 10h19s32;23.07.11 - 10h17s31;121;0;0;3D3B8F7A9F26C003;0;0;0;0;0;0;0;53;0;43.100262;3.023070;17;0;0.80;0.01;0.44;29;0;0;0;0.00;0.00;0.00;0;1
GNAT L082CZ - 10;0;23.07.11 - 10h21s33;23.07.11 - 10h19s32;121;0;0;3D3B8F7A9F26C003;0;0;0;0;0;0;0;54;0;43.100258;3.023075;16;0;0.86;0.01;-0.70;29;0;0;0;0.00;0.00;0.00;0;1
GNAT L082CZ - 10;0;23.07.11 - 10h23s28;23.07.11 - 10h21s33;115;0;0;3D3B8F7A9F26C003;0;0;0;0;0;0;0;55;0;43.100193;3.022959;16;0;11.64;0.10;0.85;30;0;0;0;0.00;0.00;0.00;0;1
GNAT L082CZ - 10;0;23.07.11 - 10h25s32;23.07.11 - 10h23s28;124;0;0;3D3B8F7A9F26C003;0;0;0;0;0;0;0;56;0;43.100204;3.022948;17;0;1.43;0.01;-0.54;30;0;0;0;0.00;0.00;0.00;0;1
GNAT L082CZ - 10;0;23.07.11 - 10h27s28;23.07.11 - 10h25s32;116;0;0;3D3B8F7A9F26C003;0;0;0;0;0;0;0;57;0;43.100208;3.022957;16;0;0.82;0.01;0.97;30;0;0;0;0.00;0.00;0.00;0;1
GNAT L082CZ - 10;0;23.07.11 - 10h29s36;23.07.11 - 10h27s28;128;0;0;3D3B8F7A9F26C003;0;0;0;0;0;0;0;58;0;43.100277;3.022900;17;0;8.89;0.07;-0.49;30;0;0;0;0.00;0.00;0.00;0;1
GNAT L082CZ - 10;0;23.07.11 - 10h31s29;23.07.11 - 10h29s36;113;0;0;3D3B8F7A9F26C003;0;0;0;0;0;0;0;59;0;43.100292;3.022893;16;0;1.98;0.02;-0.28;30;0;0;0;0.00;0.00;0.00;0;1
GNAT L082CZ - 10;0;23.07.11 - 10h33s28;23.07.11 - 10h31s29;119;0;0;3D3B8F7A9F26C003;0;0;0;0;0;0;0;60;0;43.100288;3.022888;16;0;0.85;0.01;0.67;30;0;0;0;0.00;0.00;0.00;0;1
GNAT L082CZ - 10;0;23.07.11 - 10h35s29;23.07.11 - 10h33s28;121;0;0;3D3B8F7A9F26C003;0;0;0;0;0;0;0;61;0;43.100304;3.022613;18;0;22.44;0.19;-1.48;30;0;0;0;0.00;0.00;0.00;0;1