GNAT L082CZ - 05;0;23.07.11 - 09h00s28;23.07.11 - 08h57s27;181;0;0;3D3B8F7A9F26C005;0;0;0;0;0;0;0;11;0;43.099899;3.023453;17;0;31.05;0.17;-1.35;29;0;0;0;0.00;0.00;0.00;1;1
GNAT L082CZ - 05;0;23.07.11 - 09h03s29;23.07.11 - 09h00s28;181;0;0;3D3B8F7A9F26C005;0;0;0;0;0;0;0;12;0;43.099884;3.023448;16;0;1.57;0.01;0.21;29;0;0;0;0.00;0.00;0.00;1;1
GNAT L082CZ - 05;0;23.07.11 - 09h06s29;23.07.11 - 09h03s29;180;0;0;3D3B8F7A9F26C005;0;0;0;0;0;0;0;13;0;43.099903;3.023436;16;0;2.48;0.01;-0.38;29;0;0;0;0.00;0.00;0.00;1;1
GNAT L082CZ - 05;0;23.07.11 - 09h09s27;23.07.11 - 09h06s29;178;0;0;3D3B8F7A9F26C005;0;0;0;0;0;0;0;14;0;43.099907;3.023405;17;0;2.55;0.01;-1.38;29;0;0;0;0.00;0.00;0.00;1;1
GNAT L082CZ - 05;0;23.07.11 - 09h12s29;23.07.11 - 09h09s27;182;0;0;3D3B8F7A9F26C005;0;0;0;0;0;0;0;15;0;43.099903;3.023434;17;0;2.39;0.01;-1.37;29;0;0;0;0.00;0.00;0.00;1;1
GNAT L082CZ - 05;0;23.07.11 - 09h15s33;23.07.11 - 09h12s29;184;0;0;3D3B8F7A9F26C005;0;0;0;0;0;0;0;16;0;43.099907;3.023435;17;0;0.40;0.00;0.16;29;0;0;0;0.00;0.00;0.00;1;1
GNAT L082CZ - 05;0;23.07.11 - 09h18s33;23.07.11 - 09h15s33;180;0;0;3D3B8F7A9F26C005;0;0;0;0;0;0;0;17;0;43.099892;3.023422;17;0;2.18;0.01;0.50;30;0;0;0;0.00;0.00;0.00;1;1
GNAT L082CZ - 05;0;23.07.11 - 09h21s29;23.07.11 - 09h18s33;176;0;0;3D3B8F7A9F26C005;0;0;0;0;0;0;0;18;0;43.099915;3.023402;18;0;3.11;0.02;-0.50;29;0;0;0;0.00;0.00;0.00;1;1
GNAT L082CZ - 05;0;23.07.11 - 09h24s32;23.07.11 - 09h21s29;183;0;0;3D3B8F7A9F26C005;0;0;0;0;0;0;0;19;0;43.099907;3.023431;17;0;2.46;0.01;-1.18;29;0;0;0;0.00;0.00;0.00;1;1
GNAT L082CZ - 05;0;23.07.11 - 09h27s32;23.07.11 - 09h24s32;180;0;0;3D3B8F7A9F26C005;0;0;0;0;0;0;0;20;0;43.099888;3.023451;17;0;2.80;0.02;-0.59;30;0;0;0;0.00;0.00;0.00;1;1
GNAT L082CZ - 05;0;23.07.11 - 09h30s32;23.07.11 - 09h27s32;180;0;0;3D3B8F7A9F26C005;0;0;0;0;0;0;0;21;0;43.099888;3.023441;17;0;0.79;0.00;1.57;29;0;0;0;0.00;0.00;0.00;1;1
GNAT L082CZ - 05;0;23.07.11 - 09h33s32;23.07.11 - 09h30s32;180;0;0;3D3B8F7A9F26C005;0;0;0;0;0;0;0;22;0;43.099892;3.023435;17;0;0.63;0.00;-0.80;30;0;0;0;0.00;0.00;0.00;1;1
GNAT L082CZ - 05;0;23.07.11 - 09h36s27;23.07.11 - 09h33s32;175;0;0;3D3B8F7A9F26C005;0;0;0;0;0;0;0;23;0;43.099930;3.023367;18;0;6.94;0.04;-0.85;30;0;0;0;0.00;0.00;0.00;1;1
GNAT L082CZ - 05;0;23.07.11 - 09h39s29;23.07.11 - 09h36s27;182;0;0;3D3B8F7A9F26C005;0;0;0;0;0;0;0;24;0;43.099941;3.023415;17;0;4.19;0.02;1.21;30;0;0;0;0.00;0.00;0.00;1;1
GNAT L082CZ - 05;0;23.07.11 - 09h42s33;23.07.11 - 09h39s29;184;0;0;3D3B8F7A9F26C005;0;0;0;0;0;0;0;25;0;43.099998;3.023346;17;0;8.54;0.05;-0.65;30;0;0;0;0.00;0.00;0.00;1;1
GNAT L082CZ - 05;0;23.07.11 - 09h45s32;23.07.11 - 09h42s33;179;0;0;3D3B8F7A9F26C005;0;0;0;0;0;0;0;26;0;43.099983;3.023335;17;0;2.11;0.01;0.44;30;0;0;0;0.00;0.00;0.00;1;1
GNAT L082CZ - 05;0;23.07.11 - 09h48s29;23.07.11 - 09h45s32;177;0;0;3D3B8F7A9F26C005;0;0;0;0;0;0;0;27;0;43.100033;3.023251;16;0;8.87;0.05;-0.82;30;0;0;0;0.00;0.00;0.00;1;1
GNAT L082CZ - 05;0;23.07.11 - 09h51s29;23.07.11 - 09h48s29;180;0;0;3D3B8F7A9F26C005;0;0;0;0;0;0;0;28;0;43.100063;3.023189;16;0;6.10;0.03;-0.91;30;0;0;0;0.00;0.00;0.00;1;1
GNAT L082CZ - 05;0;23.07.11 - 09h54s33;23.07.11 - 09h51s29;184;0;0;3D3B8F7A9F26C005;0;0;0;0;0;0;0;29;0;43.100040;3.023202;17;0;2.86;0.02;-0.35;30;0;0;0;0.00;0.00;0.00;1;1
GNAT L082CZ - 05;0;23.07.11 - 09h57s31;23.07.11 - 09h54s33;178;0;0;3D3B8F7A9F26C005;0;0;0;0;0;0;0;30;0;43.100025;3.023094;19;0;8.97;0.05;1.35;30;0;0;0;0.00;0.00;0.00;1;1
GNAT L082CZ - 05;0;23.07.11 - 10h00s42;23.07.11 - 09h57s31;191;0;0;3D3B8F7A9F26C005;0;0;0;0;0;0;0;31;0;43.100101;3.023048;19;0;9.49;0.05;-0.36;30;0;0;0;0.00;0.00;0.00;1;1
GNAT L082CZ - 05;0;23.07.11 - 10h03s30;23.07.11 - 10h00s42;168;0;0;3D3B8F7A9F26C005;0;0;0;0;0;0;0;32;0;43.100136;3.023016;20;0;4.61;0.03;-0.54;30;0;0;0;0.00;0.00;0.00;1;1
GNAT L082CZ - 05;0;23.07.11 - 10h06s28;23.07.11 - 10h03s30;178;0;0;3D3B8F7A9F26C005;0;0;0;0;0;0;0;33;0;43.100155;3.022914;19;0;8.50;0.05;-1.28;30;0;0;0;0.00;0.00;0.00;1;1
GNAT L082CZ - 05;0;23.07.11 - 10h09s35;23.07.11 - 10h06s28;187;0;0;3D3B8F7A9F26C005;0;0;0;0;0;0;0;34;0;43.100128;3.022907;18;0;2.72;0.01;0.16;31;0;0;0;0.00;0.00;0.00;1;1
GNAT L082CZ - 05;0;23.07.11 - 10h12s28;23.07.11 - 10h09s35;173;0;0;3D3B8F7A9F26C005;0;0;0;0;0;0;0;35;0;43.100101;3.022969;18;0;5.88;0.03;-0.98;30;0;0;0;0.00;0.00;0.00;1;1
GNAT L082CZ - 05;0;23.07.11 - 10h15s34;23.07.11 - 10h12s28;186;0;0;3D3B8F7A9F26C005;0;0;0;0;0;0;0;36;0;43.100128;3.022973;19;0;3.05;0.02;0.09;30;0;0;0;0.00;0.00;0.00;1;1
GNAT L082CZ - 05;0;23.07.11 - 10h18s29;23.07.11 - 10h15s34;175;0;0;3D3B8F7A9F26C005;0;0;0;0;0;0;0;37;0;43.100143;3.022889;20;0;6.96;0.04;-1.29;30;0;0;0;0.00;0.00;0.00;1;1
GNAT L082CZ - 05;0;23.07.11 - 10h21s28;23.07.11 - 10h18s29;179;0;0;3D3B8F7A9F26C005;0;0;0;0;0;0;0;38;0;43.100101;3.022923;20;0;5.32;0.03;-0.47;30;0;0;0;0.00;0.00;0.00;1;1
GNAT L082CZ - 05;0;23.07.11 - 10h24s35;23.07.11 - 10h21s28;187;0;0;3D3B8F7A9F26C005;0;0;0;0;0;0;0;39;0;43.100094;3.022869;20;0;4.54;0.02;1.35;30;0;0;0;0.00;0.00;0.00;1;1
GNAT L082CZ - 05;0;23.07.11 - 10h27s31;23.07.11 - 10h24s35;176;0;0;3D3B8F7A9F26C005;0;0;0;0;0;0;0;40;0;43.100075;3.022892;20;0;2.67;0.02;-0.66;31;0;0;0;0.00;0.00;0.00;1;1
GNAT L082CZ - 05;0;23.07.11 - 10h30s30;23.07.11 - 10h27s31;179;0;0;3D3B8F7A9F26C005;0;0;0;0;0;0;0;41;0;43.100113;3.022923;20;0;4.88;0.03;0.48;30;0;0;0;0.00;0.00;0.00;1;1
GNAT L082CZ - 05;0;23.07.11 - 10h33s33;23.07.11 - 10h30s30;183;0;0;3D3B8F7A9F26C005;0;0;0;0;0;0;0;42;0;43.100105;3.022901;19;0;1.95;0.01;1.07;30;0;0;0;0.00;0.00;0.00;1;1
GNAT L082CZ - 05;0;23.07.11 - 10h36s32;23.07.11 - 10h33s33;179;0;0;3D3B8F7A9F26C005;0;0;0;0;0;0;0;43;0;43.100117;3.022768;19;0;10.84;0.06;-1.44;31;0;0;0;0.00;0.00;0.00;1;1
GNAT L082CZ - 05;0;23.07.11 - 10h39s28;23.07.11 - 10h36s32;176;0;0;3D3B8F7A9F26C005;0;0;0;0;0;0;0;44;0;43.100136;3.022643;21;0;10.41;0.06;-1.34;30;0;0;0;0.00;0.00;0.00;1;1
GNAT L082CZ - 05;0;23.07.11 - 10h42s36;23.07.11 - 10h39s28;188;0;0;3D3B8F7A9F26C005;0;0;0;0;0;0;0;45;0;43.100807;3.024525;20;0;169.97;0.90;1.06;30;0;0;0;0.00;0.00;0.00;1;1