GNAT L082CZ - 08;0;23.07.11 - 08h54s31;23.07.11 - 08h52s39;112;0;0;3D3B8F7A9F26C008;0;0;0;0;0;0;0;10;0;43.099659;3.023267;14;0;26.05;0.23;1.42;27;0;0;0;0.00;0.00;0.00;0;1
GNAT L082CZ - 08;0;23.07.11 - 08h56s30;23.07.11 - 08h54s31;119;0;0;3D3B8F7A9F26C008;0;0;0;0;0;0;0;11;0;43.099613;3.023242;14;0;5.34;0.04;0.33;27;0;0;0;0.00;0.00;0.00;0;1
GNAT L082CZ - 08;0;23.07.11 - 08h58s29;23.07.11 - 08h56s30;119;0;0;3D3B8F7A9F26C008;0;0;0;0;0;0;0;12;0;43.099617;3.023197;14;0;3.68;0.03;-1.44;27;0;0;0;0.00;0.00;0.00;0;1
GNAT L082CZ - 08;0;23.07.11 - 09h00s29;23.07.11 - 08h58s29;120;0;0;3D3B8F7A9F26C008;0;0;0;0;0;0;0;13;0;43.099625;3.023152;14;0;3.74;0.03;-1.31;27;0;0;0;0.00;0.00;0.00;0;1
GNAT L082CZ - 08;0;23.07.11 - 09h02s30;23.07.11 - 09h00s29;121;0;0;3D3B8F7A9F26C008;0;0;0;0;0;0;0;14;0;43.099640;3.023142;14;0;2.07;0.02;-0.39;27;0;0;0;0.00;0.00;0.00;0;1
GNAT L082CZ - 08;0;23.07.11 - 09h04s31;23.07.11 - 09h02s30;121;0;0;3D3B8F7A9F26C008;0;0;0;0;0;0;0;15;0;43.099892;3.023000;15;0;30.03;0.25;-0.34;27;0;0;0;0.00;0.00;0.00;0;1
GNAT L082CZ - 08;0;23.07.11 - 09h06s31;23.07.11 - 09h04s31;120;0;0;3D3B8F7A9F26C008;0;0;0;0;0;0;0;16;0;43.099785;3.023188;14;0;19.28;0.16;-0.84;27;0;0;0;0.00;0.00;0.00;0;1
GNAT L082CZ - 08;0;23.07.11 - 09h08s31;23.07.11 - 09h06s31;120;0;0;3D3B8F7A9F26C008;0;0;0;0;0;0;0;17;0;43.099804;3.023230;14;0;4.10;0.03;0.95;27;0;0;0;0.00;0.00;0.00;0;1
GNAT L082CZ - 08;0;23.07.11 - 09h10s33;23.07.11 - 09h08s31;122;0;0;3D3B8F7A9F26C008;0;0;0;0;0;0;0;18;0;43.099865;3.023186;14;0;7.37;0.06;-0.43;27;0;0;0;0.00;0.00;0.00;0;1
GNAT L082CZ - 08;0;23.07.11 - 09h12s30;23.07.11 - 09h10s33;117;0;0;3D3B8F7A9F26C008;0;0;0;0;0;0;0;19;0;43.099705;3.023337;14;0;21.35;0.18;-0.54;27;0;0;0;0.00;0.00;0.00;0;1
GNAT L082CZ - 08;0;23.07.11 - 09h14s32;23.07.11 - 09h12s30;122;0;0;3D3B8F7A9F26C008;0;0;0;0;0;0;0;20;0;43.099709;3.023261;14;0;6.21;0.05;-1.49;27;0;0;0;0.00;0.00;0.00;0;1
GNAT L082CZ - 08;0;23.07.11 - 09h16s32;23.07.11 - 09h14s32;120;0;0;3D3B8F7A9F26C008;0;0;0;0;0;0;0;21;0;43.099754;3.023477;15;0;18.22;0.15;1.25;27;0;0;0;0.00;0.00;0.00;0;1
GNAT L082CZ - 08;0;23.07.11 - 09h18s32;23.07.11 - 09h16s32;120;0;0;3D3B8F7A9F26C008;0;0;0;0;0;0;0;22;0;43.099770;3.023439;15;0;3.63;0.03;-1.01;28;0;0;0;0.00;0.00;0.00;0;1
GNAT L082CZ - 08;0;23.07.11 - 09h20s31;23.07.11 - 09h18s32;119;0;0;3D3B8F7A9F26C008;0;0;0;0;0;0;0;23;0;43.099785;3.023387;15;0;4.47;0.04;-1.14;28;0;0;0;0.00;0.00;0.00;0;1
GNAT L082CZ - 08;0;23.07.11 - 09h22s31;23.07.11 - 09h20s31;120;0;0;3D3B8F7A9F26C008;0;0;0;0;0;0;0;24;0;43.099827;3.023643;15;0;21.28;0.18;1.32;28;0;0;0;0.00;0.00;0.00;0;1
GNAT L082CZ - 08;0;23.07.11 - 09h24s30;23.07.11 - 09h22s31;119;0;0;3D3B8F7A9F26C008;0;0;0;0;0;0;0;25;0;43.099941;3.023801;15;0;18.20;0.15;0.72;28;0;0;0;0.00;0.00;0.00;0;1
GNAT L082CZ - 08;0;23.07.11 - 09h26s30;23.07.11 - 09h24s30;120;0;0;3D3B8F7A9F26C008;0;0;0;0;0;0;0;26;0;43.099911;3.023815;16;0;3.60;0.03;-0.28;27;0;0;0;0.00;0.00;0.00;0;1
GNAT L082CZ - 08;0;23.07.11 - 09h28s28;23.07.11 - 09h26s30;118;0;0;3D3B8F7A9F26C008;0;0;0;0;0;0;0;27;0;43.099941;3.023836;15;0;3.82;0.03;0.41;27;0;0;0;0.00;0.00;0.00;0;1
GNAT L082CZ - 08;0;23.07.11 - 09h30s31;23.07.11 - 09h28s28;123;0;0;3D3B8F7A9F26C008;0;0;0;0;0;0;0;28;0;43.099968;3.023868;15;0;3.99;0.03;0.65;27;0;0;0;0.00;0.00;0.00;0;1
GNAT L082CZ - 08;0;23.07.11 - 09h32s31;23.07.11 - 09h30s31;120;0;0;3D3B8F7A9F26C008;0;0;0;0;0;0;0;29;0;43.100048;3.023896;15;0;9.02;0.08;0.22;28;0;0;0;0.00;0.00;0.00;0;1
GNAT L082CZ - 08;0;23.07.11 - 09h34s31;23.07.11 - 09h32s31;120;0;0;3D3B8F7A9F26C008;0;0;0;0;0;0;0;30;0;43.100109;3.023934;15;0;7.50;0.06;0.38;29;0;0;0;0.00;0.00;0.00;0;1
GNAT L082CZ - 08;0;23.07.11 - 09h36s31;23.07.11 - 09h34s31;120;0;0;3D3B8F7A9F26C008;0;0;0;0;0;0;0;31;0;43.100113;3.023950;15;0;1.35;0.01;1.21;28;0;0;0;0.00;0.00;0.00;0;1
GNAT L082CZ - 08;0;23.07.11 - 09h38s32;23.07.11 - 09h36s31;121;0;0;3D3B8F7A9F26C008;0;0;0;0;0;0;0;32;0;43.100128;3.023982;15;0;3.21;0.03;0.93;28;0;0;0;0.00;0.00;0.00;0;1
GNAT L082CZ - 08;0;23.07.11 - 09h40s31;23.07.11 - 09h38s32;119;0;0;3D3B8F7A9F26C008;0;0;0;0;0;0;0;33;0;43.100185;3.023955;14;0;6.46;0.05;-0.29;28;0;0;0;0.00;0.00;0.00;0;1
GNAT L082CZ - 08;0;23.07.11 - 09h42s31;23.07.11 - 09h40s31;120;0;0;3D3B8F7A9F26C008;0;0;0;0;0;0;0;34;0;43.100178;3.023920;14;0;2.94;0.02;1.24;28;0;0;0;0.00;0.00;0.00;0;1
GNAT L082CZ - 08;0;23.07.11 - 09h44s31;23.07.11 - 09h42s31;120;0;0;3D3B8F7A9F26C008;0;0;0;0;0;0;0;35;0;43.100204;3.023926;14;0;3.08;0.03;0.14;28;0;0;0;0.00;0.00;0.00;0;1
GNAT L082CZ - 08;0;23.07.11 - 09h46s31;23.07.11 - 09h44s31;120;0;0;3D3B8F7A9F26C008;0;0;0;0;0;0;0;36;0;43.100246;3.023981;14;0;6.38;0.05;0.70;28;0;0;0;0.00;0.00;0.00;0;1
GNAT L082CZ - 08;0;23.07.11 - 09h48s31;23.07.11 - 09h46s31;120;0;0;3D3B8F7A9F26C008;0;0;0;0;0;0;0;37;0;43.100285;3.024012;14;0;4.88;0.04;0.48;28;0;0;0;0.00;0.00;0.00;0;1
GNAT L082CZ - 08;0;23.07.11 - 09h50s31;23.07.11 - 09h48s31;120;0;0;3D3B8F7A9F26C008;0;0;0;0;0;0;0;38;0;43.100315;3.024086;13;0;6.90;0.06;0.99;28;0;0;0;0.00;0.00;0.00;0;1
GNAT L082CZ - 08;0;23.07.11 - 09h52s30;23.07.11 - 09h50s31;119;0;0;3D3B8F7A9F26C008;0;0;0;0;0;0;0;39;0;43.100304;3.024148;14;0;5.18;0.04;-1.29;28;0;0;0;0.00;0.00;0.00;0;1
GNAT L082CZ - 08;0;23.07.11 - 09h54s31;23.07.11 - 09h52s30;121;0;0;3D3B8F7A9F26C008;0;0;0;0;0;0;0;40;0;43.100368;3.024088;14;0;8.72;0.07;-0.53;28;0;0;0;0.00;0.00;0.00;0;1
GNAT L082CZ - 08;0;23.07.11 - 09h56s31;23.07.11 - 09h54s31;120;0;0;3D3B8F7A9F26C008;0;0;0;0;0;0;0;41;0;43.100384;3.024173;15;0;7.08;0.06;1.30;28;0;0;0;0.00;0.00;0.00;0;1
GNAT L082CZ - 08;0;23.07.11 - 09h58s31;23.07.11 - 09h56s31;120;0;0;3D3B8F7A9F26C008;0;0;0;0;0;0;0;42;0;43.100407;3.024219;15;0;4.60;0.04;0.91;28;0;0;0;0.00;0.00;0.00;0;1
GNAT L082CZ - 08;0;23.07.11 - 10h00s30;23.07.11 - 09h58s31;119;0;0;3D3B8F7A9F26C008;0;0;0;0;0;0;0;43;0;43.100452;3.024255;16;0;5.73;0.05;0.46;28;0;0;0;0.00;0.00;0.00;0;1
GNAT L082CZ - 08;0;23.07.11 - 10h02s30;23.07.11 - 10h00s30;120;0;0;3D3B8F7A9F26C008;0;0;0;0;0;0;0;44;0;43.100479;3.024291;15;0;4.23;0.04;0.71;28;0;0;0;0.00;0.00;0.00;0;1
GNAT L082CZ - 08;0;23.07.11 - 10h04s31;23.07.11 - 10h02s30;121;0;0;3D3B8F7A9F26C008;0;0;0;0;0;0;0;45;0;43.100540;3.024275;17;0;6.96;0.06;-0.16;28;0;0;0;0.00;0.00;0.00;0;1
GNAT L082CZ - 08;0;23.07.11 - 10h06s32;23.07.11 - 10h04s31;121;0;0;3D3B8F7A9F26C008;0;0;0;0;0;0;0;46;0;43.100571;3.024310;17;0;4.43;0.04;0.63;28;0;0;0;0.00;0.00;0.00;0;1
GNAT L082CZ - 08;0;23.07.11 - 10h08s31;23.07.11 - 10h06s32;119;0;0;3D3B8F7A9F26C008;0;0;0;0;0;0;0;47;0;43.100510;3.024336;16;0;7.15;0.06;-0.26;29;0;0;0;0.00;0.00;0.00;0;1
GNAT L082CZ - 08;0;23.07.11 - 10h10s31;23.07.11 - 10h08s31;120;0;0;3D3B8F7A9F26C008;0;0;0;0;0;0;0;48;0;43.100571;3.024438;17;0;10.74;0.09;0.82;28;0;0;0;0.00;0.00;0.00;0;1
GNAT L082CZ - 08;0;23.07.11 - 10h12s30;23.07.11 - 10h10s31;119;0;0;3D3B8F7A9F26C008;0;0;0;0;0;0;0;49;0;43.100594;3.024461;17;0;3.24;0.03;0.57;28;0;0;0;0.00;0.00;0.00;0;1
GNAT L082CZ - 08;0;23.07.11 - 10h14s30;23.07.11 - 10h12s30;120;0;0;3D3B8F7A9F26C008;0;0;0;0;0;0;0;50;0;43.100601;3.024425;17;0;3.00;0.03;-1.25;28;0;0;0;0.00;0.00;0.00;0;1
GNAT L082CZ - 08;0;23.07.11 - 10h16s32;23.07.11 - 10h14s30;122;0;0;3D3B8F7A9F26C008;0;0;0;0;0;0;0;51;0;43.100628;3.024474;16;0;5.00;0.04;0.86;28;0;0;0;0.00;0.00;0.00;0;1
GNAT L082CZ - 08;0;23.07.11 - 10h18s32;23.07.11 - 10h16s32;120;0;0;3D3B8F7A9F26C008;0;0;0;0;0;0;0;52;0;43.100677;3.024512;16;0;6.14;0.05;0.45;28;0;0;0;0.00;0.00;0.00;0;1
GNAT L082CZ - 08;0;23.07.11 - 10h20s28;23.07.11 - 10h18s32;116;0;0;3D3B8F7A9F26C008;0;0;0;0;0;0;0;53;0;43.100708;3.024522;19;0;3.52;0.03;0.21;28;0;0;0;0.00;0.00;0.00;0;1
GNAT L082CZ - 08;0;23.07.11 - 10h22s32;23.07.11 - 10h20s28;124;0;0;3D3B8F7A9F26C008;0;0;0;0;0;0;0;54;0;43.100723;3.024491;19;0;3.15;0.03;-0.91;28;0;0;0;0.00;0.00;0.00;0;1
GNAT L082CZ - 08;0;23.07.11 - 10h24s31;23.07.11 - 10h22s32;119;0;0;3D3B8F7A9F26C008;0;0;0;0;0;0;0;55;0;43.100742;3.024572;19;0;6.83;0.06;1.22;29;0;0;0;0.00;0.00;0.00;0;1
GNAT L082CZ - 08;0;23.07.11 - 10h26s31;23.07.11 - 10h24s31;120;0;0;3D3B8F7A9F26C008;0;0;0;0;0;0;0;56;0;43.100777;3.024549;18;0;4.24;0.04;-0.40;29;0;0;0;0.00;0.00;0.00;0;1
GNAT L082CZ - 08;0;23.07.11 - 10h28s31;23.07.11 - 10h26s31;120;0;0;3D3B8F7A9F26C008;0;0;0;0;0;0;0;57;0;43.100800;3.024562;17;0;2.87;0.02;0.36;29;0;0;0;0.00;0.00;0.00;0;1
GNAT L082CZ - 08;0;23.07.11 - 10h30s32;23.07.11 - 10h28s31;121;0;0;3D3B8F7A9F26C008;0;0;0;0;0;0;0;58;0;43.100807;3.024592;18;0;2.55;0.02;1.19;28;0;0;0;0.00;0.00;0.00;0;1
GNAT L082CZ - 08;0;23.07.11 - 10h32s31;23.07.11 - 10h30s32;119;0;0;3D3B8F7A9F26C008;0;0;0;0;0;0;0;59;0;43.100788;3.024541;17;0;4.57;0.04;1.04;28;0;0;0;0.00;0.00;0.00;0;1
GNAT L082CZ - 08;0;23.07.11 - 10h34s32;23.07.11 - 10h32s31;121;0;0;3D3B8F7A9F26C008;0;0;0;0;0;0;0;60;0;43.100792;3.024650;19;0;8.87;0.07;1.52;29;0;0;0;0.00;0.00;0.00;0;1
GNAT L082CZ - 08;0;23.07.11 - 10h36s31;23.07.11 - 10h34s32;119;0;0;3D3B8F7A9F26C008;0;0;0;0;0;0;0;61;0;43.100811;3.024552;16;0;8.18;0.07;-1.27;29;0;0;0;0.00;0.00;0.00;0;1
GNAT L082CZ - 08;0;23.07.11 - 10h38s31;23.07.11 - 10h36s31;120;0;0;3D3B8F7A9F26C008;0;0;0;0;0;0;0;62;0;43.100784;3.024566;16;0;2.89;0.02;-0.32;29;0;0;0;0.00;0.00;0.00;0;1
GNAT L082CZ - 08;0;23.07.11 - 10h40s31;23.07.11 - 10h38s31;120;0;0;3D3B8F7A9F26C008;0;0;0;0;0;0;0;63;0;43.100800;3.024688;18;0;10.03;0.08;1.38;29;0;0;0;0.00;0.00;0.00;0;1
GNAT L082CZ - 08;0;23.07.11 - 10h42s31;23.07.11 - 10h40s31;120;0;0;3D3B8F7A9F26C008;0;0;0;0;0;0;0;64;0;43.100811;3.024654;18;0;2.99;0.02;-1.09;29;0;0;0;0.00;0.00;0.00;0;1
GNAT L082CZ - 08;0;23.07.11 - 10h44s31;23.07.11 - 10h42s31;120;0;0;3D3B8F7A9F26C008;0;0;0;0;0;0;0;65;0;43.100739;3.024503;17;0;14.64;0.12;0.92;29;0;0;0;0.00;0.00;0.00;0;1