GNAT L082CZ - 04;3.95;23.07.11 - 08h55;0;139.22;1689058557891000000;0;3D3B8F7A9F26C004;2;-116;-14.75;-130.89;12;868.3;2;3;00c30291a4cc002e20b918;43.09934;3.023033;0;0;70.46;0.51;133.12;0;0;0;0;0;0;0
GNAT L082CZ - 04;3.95;23.07.11 - 08h57;0;117.8;1689058675689000000;0;3D3B8F7A9F26C004;1;-112;-19;-131.05;12;866.5;2;4;00c30291a4e0002e204c18;43.09936;3.022924;0;0;9.12;0.08;286.12;0;0;0;0;0;0;0
GNAT L082CZ - 04;3.95;23.07.11 - 08h59;0;118;1689058793685000000;0;3D3B8F7A9F26C004;1;-112;-19;-131.05;12;868.1;1;5;00c30291a4d8002e1fb518;43.099352;3.022773;0;0;12.29;0.1;265.23;0;0;0;0;0;0;0
GNAT L082CZ - 04;3.95;23.07.11 - 09h01;0;126;1689058919688000000;0;3D3B8F7A9F26C004;1;-111;-18;-129.07;12;866.3;2;6;00c30291a4e8002e1f6817;43.099368;3.022696;0;0;6.5;0.05;288.12;0;0;0;0;0;0;0
GNAT L082CZ - 04;3.95;23.07.11 - 09h04;0;160.01;1689059079695000000;0;3D3B8F7A9F26C004;1;-113;-21;-134.03;12;865.5;1;7;00c30291a54c002e1e6018;43.099468;3.022432;0;0;24.15;0.15;300.81;0;0;0;0;0;0;0
GNAT L082CZ - 04;3.95;23.07.11 - 09h08;0;250;1689059329695000000;0;3D3B8F7A9F26C004;2;-113;-12;-125.27;12;865.1;2;9;00c30291a548002e1d7718;43.099464;3.022199;0;0;18.92;0.08;268.45;0;0;0;0;0;0;0
GNAT L082CZ - 04;3.95;23.07.11 - 09h10;0;103.99;1689059433682000000;0;3D3B8F7A9F26C004;2;-113;-13;-126.21;12;868.1;1;10;00c30291a644002e1d7813;43.099716;3.0222;0;0;28.02;0.27;0.14;0;0;0;0;0;0;0
GNAT L082CZ - 04;3.95;23.07.11 - 09h12;0;120.01;1689059553694000000;0;3D3B8F7A9F26C004;2;-113;-14;-127.17;12;865.9;2;11;00c30291a650002e1bec0f;43.099728;3.021804;0;0;32.18;0.27;272.72;0;0;0;0;0;0;0
GNAT L082CZ - 04;3.95;23.07.11 - 09h16;0;238.99;1689059792689000000;0;3D3B8F7A9F26C004;2;-114;-13;-127.21;12;867.3;1;13;00c30291a6ac002e1b0f0e;43.09982;3.021583;0;0;20.65;0.09;303.23;0;0;0;0;0;0;0
GNAT L082CZ - 04;3.95;23.07.11 - 09h18;0;127;1689059919685000000;0;3D3B8F7A9F26C004;2;-113;-15;-128.14;12;868.3;1;14;00c30291a5ac002e14d918;43.099564;3.019993;0;0;132.19;1.04;255.74;0;0;0;0;0;0;0
GNAT L082CZ - 04;3.95;23.07.11 - 09h20;0;117;1689060036690000000;0;3D3B8F7A9F26C004;2;-111;-15;-126.14;12;867.3;2;15;00c30291a54c002e158318;43.099468;3.020163;0;0;17.45;0.15;131.65;0;0;0;0;0;0;0
GNAT L082CZ - 04;3.95;23.07.11 - 09h22;0;120.99;1689060157682000000;0;3D3B8F7A9F26C004;1;-109;-19;-128.05;12;868.1;1;16;00c30291a47c002e12b118;43.09926;3.019441;0;0;63.02;0.52;245.58;0;0;0;0;0;0;0
GNAT L082CZ - 04;3.95;23.07.11 - 09h24;0;122;1689060279677000000;0;3D3B8F7A9F26C004;2;-113;-12;-125.27;12;865.1;2;17;00c30291a620002e137e18;43.09968;3.019646;0;0;49.58;0.41;17.22;0;0;0;0;0;0;0
GNAT L082CZ - 04;3.95;23.07.11 - 09h26;0;115.01;1689060394689000000;0;3D3B8F7A9F26C004;1;-111;-21;-132.03;12;868.3;1;18;00c30291a640002e145217;43.099712;3.019858;0;0;17.58;0.15;76.64;0;0;0;0;0;0;0
GNAT L082CZ - 04;3.95;23.07.11 - 09h28;0;118;1689060512688000000;0;3D3B8F7A9F26C004;2;-114;-13;-127.21;12;867.9;1;19;00c30291a728002e164015;43.099944;3.020352;0;0;47.69;0.4;53.54;0;0;0;0;0;0;0
GNAT L082CZ - 04;3.95;23.07.11 - 09h30;0;120.01;1689060632700000000;0;3D3B8F7A9F26C004;1;-110;-17;-127.09;12;868.1;1;20;00c30291a67c002e143017;43.099772;3.019824;0;0;46.94;0.39;242.84;0;0;0;0;0;0;0
GNAT L082CZ - 04;3.95;23.07.11 - 09h32;0;119.98;1689060752681000000;0;3D3B8F7A9F26C004;2;-113;-15;-128.14;12;867.7;2;21;00c30291a6d4002e134a18;43.09986;3.019594;0;0;21.08;0.18;301.06;0;0;0;0;0;0;0
GNAT L082CZ - 04;3.95;23.07.11 - 09h34;0;122.23;1689060874913000000;0;3D3B8F7A9F26C004;1;-116;-16;-132.11;12;868.5;2;22;00c30291a678002e124917;43.099768;3.019337;0;0;23.24;0.19;240.59;0;0;0;0;0;0;0
GNAT L082CZ - 04;3.95;23.07.11 - 09h36;0;119.79;1689060994700000000;0;3D3B8F7A9F26C004;2;-113;-13;-126.21;12;865.5;2;23;00c30291a694002e116018;43.099796;3.019104;0;0;19.17;0.16;280.71;0;0;0;0;0;0;0
GNAT L082CZ - 04;3.95;23.07.11 - 09h38;0;139;1689061133702000000;0;3D3B8F7A9F26C004;1;-115;-18;-133.07;12;868.5;2;24;00c30291a728002e0ee618;43.099944;3.01847;0;0;54.04;0.39;290.16;0;0;0;0;0;0;0
GNAT L082CZ - 04;3.95;23.07.11 - 09h40;0;102.99;1689061236695000000;0;3D3B8F7A9F26C004;2;-113;-15;-128.14;12;866.1;2;25;00c30291a95c002e17c417;43.100508;3.02074;0;0;194.68;1.89;68.7;0;0;0;0;0;0;0
GNAT L082CZ - 04;3.95;23.07.11 - 09h42;0;122;1689061358692000000;0;3D3B8F7A9F26C004;1;-113;-16;-129.11;12;868.1;1;26;00c30291a728002e0f0118;43.099944;3.018497;0;0;192.61;1.58;248.36;0;0;0;0;0;0;0
GNAT L082CZ - 04;3.95;23.07.11 - 09h44;0;120;1689061478696000000;0;3D3B8F7A9F26C004;2;-113;-14;-127.17;12;865.9;2;27;00c30291a9b0002e171e17;43.100592;3.020574;0;0;183.38;1.53;63.9;0;0;0;0;0;0;0
GNAT L082CZ - 04;3.95;23.07.11 - 09h50;0;354.99;1689061833689000000;0;3D3B8F7A9F26C004;1;-108;-21;-129.03;12;868.3;1;30;00c30291aa38002e160114;43.100728;3.020289;0;0;27.64;0.08;306.88;0;0;0;0;0;0;0
GNAT L082CZ - 04;3.95;23.07.11 - 09h56;0;361.03;1689062194717000000;0;3D3B8F7A9F26C004;1;-113;-17;-130.09;12;865.5;1;33;00c30291aaa8002e150811;43.10084;3.02004;0;0;23.74;0.07;305.26;0;0;0;0;0;0;0
GNAT L082CZ - 04;3.95;23.07.11 - 10h00;0;244.01;1689062438726000000;0;3D3B8F7A9F26C004;2;-113;-14;-127.17;12;866.7;2;35;00c30291aae4002e143017;43.1009;3.019824;0;0;18.76;0.08;293.59;0;0;0;0;0;0;0
GNAT L082CZ - 04;3.95;23.07.11 - 10h02;0;115;1689062553729000000;0;3D3B8F7A9F26C004;1;-113;-19;-132.05;12;868.5;1;36;00c30291ace8002e15f917;43.101416;3.020281;0;0;68.33;0.59;29.41;0;0;0;0;0;0;0
GNAT L082CZ - 04;3.95;23.07.11 - 10h04;0;119.98;1689062673705000000;0;3D3B8F7A9F26C004;1;-114;-18;-132.07;12;867.1;1;37;00c30291ab40002e132d13;43.100992;3.019565;0;0;74.85;0.62;227.04;0;0;0;0;0;0;0
GNAT L082CZ - 04;3.95;23.07.11 - 10h08;0;240;1689062913706000000;0;3D3B8F7A9F26C004;2;-112;-15;-127.14;12;865.5;2;39;00c30291ab5c002e125012;43.10102;3.019344;0;0;18.21;0.08;281.26;0;0;0;0;0;0;0
GNAT L082CZ - 04;3.95;23.07.11 - 10h20;0;720.02;1689063633724000000;0;3D3B8F7A9F26C004;1;-113;-18;-131.07;12;866.5;2;45;00c30291ab90002e0f8c12;43.101072;3.018636;0;0;57.77;0.08;276.57;0;0;0;0;0;0;0
GNAT L082CZ - 04;3.95;23.07.11 - 10h22;0;119.99;1689063753715000000;0;3D3B8F7A9F26C004;1;-111;-20;-131.04;12;868.3;1;46;00c30291ab78002e0ef014;43.101048;3.01848;0;0;12.94;0.11;256.4;0;0;0;0;0;0;0
GNAT L082CZ - 04;3.95;23.07.11 - 10h24;0;119.99;1689063873708000000;0;3D3B8F7A9F26C004;1;-114;-16;-130.11;12;866.1;2;47;00c30291ab84002e0e9312;43.10106;3.018387;0;0;7.67;0.06;281.46;0;0;0;0;0;0;0
GNAT L082CZ - 04;3.95;23.07.11 - 10h28;0;241.01;1689064114715000000;0;3D3B8F7A9F26C004;2;-114;-14;-128.17;12;866.7;2;49;00c30291a79c002e0fd60f;43.10006;3.01871;0;0;114.25;0.47;168.4;0;0;0;0;0;0;0