GNAT L082CZ - 04;0;23.07.11 - 08h55s56;23.07.11 - 08h53s36;140;0;0;3D3B8F7A9F26C004;0;0;0;0;0;0;0;9;0;43.099339;3.023033;13;0;70.20;0.50;-0.82;26;0;0;0;0.00;0.00;0.00;0;1
GNAT L082CZ - 04;0;23.07.11 - 08h57s54;23.07.11 - 08h55s56;118;0;0;3D3B8F7A9F26C004;0;0;0;0;0;0;0;10;0;43.099361;3.022924;15;0;9.26;0.08;-1.25;27;0;0;0;0.00;0.00;0.00;0;1
GNAT L082CZ - 04;0;23.07.11 - 08h59s52;23.07.11 - 08h57s54;118;0;0;3D3B8F7A9F26C004;0;0;0;0;0;0;0;11;0;43.099354;3.022773;15;0;12.30;0.10;1.49;27;0;0;0;0.00;0.00;0.00;0;1
GNAT L082CZ - 04;0;23.07.11 - 09h01s58;23.07.11 - 08h59s52;126;0;0;3D3B8F7A9F26C004;0;0;0;0;0;0;0;12;0;43.099369;3.022696;15;0;6.44;0.05;-1.27;27;0;0;0;0.00;0.00;0.00;0;1
GNAT L082CZ - 04;0;23.07.11 - 09h04s38;23.07.11 - 09h01s58;160;0;0;3D3B8F7A9F26C004;0;0;0;0;0;0;0;13;0;43.099468;3.022432;16;0;24.09;0.15;-1.04;27;0;0;0;0.00;0.00;0.00;0;1
GNAT L082CZ - 04;0;23.07.11 - 09h06s51;23.07.11 - 09h04s38;133;0;0;3D3B8F7A9F26C004;0;0;0;0;0;0;0;14;0;43.099449;3.022444;16;0;2.14;0.02;-0.38;27;0;0;0;0.00;0.00;0.00;0;1
GNAT L082CZ - 04;0;23.07.11 - 09h08s47;23.07.11 - 09h06s51;116;0;0;3D3B8F7A9F26C004;0;0;0;0;0;0;0;15;0;43.099464;3.022199;16;0;19.96;0.17;-1.47;28;0;0;0;0.00;0.00;0.00;0;1
GNAT L082CZ - 04;0;23.07.11 - 09h10s31;23.07.11 - 09h08s47;104;0;0;3D3B8F7A9F26C004;0;0;0;0;0;0;0;16;0;43.099716;3.022200;15;0;28.10;0.27;0.00;28;0;0;0;0.00;0.00;0.00;0;1
GNAT L082CZ - 04;0;23.07.11 - 09h12s31;23.07.11 - 09h10s31;120;0;0;3D3B8F7A9F26C004;0;0;0;0;0;0;0;17;0;43.099728;3.021804;17;0;32.17;0.27;-1.53;27;0;0;0;0.00;0.00;0.00;0;1
GNAT L082CZ - 04;0;23.07.11 - 09h14s29;23.07.11 - 09h12s31;118;0;0;3D3B8F7A9F26C004;0;0;0;0;0;0;0;18;0;43.099758;3.021612;15;0;15.95;0.14;-1.33;27;0;0;0;0.00;0.00;0.00;0;1
GNAT L082CZ - 04;0;23.07.11 - 09h16s30;23.07.11 - 09h14s29;121;0;0;3D3B8F7A9F26C004;0;0;0;0;0;0;0;19;0;43.099819;3.021583;15;0;7.23;0.06;-0.29;27;0;0;0;0.00;0.00;0.00;0;1
GNAT L082CZ - 04;0;23.07.11 - 09h18s37;23.07.11 - 09h16s30;127;0;0;3D3B8F7A9F26C004;0;0;0;0;0;0;0;20;0;43.099564;3.019993;15;0;132.18;1.04;1.32;27;0;0;0;0.00;0.00;0.00;0;1
GNAT L082CZ - 04;0;23.07.11 - 09h20s34;23.07.11 - 09h18s37;117;0;0;3D3B8F7A9F26C004;0;0;0;0;0;0;0;21;0;43.099468;3.020163;15;0;17.42;0.15;-0.85;27;0;0;0;0.00;0.00;0.00;0;1
GNAT L082CZ - 04;0;23.07.11 - 09h22s35;23.07.11 - 09h20s34;121;0;0;3D3B8F7A9F26C004;0;0;0;0;0;0;0;22;0;43.099255;3.019440;15;0;63.27;0.52;1.14;27;0;0;0;0.00;0.00;0.00;0;1
GNAT L082CZ - 04;0;23.07.11 - 09h24s37;23.07.11 - 09h22s35;122;0;0;3D3B8F7A9F26C004;0;0;0;0;0;0;0;23;0;43.099674;3.019646;14;0;49.62;0.41;0.30;27;0;0;0;0.00;0.00;0.00;0;1
GNAT L082CZ - 04;0;23.07.11 - 09h26s32;23.07.11 - 09h24s37;115;0;0;3D3B8F7A9F26C004;0;0;0;0;0;0;0;24;0;43.099712;3.019858;15;0;17.71;0.15;1.29;27;0;0;0;0.00;0.00;0.00;0;1
GNAT L082CZ - 04;0;23.07.11 - 09h28s30;23.07.11 - 09h26s32;118;0;0;3D3B8F7A9F26C004;0;0;0;0;0;0;0;25;0;43.099945;3.020351;15;0;47.62;0.40;0.93;27;0;0;0;0.00;0.00;0.00;0;1
GNAT L082CZ - 04;0;23.07.11 - 09h30s30;23.07.11 - 09h28s30;120;0;0;3D3B8F7A9F26C004;0;0;0;0;0;0;0;26;0;43.099773;3.019824;17;0;46.79;0.39;1.10;27;0;0;0;0.00;0.00;0.00;0;1
GNAT L082CZ - 04;0;23.07.11 - 09h32s30;23.07.11 - 09h30s30;120;0;0;3D3B8F7A9F26C004;0;0;0;0;0;0;0;27;0;43.099865;3.019593;15;0;21.20;0.18;-1.01;27;0;0;0;0.00;0.00;0.00;0;1
GNAT L082CZ - 04;0;23.07.11 - 09h34s32;23.07.11 - 09h32s30;122;0;0;3D3B8F7A9F26C004;0;0;0;0;0;0;0;28;0;43.099770;3.019337;16;0;23.18;0.19;1.04;27;0;0;0;0.00;0.00;0.00;0;1
GNAT L082CZ - 04;0;23.07.11 - 09h36s32;23.07.11 - 09h34s32;120;0;0;3D3B8F7A9F26C004;0;0;0;0;0;0;0;29;0;43.099796;3.019104;17;0;19.10;0.16;-1.39;28;0;0;0;0.00;0.00;0.00;0;1
GNAT L082CZ - 04;0;23.07.11 - 09h38s51;23.07.11 - 09h36s32;139;0;0;3D3B8F7A9F26C004;0;0;0;0;0;0;0;30;0;43.099945;3.018470;17;0;54.13;0.39;-1.22;28;0;0;0;0.00;0.00;0.00;0;1
GNAT L082CZ - 04;0;23.07.11 - 09h40s34;23.07.11 - 09h38s51;103;0;0;3D3B8F7A9F26C004;0;0;0;0;0;0;0;31;0;43.100510;3.020740;16;0;194.68;1.89;1.20;28;0;0;0;0.00;0.00;0.00;0;1
GNAT L082CZ - 04;0;23.07.11 - 09h42s36;23.07.11 - 09h40s34;122;0;0;3D3B8F7A9F26C004;0;0;0;0;0;0;0;32;0;43.099945;3.018497;16;0;192.59;1.58;1.19;28;0;0;0;0.00;0.00;0.00;0;1
GNAT L082CZ - 04;0;23.07.11 - 09h44s36;23.07.11 - 09h42s36;120;0;0;3D3B8F7A9F26C004;0;0;0;0;0;0;0;33;0;43.100594;3.020574;16;0;183.41;1.53;1.11;27;0;0;0;0.00;0.00;0.00;0;1
GNAT L082CZ - 04;0;23.07.11 - 09h46s31;23.07.11 - 09h44s36;115;0;0;3D3B8F7A9F26C004;0;0;0;0;0;0;0;34;0;43.100647;3.020451;16;0;11.48;0.10;-0.97;28;0;0;0;0.00;0.00;0.00;0;1
GNAT L082CZ - 04;0;23.07.11 - 09h48s30;23.07.11 - 09h46s31;119;0;0;3D3B8F7A9F26C004;0;0;0;0;0;0;0;35;0;43.100685;3.020394;16;0;6.49;0.05;-0.76;28;0;0;0;0.00;0.00;0.00;0;1
GNAT L082CZ - 04;0;23.07.11 - 09h50s31;23.07.11 - 09h48s30;121;0;0;3D3B8F7A9F26C004;0;0;0;0;0;0;0;36;0;43.100727;3.020289;16;0;9.68;0.08;-1.01;27;0;0;0;0.00;0.00;0.00;0;1
GNAT L082CZ - 04;0;23.07.11 - 09h52s31;23.07.11 - 09h50s31;120;0;0;3D3B8F7A9F26C004;0;0;0;0;0;0;0;37;0;43.100746;3.020229;17;0;5.23;0.04;-1.11;27;0;0;0;0.00;0.00;0.00;0;1
GNAT L082CZ - 04;0;23.07.11 - 09h54s31;23.07.11 - 09h52s31;120;0;0;3D3B8F7A9F26C004;0;0;0;0;0;0;0;38;0;43.100849;3.020108;17;0;15.33;0.13;-0.64;27;0;0;0;0.00;0.00;0.00;0;1
GNAT L082CZ - 04;0;23.07.11 - 09h56s32;23.07.11 - 09h54s31;121;0;0;3D3B8F7A9F26C004;0;0;0;0;0;0;0;39;0;43.100842;3.020040;19;0;5.63;0.05;1.40;27;0;0;0;0.00;0.00;0.00;0;1
GNAT L082CZ - 04;0;23.07.11 - 09h58s31;23.07.11 - 09h56s32;119;0;0;3D3B8F7A9F26C004;0;0;0;0;0;0;0;40;0;43.100903;3.019893;18;0;13.76;0.12;-0.99;27;0;0;0;0.00;0.00;0.00;0;1
GNAT L082CZ - 04;0;23.07.11 - 10h00s36;23.07.11 - 09h58s31;125;0;0;3D3B8F7A9F26C004;0;0;0;0;0;0;0;41;0;43.100895;3.019824;19;0;5.65;0.05;1.40;27;0;0;0;0.00;0.00;0.00;0;1
GNAT L082CZ - 04;0;23.07.11 - 10h02s31;23.07.11 - 10h00s36;115;0;0;3D3B8F7A9F26C004;0;0;0;0;0;0;0;42;0;43.101418;3.020281;19;0;68.94;0.60;0.51;27;0;0;0;0.00;0.00;0.00;0;1
GNAT L082CZ - 04;0;23.07.11 - 10h04s31;23.07.11 - 10h02s31;120;0;0;3D3B8F7A9F26C004;0;0;0;0;0;0;0;43;0;43.100990;3.019565;18;0;75.06;0.63;0.82;27;0;0;0;0.00;0.00;0.00;0;1
GNAT L082CZ - 04;0;23.07.11 - 10h06s31;23.07.11 - 10h04s31;120;0;0;3D3B8F7A9F26C004;0;0;0;0;0;0;0;44;0;43.101013;3.019435;19;0;10.88;0.09;-1.30;27;0;0;0;0.00;0.00;0.00;0;1
GNAT L082CZ - 04;0;23.07.11 - 10h08s31;23.07.11 - 10h06s31;120;0;0;3D3B8F7A9F26C004;0;0;0;0;0;0;0;45;0;43.101021;3.019344;18;0;7.41;0.06;-1.44;28;0;0;0;0.00;0.00;0.00;0;1
GNAT L082CZ - 04;0;23.07.11 - 10h10s31;23.07.11 - 10h08s31;120;0;0;3D3B8F7A9F26C004;0;0;0;0;0;0;0;46;0;43.101040;3.019241;19;0;8.57;0.07;-1.29;28;0;0;0;0.00;0.00;0.00;0;1
GNAT L082CZ - 04;0;23.07.11 - 10h12s31;23.07.11 - 10h10s31;120;0;0;3D3B8F7A9F26C004;0;0;0;0;0;0;0;47;0;43.101055;3.019125;18;0;9.62;0.08;-1.37;28;0;0;0;0.00;0.00;0.00;0;1
GNAT L082CZ - 04;0;23.07.11 - 10h14s31;23.07.11 - 10h12s31;120;0;0;3D3B8F7A9F26C004;0;0;0;0;0;0;0;48;0;43.101040;3.018984;19;0;11.60;0.10;1.40;27;0;0;0;0.00;0.00;0.00;0;1
GNAT L082CZ - 04;0;23.07.11 - 10h16s31;23.07.11 - 10h14s31;120;0;0;3D3B8F7A9F26C004;0;0;0;0;0;0;0;49;0;43.101051;3.018873;19;0;9.15;0.08;-1.41;27;0;0;0;0.00;0.00;0.00;0;1
GNAT L082CZ - 04;0;23.07.11 - 10h18s31;23.07.11 - 10h16s31;120;0;0;3D3B8F7A9F26C004;0;0;0;0;0;0;0;50;0;43.101467;3.018505;20;0;55.12;0.46;-0.51;27;0;0;0;0.00;0.00;0.00;0;1
GNAT L082CZ - 04;0;23.07.11 - 10h20s31;23.07.11 - 10h18s31;120;0;0;3D3B8F7A9F26C004;0;0;0;0;0;0;0;51;0;43.101067;3.018636;20;0;46.05;0.38;-0.20;27;0;0;0;0.00;0.00;0.00;0;1
GNAT L082CZ - 04;0;23.07.11 - 10h22s31;23.07.11 - 10h20s31;120;0;0;3D3B8F7A9F26C004;0;0;0;0;0;0;0;52;0;43.101048;3.018480;20;0;12.80;0.11;1.38;27;0;0;0;0.00;0.00;0.00;0;1
GNAT L082CZ - 04;0;23.07.11 - 10h24s31;23.07.11 - 10h22s31;120;0;0;3D3B8F7A9F26C004;0;0;0;0;0;0;0;53;0;43.101055;3.018387;19;0;7.59;0.06;-1.44;27;0;0;0;0.00;0.00;0.00;0;1
GNAT L082CZ - 04;0;23.07.11 - 10h26s33;23.07.11 - 10h24s31;122;0;0;3D3B8F7A9F26C004;0;0;0;0;0;0;0;54;0;43.100067;3.018813;19;0;115.06;0.94;-0.27;28;0;0;0;0.00;0.00;0.00;0;1
GNAT L082CZ - 04;0;23.07.11 - 10h28s32;23.07.11 - 10h26s33;119;0;0;3D3B8F7A9F26C004;0;0;0;0;0;0;0;55;0;43.100060;3.018709;19;0;8.52;0.07;1.46;28;0;0;0;0.00;0.00;0.00;0;1
GNAT L082CZ - 04;0;23.07.11 - 10h30s31;23.07.11 - 10h28s32;119;0;0;3D3B8F7A9F26C004;0;0;0;0;0;0;0;56;0;43.100105;3.018607;19;0;9.84;0.08;-0.96;27;0;0;0;0.00;0.00;0.00;0;1