GNAT L082CZ - 10;3.93;23.07.11 - 08h45;0;121;1689057933664000000;0;3D3B8F7A9F26C010;2;-112;-13;-125.21;12;868.3;1;3;00c10291afd4002e28390e;43.102164;3.024953;0;0;610.23;5.04;131.45;0;0;0;0;0;0;0
GNAT L082CZ - 10;3.93;23.07.11 - 08h47;0;123;1689058056661000000;0;3D3B8F7A9F26C010;1;-114;-18;-132.07;12;865.3;1;4;00c10291a688002e252e16;43.099784;3.024174;0;0;272.1;2.21;191.74;0;0;0;0;0;0;0
GNAT L082CZ - 10;3.93;23.07.11 - 08h49;0;121.01;1689058177671000000;0;3D3B8F7A9F26C010;1;-113;-18;-131.07;12;868.5;1;5;00c10291a6b0002e24fc13;43.099824;3.024124;0;0;6.02;0.05;321.55;0;0;0;0;0;0;0
GNAT L082CZ - 10;3.93;23.07.11 - 09h07;0;1077.99;1689059255664000000;0;3D3B8F7A9F26C010;1;-116;-20;-136.04;12;865.1;2;14;00c10291a54c002e210418;43.099468;3.023108;0;0;91.5;0.08;241.09;0;0;0;0;0;0;0
GNAT L082CZ - 10;3.93;23.07.11 - 09h29;0;1332.03;1689060587696000000;0;3D3B8F7A9F26C010;1;-113;-19;-132.05;12;868.5;1;25;00c10291a7f4002e23d818;43.100148;3.023832;0;0;95.77;0.07;34.09;0;0;0;0;0;0;0
GNAT L082CZ - 10;3.93;23.07.11 - 09h31;0;114;1689060701693000000;0;3D3B8F7A9F26C010;1;-113;-20;-133.04;12;865.5;2;26;00c10291a7f8002e23a618;43.100152;3.023782;0;0;4.08;0.04;277.17;0;0;0;0;0;0;0
GNAT L082CZ - 10;3.93;23.07.11 - 09h39;0;476.98;1689061178673000000;0;3D3B8F7A9F26C010;2;-113;-15;-128.14;12;865.1;2;30;00c10291a820002e235716;43.100192;3.023703;0;0;7.81;0.02;308.54;0;0;0;0;0;0;0
GNAT L082CZ - 10;3.93;23.07.11 - 09h45;0;359.01;1689061537679000000;0;3D3B8F7A9F26C010;1;-104;-24;-128.02;12;868.3;1;33;00c10291a82c002e226618;43.100204;3.023462;0;0;19.61;0.05;274.47;0;0;0;0;0;0;0
GNAT L082CZ - 10;3.93;23.07.11 - 09h49;0;241.22;1689061778900000000;0;3D3B8F7A9F26C010;1;-108;-16.5;-124.6;12;868.5;2;35;00c10291a850002e225807;43.10024;3.023448;0;0;4.16;0.02;346.12;0;0;0;0;0;0;0
GNAT L082CZ - 10;3.93;23.07.11 - 09h53;0;240.78;1689062019681000000;0;3D3B8F7A9F26C010;1;-113;-20;-133.04;12;868.5;1;37;00c10291a840002e225108;43.100224;3.023441;0;0;1.87;0.01;195.54;0;0;0;0;0;0;0
GNAT L082CZ - 10;3.93;23.07.11 - 09h55;0;126.01;1689062145693000000;0;3D3B8F7A9F26C010;1;-114;-21;-135.03;12;866.7;1;38;00c10291a810002e228517;43.100176;3.023493;0;0;6.81;0.05;145.45;0;0;0;0;0;0;0
GNAT L082CZ - 10;3.93;23.07.11 - 10h01;0;349.99;1689062495687000000;0;3D3B8F7A9F26C010;1;-113;-23;-136.02;12;868.3;1;41;00c10291a810002e221114;43.100176;3.023377;0;0;9.42;0.03;270;0;0;0;0;0;0;0
GNAT L082CZ - 10;3.93;23.07.11 - 10h11;0;597;1689063092685000000;0;3D3B8F7A9F26C010;1;-114;-18;-132.07;12;867.3;1;46;00c10291a8f8002e22760e;43.100408;3.023478;0;0;27.07;0.05;15.47;0;0;0;0;0;0;0