GNAT L082CZ - 03;0;23.07.11 - 09h02s29;23.07.11 - 09h00s33;116;0;0;3D3B8F7A9F26C003;0;0;0;0;0;0;0;14;0;43.100025;3.023174;18;0;6.62;0.06;-0.73;27;0;0;0;0.00;0.00;0.00;0;1
GNAT L082CZ - 03;0;23.07.11 - 09h04s31;23.07.11 - 09h02s29;122;0;0;3D3B8F7A9F26C003;0;0;0;0;0;0;0;15;0;43.100079;3.023170;17;0;6.08;0.05;-0.05;27;0;0;0;0.00;0.00;0.00;0;1
GNAT L082CZ - 03;0;23.07.11 - 09h06s32;23.07.11 - 09h04s31;121;0;0;3D3B8F7A9F26C003;0;0;0;0;0;0;0;16;0;43.100037;3.023154;17;0;4.74;0.04;0.24;27;0;0;0;0.00;0.00;0.00;0;1
GNAT L082CZ - 03;0;23.07.11 - 09h08s30;23.07.11 - 09h06s32;118;0;0;3D3B8F7A9F26C003;0;0;0;0;0;0;0;17;0;43.100021;3.023173;17;0;2.44;0.02;-0.67;27;0;0;0;0.00;0.00;0.00;0;1
GNAT L082CZ - 03;0;23.07.11 - 09h10s31;23.07.11 - 09h08s30;121;0;0;3D3B8F7A9F26C003;0;0;0;0;0;0;0;18;0;43.100040;3.023154;17;0;2.74;0.02;-0.56;27;0;0;0;0.00;0.00;0.00;0;1
GNAT L082CZ - 03;0;23.07.11 - 09h12s31;23.07.11 - 09h10s31;120;0;0;3D3B8F7A9F26C003;0;0;0;0;0;0;0;19;0;43.100052;3.023183;17;0;2.61;0.02;1.01;27;0;0;0;0.00;0.00;0.00;0;1
GNAT L082CZ - 03;0;23.07.11 - 09h14s29;23.07.11 - 09h12s31;118;0;0;3D3B8F7A9F26C003;0;0;0;0;0;0;0;20;0;43.100033;3.023210;17;0;2.91;0.02;-0.74;28;0;0;0;0.00;0.00;0.00;0;1
GNAT L082CZ - 03;0;23.07.11 - 09h16s31;23.07.11 - 09h14s29;122;0;0;3D3B8F7A9F26C003;0;0;0;0;0;0;0;21;0;43.100048;3.023199;17;0;1.77;0.01;-0.44;27;0;0;0;0.00;0.00;0.00;0;1
GNAT L082CZ - 03;0;23.07.11 - 09h18s32;23.07.11 - 09h16s31;121;0;0;3D3B8F7A9F26C003;0;0;0;0;0;0;0;22;0;43.100060;3.023219;18;0;1.98;0.02;0.84;28;0;0;0;0.00;0.00;0.00;0;1
GNAT L082CZ - 03;0;23.07.11 - 09h20s30;23.07.11 - 09h18s32;118;0;0;3D3B8F7A9F26C003;0;0;0;0;0;0;0;23;0;43.100075;3.023196;18;0;2.66;0.02;-0.76;28;0;0;0;0.00;0.00;0.00;0;1
GNAT L082CZ - 03;0;23.07.11 - 09h22s31;23.07.11 - 09h20s30;121;0;0;3D3B8F7A9F26C003;0;0;0;0;0;0;0;24;0;43.100075;3.023225;18;0;2.36;0.02;-1.57;27;0;0;0;0.00;0.00;0.00;0;1
GNAT L082CZ - 03;0;23.07.11 - 09h24s28;23.07.11 - 09h22s31;117;0;0;3D3B8F7A9F26C003;0;0;0;0;0;0;0;25;0;43.100075;3.023241;17;0;1.30;0.01;-1.57;27;0;0;0;0.00;0.00;0.00;0;1
GNAT L082CZ - 03;0;23.07.11 - 09h26s29;23.07.11 - 09h24s28;121;0;0;3D3B8F7A9F26C003;0;0;0;0;0;0;0;26;0;43.100086;3.023227;17;0;1.61;0.01;-0.66;27;0;0;0;0.00;0.00;0.00;0;1
GNAT L082CZ - 03;0;23.07.11 - 09h28s30;23.07.11 - 09h26s29;121;0;0;3D3B8F7A9F26C003;0;0;0;0;0;0;0;27;0;43.100052;3.023212;18;0;3.99;0.03;0.27;27;0;0;0;0.00;0.00;0.00;0;1
GNAT L082CZ - 03;0;23.07.11 - 09h30s29;23.07.11 - 09h28s30;119;0;0;3D3B8F7A9F26C003;0;0;0;0;0;0;0;28;0;43.099987;3.023210;18;0;7.22;0.06;0.02;27;0;0;0;0.00;0.00;0.00;0;1
GNAT L082CZ - 03;0;23.07.11 - 09h32s30;23.07.11 - 09h30s29;121;0;0;3D3B8F7A9F26C003;0;0;0;0;0;0;0;29;0;43.099991;3.023222;17;0;1.02;0.01;1.10;28;0;0;0;0.00;0.00;0.00;0;1
GNAT L082CZ - 03;0;23.07.11 - 09h34s31;23.07.11 - 09h32s30;121;0;0;3D3B8F7A9F26C003;0;0;0;0;0;0;0;30;0;43.099983;3.023202;17;0;1.78;0.01;1.03;28;0;0;0;0.00;0.00;0.00;0;1
GNAT L082CZ - 03;0;23.07.11 - 09h36s33;23.07.11 - 09h34s31;122;0;0;3D3B8F7A9F26C003;0;0;0;0;0;0;0;31;0;43.100018;3.023252;17;0;5.56;0.05;0.75;28;0;0;0;0.00;0.00;0.00;0;1
GNAT L082CZ - 03;0;23.07.11 - 09h38s32;23.07.11 - 09h36s33;119;0;0;3D3B8F7A9F26C003;0;0;0;0;0;0;0;32;0;43.100048;3.023272;16;0;3.78;0.03;0.40;28;0;0;0;0.00;0.00;0.00;0;1
GNAT L082CZ - 03;0;23.07.11 - 09h40s32;23.07.11 - 09h38s32;120;0;0;3D3B8F7A9F26C003;0;0;0;0;0;0;0;33;0;43.099998;3.023247;17;0;5.70;0.05;0.31;28;0;0;0;0.00;0.00;0.00;0;1
GNAT L082CZ - 03;0;23.07.11 - 09h42s30;23.07.11 - 09h40s32;118;0;0;3D3B8F7A9F26C003;0;0;0;0;0;0;0;34;0;43.100033;3.023287;18;0;5.00;0.04;0.64;28;0;0;0;0.00;0.00;0.00;0;1
GNAT L082CZ - 03;0;23.07.11 - 09h44s32;23.07.11 - 09h42s30;122;0;0;3D3B8F7A9F26C003;0;0;0;0;0;0;0;35;0;43.100033;3.023287;17;0;0.00;0.00;nan;28;0;0;0;0.00;0.00;0.00;0;1
GNAT L082CZ - 03;0;23.07.11 - 09h46s32;23.07.11 - 09h44s32;120;0;0;3D3B8F7A9F26C003;0;0;0;0;0;0;0;36;0;43.100056;3.023299;16;0;2.48;0.02;0.33;29;0;0;0;0.00;0.00;0.00;0;1
GNAT L082CZ - 03;0;23.07.11 - 09h48s31;23.07.11 - 09h46s32;119;0;0;3D3B8F7A9F26C003;0;0;0;0;0;0;0;37;0;43.100052;3.023308;17;0;0.83;0.01;-0.99;28;0;0;0;0.00;0.00;0.00;0;1
GNAT L082CZ - 03;0;23.07.11 - 09h50s30;23.07.11 - 09h48s31;119;0;0;3D3B8F7A9F26C003;0;0;0;0;0;0;0;38;0;43.100052;3.023316;17;0;0.64;0.01;-1.57;28;0;0;0;0.00;0.00;0.00;0;1
GNAT L082CZ - 03;0;23.07.11 - 09h52s32;23.07.11 - 09h50s30;122;0;0;3D3B8F7A9F26C003;0;0;0;0;0;0;0;39;0;43.100060;3.023338;16;0;1.95;0.02;1.07;28;0;0;0;0.00;0.00;0.00;0;1
GNAT L082CZ - 03;0;23.07.11 - 09h54s29;23.07.11 - 09h52s32;117;0;0;3D3B8F7A9F26C003;0;0;0;0;0;0;0;40;0;43.100056;3.023321;18;0;1.43;0.01;1.23;28;0;0;0;0.00;0.00;0.00;0;1
GNAT L082CZ - 03;0;23.07.11 - 09h56s29;23.07.11 - 09h54s29;120;0;0;3D3B8F7A9F26C003;0;0;0;0;0;0;0;41;0;43.100071;3.023346;16;0;2.77;0.02;0.80;28;0;0;0;0.00;0.00;0.00;0;1
GNAT L082CZ - 03;0;23.07.11 - 09h58s31;23.07.11 - 09h56s29;122;0;0;3D3B8F7A9F26C003;0;0;0;0;0;0;0;42;0;43.100079;3.023337;18;0;1.05;0.01;-0.63;28;0;0;0;0.00;0.00;0.00;0;1
GNAT L082CZ - 03;0;23.07.11 - 10h00s31;23.07.11 - 09h58s31;120;0;0;3D3B8F7A9F26C003;0;0;0;0;0;0;0;43;0;43.100056;3.023312;20;0;3.35;0.03;0.61;28;0;0;0;0.00;0.00;0.00;0;1
GNAT L082CZ - 03;0;23.07.11 - 10h02s29;23.07.11 - 10h00s31;118;0;0;3D3B8F7A9F26C003;0;0;0;0;0;0;0;44;0;43.100063;3.023322;18;0;1.40;0.01;0.70;28;0;0;0;0.00;0.00;0.00;0;1
GNAT L082CZ - 03;0;23.07.11 - 10h04s32;23.07.11 - 10h02s29;123;0;0;3D3B8F7A9F26C003;0;0;0;0;0;0;0;45;0;43.100086;3.023392;19;0;6.13;0.05;1.10;28;0;0;0;0.00;0.00;0.00;0;1
GNAT L082CZ - 03;0;23.07.11 - 10h06s31;23.07.11 - 10h04s32;119;0;0;3D3B8F7A9F26C003;0;0;0;0;0;0;0;46;0;43.100086;3.023385;17;0;0.59;0.00;1.57;28;0;0;0;0.00;0.00;0.00;0;1
GNAT L082CZ - 03;0;23.07.11 - 10h08s28;23.07.11 - 10h06s31;117;0;0;3D3B8F7A9F26C003;0;0;0;0;0;0;0;47;0;43.100113;3.023372;18;0;3.22;0.03;-0.30;29;0;0;0;0.00;0.00;0.00;0;1
GNAT L082CZ - 03;0;23.07.11 - 10h10s32;23.07.11 - 10h08s28;124;0;0;3D3B8F7A9F26C003;0;0;0;0;0;0;0;48;0;43.100117;3.023388;19;0;1.35;0.01;1.21;28;0;0;0;0.00;0.00;0.00;0;1
GNAT L082CZ - 03;0;23.07.11 - 10h12s29;23.07.11 - 10h10s32;117;0;0;3D3B8F7A9F26C003;0;0;0;0;0;0;0;49;0;43.100132;3.023393;19;0;1.95;0.02;0.22;28;0;0;0;0.00;0.00;0.00;0;1
GNAT L082CZ - 03;0;23.07.11 - 10h14s29;23.07.11 - 10h12s29;120;0;0;3D3B8F7A9F26C003;0;0;0;0;0;0;0;50;0;43.100147;3.023374;19;0;2.19;0.02;-0.68;28;0;0;0;0.00;0.00;0.00;0;1
GNAT L082CZ - 03;0;23.07.11 - 10h16s30;23.07.11 - 10h14s29;121;0;0;3D3B8F7A9F26C003;0;0;0;0;0;0;0;51;0;43.100163;3.023378;18;0;1.92;0.02;0.17;28;0;0;0;0.00;0.00;0.00;0;1
GNAT L082CZ - 03;0;23.07.11 - 10h18s31;23.07.11 - 10h16s30;121;0;0;3D3B8F7A9F26C003;0;0;0;0;0;0;0;52;0;43.100178;3.023365;20;0;1.86;0.02;-0.50;28;0;0;0;0.00;0.00;0.00;0;1
GNAT L082CZ - 03;0;23.07.11 - 10h20s29;23.07.11 - 10h18s31;118;0;0;3D3B8F7A9F26C003;0;0;0;0;0;0;0;53;0;43.100166;3.023413;20;0;4.07;0.03;-1.21;28;0;0;0;0.00;0.00;0.00;0;1
GNAT L082CZ - 03;0;23.07.11 - 10h22s30;23.07.11 - 10h20s29;121;0;0;3D3B8F7A9F26C003;0;0;0;0;0;0;0;54;0;43.100182;3.023407;21;0;1.59;0.01;-0.23;28;0;0;0;0.00;0.00;0.00;0;1
GNAT L082CZ - 03;0;23.07.11 - 10h24s31;23.07.11 - 10h22s30;121;0;0;3D3B8F7A9F26C003;0;0;0;0;0;0;0;55;0;43.100193;3.023407;20;0;1.52;0.01;0.00;28;0;0;0;0.00;0.00;0.00;0;1
GNAT L082CZ - 03;0;23.07.11 - 10h26s28;23.07.11 - 10h24s31;117;0;0;3D3B8F7A9F26C003;0;0;0;0;0;0;0;56;0;43.100189;3.023413;20;0;0.89;0.01;-0.76;29;0;0;0;0.00;0.00;0.00;0;1
GNAT L082CZ - 03;0;23.07.11 - 10h28s32;23.07.11 - 10h26s28;124;0;0;3D3B8F7A9F26C003;0;0;0;0;0;0;0;57;0;43.100079;3.023423;19;0;12.18;0.10;-0.06;28;0;0;0;0.00;0.00;0.00;0;1
GNAT L082CZ - 03;0;23.07.11 - 10h30s31;23.07.11 - 10h28s32;119;0;0;3D3B8F7A9F26C003;0;0;0;0;0;0;0;58;0;43.100128;3.023530;19;0;10.41;0.09;0.94;28;0;0;0;0.00;0.00;0.00;0;1
GNAT L082CZ - 03;0;23.07.11 - 10h32s29;23.07.11 - 10h30s31;118;0;0;3D3B8F7A9F26C003;0;0;0;0;0;0;0;59;0;43.100170;3.023538;19;0;4.60;0.04;0.12;28;0;0;0;0.00;0.00;0.00;0;1
GNAT L082CZ - 03;0;23.07.11 - 10h34s29;23.07.11 - 10h32s29;120;0;0;3D3B8F7A9F26C003;0;0;0;0;0;0;0;60;0;43.100166;3.023518;20;0;1.69;0.01;1.28;28;0;0;0;0.00;0.00;0.00;0;1
GNAT L082CZ - 03;0;23.07.11 - 10h36s31;23.07.11 - 10h34s29;122;0;0;3D3B8F7A9F26C003;0;0;0;0;0;0;0;61;0;43.100151;3.023513;19;0;1.94;0.02;0.20;29;0;0;0;0.00;0.00;0.00;0;1
GNAT L082CZ - 03;0;23.07.11 - 10h38s29;23.07.11 - 10h36s31;118;0;0;3D3B8F7A9F26C003;0;0;0;0;0;0;0;62;0;43.100166;3.023549;17;0;3.47;0.03;0.98;29;0;0;0;0.00;0.00;0.00;0;1
GNAT L082CZ - 03;0;23.07.11 - 10h40s30;23.07.11 - 10h38s29;121;0;0;3D3B8F7A9F26C003;0;0;0;0;0;0;0;63;0;43.100178;3.023576;18;0;2.48;0.02;0.99;28;0;0;0;0.00;0.00;0.00;0;1
GNAT L082CZ - 03;0;23.07.11 - 10h42s29;23.07.11 - 10h40s30;119;0;0;3D3B8F7A9F26C003;0;0;0;0;0;0;0;64;0;43.100193;3.023459;21;0;9.69;0.08;-1.37;29;0;0;0;0.00;0.00;0.00;0;1
GNAT L082CZ - 03;0;23.07.11 - 10h44s28;23.07.11 - 10h42s29;119;0;0;3D3B8F7A9F26C003;0;0;0;0;0;0;0;65;0;43.100208;3.023339;21;0;9.85;0.08;-1.37;29;0;0;0;0.00;0.00;0.00;0;1
GNAT L082CZ - 03;0;23.07.11 - 10h46s31;23.07.11 - 10h44s28;123;0;0;3D3B8F7A9F26C003;0;0;0;0;0;0;0;66;0;43.100281;3.023434;18;0;11.09;0.09;0.69;28;0;0;0;0.00;0.00;0.00;0;1
GNAT L082CZ - 03;0;23.07.11 - 10h48s31;23.07.11 - 10h46s31;120;0;0;3D3B8F7A9F26C003;0;0;0;0;0;0;0;67;0;43.100376;3.023484;18;0;11.38;0.09;0.32;29;0;0;0;0.00;0.00;0.00;0;1