GNAT L082CZ - 07;0;23.07.11 - 09h12s41;23.07.11 - 09h10s26;135;0;0;3D3B8F7A9F26C007;0;0;0;0;0;0;0;12;0;43.100311;3.022535;14;0;5.82;0.04;-0.19;24;0;0;0;0.00;0.00;0.00;0;1
GNAT L082CZ - 07;0;23.07.11 - 09h14s52;23.07.11 - 09h12s41;131;0;0;3D3B8F7A9F26C007;0;0;0;0;0;0;0;13;0;43.102749;3.018771;10;0;408.53;3.12;-0.78;25;0;0;0;0.00;0.00;0.00;0;1
GNAT L082CZ - 07;0;23.07.11 - 09h17s2;23.07.11 - 09h14s52;130;0;0;3D3B8F7A9F26C007;0;0;0;0;0;0;0;14;0;43.100296;3.020759;11;0;316.84;2.44;-0.48;26;0;0;0;0.00;0.00;0.00;0;1
GNAT L082CZ - 07;0;23.07.11 - 09h19s34;23.07.11 - 09h17s2;152;0;0;3D3B8F7A9F26C007;0;0;0;0;0;0;0;15;0;43.102467;3.018751;11;0;291.07;1.91;-0.53;26;0;0;0;0.00;0.00;0.00;0;1
GNAT L082CZ - 07;0;23.07.11 - 09h21s33;23.07.11 - 09h19s34;119;0;0;3D3B8F7A9F26C007;0;0;0;0;0;0;0;16;0;43.106060;3.012061;11;0;674.22;5.67;-0.87;26;0;0;0;0.00;0.00;0.00;0;1
GNAT L082CZ - 07;0;23.07.11 - 09h24s4;23.07.11 - 09h21s33;151;0;0;3D3B8F7A9F26C007;0;0;0;0;0;0;0;17;0;43.100067;3.020308;11;0;944.43;6.25;-0.72;26;0;0;0;0.00;0.00;0.00;0;1
GNAT L082CZ - 07;0;23.07.11 - 09h26s34;23.07.11 - 09h24s4;150;0;0;3D3B8F7A9F26C007;0;0;0;0;0;0;0;18;0;43.102188;3.018842;10;0;264.15;1.76;-0.41;26;0;0;0;0.00;0.00;0.00;0;1
GNAT L082CZ - 07;0;23.07.11 - 09h28s33;23.07.11 - 09h26s34;119;0;0;3D3B8F7A9F26C007;0;0;0;0;0;0;0;19;0;43.105301;3.012269;11;0;635.97;5.34;-0.94;26;0;0;0;0.00;0.00;0.00;0;1
GNAT L082CZ - 07;0;23.07.11 - 09h31s4;23.07.11 - 09h28s33;151;0;0;3D3B8F7A9F26C007;0;0;0;0;0;0;0;20;0;43.100124;3.021000;11;0;913.16;6.05;-0.82;26;0;0;0;0.00;0.00;0.00;0;1
GNAT L082CZ - 07;0;23.07.11 - 09h33s35;23.07.11 - 09h31s4;151;0;0;3D3B8F7A9F26C007;0;0;0;0;0;0;0;21;0;43.101967;3.018906;09;0;266.35;1.76;-0.63;27;0;0;0;0.00;0.00;0.00;0;1
GNAT L082CZ - 07;0;23.07.11 - 09h36s2;23.07.11 - 09h33s35;147;0;0;3D3B8F7A9F26C007;0;0;0;0;0;0;0;22;0;43.100368;3.020050;09;0;200.52;1.36;-0.43;28;0;0;0;0.00;0.00;0.00;0;1
GNAT L082CZ - 07;0;23.07.11 - 09h39s0;23.07.11 - 09h36s2;178;0;0;3D3B8F7A9F26C007;0;0;0;0;0;0;0;23;0;43.100361;3.021463;10;0;114.71;0.64;-1.56;27;0;0;0;0.00;0.00;0.00;0;1
GNAT L082CZ - 07;0;23.07.11 - 09h41s56;23.07.11 - 09h39s0;176;0;0;3D3B8F7A9F26C007;0;0;0;0;0;0;0;24;0;43.100361;3.021571;09;0;8.77;0.05;-1.57;27;0;0;0;0.00;0.00;0.00;0;1
GNAT L082CZ - 07;0;23.07.11 - 09h43s57;23.07.11 - 09h41s56;121;0;0;3D3B8F7A9F26C007;0;0;0;0;0;0;0;25;0;43.100349;3.021368;09;0;16.56;0.14;1.48;28;0;0;0;0.00;0.00;0.00;0;1
GNAT L082CZ - 07;0;23.07.11 - 09h44s51;23.07.11 - 09h43s57;54;0;0;3D3B8F7A9F26C007;0;0;0;0;0;0;0;26;0;43.100414;3.021501;09;0;12.99;0.24;0.92;30;0;0;0;0.00;0.00;0.00;0;1
GNAT L082CZ - 07;0;23.07.11 - 09h46s33;23.07.11 - 09h44s51;102;0;0;3D3B8F7A9F26C007;0;0;0;0;0;0;0;27;0;43.101711;3.019134;09;0;240.32;2.36;-0.86;28;0;0;0;0.00;0.00;0.00;0;1
GNAT L082CZ - 07;0;23.07.11 - 09h49s2;23.07.11 - 09h46s33;149;0;0;3D3B8F7A9F26C007;0;0;0;0;0;0;0;28;0;43.100296;3.021552;10;0;251.51;1.69;-0.83;28;0;0;0;0.00;0.00;0.00;0;1
GNAT L082CZ - 07;0;23.07.11 - 09h51s41;23.07.11 - 09h49s2;159;0;0;3D3B8F7A9F26C007;0;0;0;0;0;0;0;29;0;43.100414;3.021866;09;0;28.59;0.18;1.04;28;0;0;0;0.00;0.00;0.00;0;1
GNAT L082CZ - 07;0;23.07.11 - 09h53s52;23.07.11 - 09h51s41;131;0;0;3D3B8F7A9F26C007;0;0;0;0;0;0;0;30;0;43.100388;3.021651;09;0;17.72;0.14;1.38;28;0;0;0;0.00;0.00;0.00;0;1
GNAT L082CZ - 07;0;23.07.11 - 09h55s35;23.07.11 - 09h53s52;103;0;0;3D3B8F7A9F26C007;0;0;0;0;0;0;0;31;0;43.100365;3.022006;10;0;28.89;0.28;-1.47;28;0;0;0;0.00;0.00;0.00;0;1
GNAT L082CZ - 07;0;23.07.11 - 09h57s40;23.07.11 - 09h55s35;125;0;0;3D3B8F7A9F26C007;0;0;0;0;0;0;0;32;0;43.100414;3.021855;11;0;13.36;0.11;-1.09;28;0;0;0;0.00;0.00;0.00;0;1
GNAT L082CZ - 07;0;23.07.11 - 09h59s34;23.07.11 - 09h57s40;114;0;0;3D3B8F7A9F26C007;0;0;0;0;0;0;0;33;0;43.101635;3.019211;11;0;254.08;2.23;-0.94;27;0;0;0;0.00;0.00;0.00;0;1
GNAT L082CZ - 07;0;23.07.11 - 10h02s2;23.07.11 - 09h59s34;148;0;0;3D3B8F7A9F26C007;0;0;0;0;0;0;0;34;0;43.100601;3.020002;12;0;131.76;0.89;-0.45;28;0;0;0;0.00;0.00;0.00;0;1
GNAT L082CZ - 07;0;23.07.11 - 10h04s34;23.07.11 - 10h02s2;152;0;0;3D3B8F7A9F26C007;0;0;0;0;0;0;0;35;0;43.101616;3.019278;11;0;127.18;0.84;-0.43;27;0;0;0;0.00;0.00;0.00;0;1
GNAT L082CZ - 07;0;23.07.11 - 10h06s37;23.07.11 - 10h04s34;123;0;0;3D3B8F7A9F26C007;0;0;0;0;0;0;0;36;0;43.103642;3.013825;10;0;496.70;4.04;-1.05;28;0;0;0;0.00;0.00;0.00;0;1
GNAT L082CZ - 07;0;23.07.11 - 10h09s4;23.07.11 - 10h06s37;147;0;0;3D3B8F7A9F26C007;0;0;0;0;0;0;0;37;0;43.100437;3.021259;12;0;700.85;4.77;-0.97;28;0;0;0;0.00;0.00;0.00;0;1
GNAT L082CZ - 07;0;23.07.11 - 10h11s57;23.07.11 - 10h09s4;173;0;0;3D3B8F7A9F26C007;0;0;0;0;0;0;0;38;0;43.100407;3.021851;11;0;48.19;0.28;-1.49;28;0;0;0;0.00;0.00;0.00;0;1
GNAT L082CZ - 07;0;23.07.11 - 10h13s1;23.07.11 - 10h11s57;64;0;0;3D3B8F7A9F26C007;0;0;0;0;0;0;0;39;0;43.100433;3.022056;11;0;16.90;0.26;1.37;30;0;0;0;0.00;0.00;0.00;0;1
GNAT L082CZ - 07;0;23.07.11 - 10h16s3;23.07.11 - 10h13s1;182;0;0;3D3B8F7A9F26C007;0;0;0;0;0;0;0;40;0;43.100334;3.022838;15;0;64.44;0.35;-1.37;28;0;0;0;0.00;0.00;0.00;0;1
GNAT L082CZ - 07;0;23.07.11 - 10h19s3;23.07.11 - 10h16s3;180;0;0;3D3B8F7A9F26C007;0;0;0;0;0;0;0;41;0;43.100315;3.022841;13;0;2.29;0.01;-0.10;27;0;0;0;0.00;0.00;0.00;0;1
GNAT L082CZ - 07;0;23.07.11 - 10h22s3;23.07.11 - 10h19s3;180;0;0;3D3B8F7A9F26C007;0;0;0;0;0;0;0;42;0;43.100334;3.022787;11;0;4.95;0.03;-1.06;27;0;0;0;0.00;0.00;0.00;0;1
GNAT L082CZ - 07;0;23.07.11 - 10h25s3;23.07.11 - 10h22s3;180;0;0;3D3B8F7A9F26C007;0;0;0;0;0;0;0;43;0;43.100307;3.022790;13;0;3.05;0.02;-0.07;28;0;0;0;0.00;0.00;0.00;0;1
GNAT L082CZ - 07;0;23.07.11 - 10h28s3;23.07.11 - 10h25s3;180;0;0;3D3B8F7A9F26C007;0;0;0;0;0;0;0;44;0;43.100307;3.022919;12;0;10.45;0.06;-1.57;28;0;0;0;0.00;0.00;0.00;0;1
GNAT L082CZ - 07;0;23.07.11 - 10h31s2;23.07.11 - 10h28s3;179;0;0;3D3B8F7A9F26C007;0;0;0;0;0;0;0;45;0;43.100357;3.022692;12;0;19.27;0.11;-1.24;28;0;0;0;0.00;0.00;0.00;0;1
GNAT L082CZ - 07;0;23.07.11 - 10h34s3;23.07.11 - 10h31s2;181;0;0;3D3B8F7A9F26C007;0;0;0;0;0;0;0;46;0;43.100521;3.021875;09;0;68.80;0.38;-1.27;28;0;0;0;0.00;0.00;0.00;0;1
GNAT L082CZ - 07;0;23.07.11 - 10h37s3;23.07.11 - 10h34s3;180;0;0;3D3B8F7A9F26C007;0;0;0;0;0;0;0;47;0;43.100357;3.022951;09;0;89.24;0.50;-1.34;28;0;0;0;0.00;0.00;0.00;0;1