GNAT L082CZ - 02;0;23.07.11 - 09h04s33;23.07.11 - 09h01s32;181;0;0;3D3B8F7A9F26C002;0;0;0;0;0;0;0;9;0;43.100319;3.022833;16;0;29.66;0.16;-0.46;29;0;0;0;0.00;0.00;0.00;1;1
GNAT L082CZ - 02;0;23.07.11 - 09h07s37;23.07.11 - 09h04s33;184;0;0;3D3B8F7A9F26C002;0;0;0;0;0;0;0;10;0;43.100281;3.022787;13;0;5.62;0.03;0.66;29;0;0;0;0.00;0.00;0.00;1;1
GNAT L082CZ - 02;0;23.07.11 - 09h10s41;23.07.11 - 09h07s37;184;0;0;3D3B8F7A9F26C002;0;0;0;0;0;0;0;11;0;43.100281;3.022775;13;0;0.99;0.01;1.57;29;0;0;0;0.00;0.00;0.00;1;1
GNAT L082CZ - 02;0;23.07.11 - 09h13s35;23.07.11 - 09h10s41;174;0;0;3D3B8F7A9F26C002;0;0;0;0;0;0;0;12;0;43.100285;3.022773;15;0;0.40;0.00;-0.31;29;0;0;0;0.00;0.00;0.00;1;1
GNAT L082CZ - 02;0;23.07.11 - 09h16s32;23.07.11 - 09h13s35;177;0;0;3D3B8F7A9F26C002;0;0;0;0;0;0;0;13;0;43.100288;3.022783;15;0;0.90;0.01;1.03;30;0;0;0;0.00;0.00;0.00;1;1
GNAT L082CZ - 02;0;23.07.11 - 09h19s33;23.07.11 - 09h16s32;181;0;0;3D3B8F7A9F26C002;0;0;0;0;0;0;0;14;0;43.100285;3.022775;14;0;0.76;0.00;0.93;29;0;0;0;0.00;0.00;0.00;1;1
GNAT L082CZ - 02;0;23.07.11 - 09h22s37;23.07.11 - 09h19s33;184;0;0;3D3B8F7A9F26C002;0;0;0;0;0;0;0;15;0;43.100281;3.022773;15;0;0.40;0.00;0.31;29;0;0;0;0.00;0.00;0.00;1;1
GNAT L082CZ - 02;0;23.07.11 - 09h25s37;23.07.11 - 09h22s37;180;0;0;3D3B8F7A9F26C002;0;0;0;0;0;0;0;16;0;43.100281;3.022763;14;0;0.79;0.00;1.57;30;0;0;0;0.00;0.00;0.00;1;1
GNAT L082CZ - 02;0;23.07.11 - 09h28s37;23.07.11 - 09h25s37;180;0;0;3D3B8F7A9F26C002;0;0;0;0;0;0;0;17;0;43.100288;3.022761;16;0;0.78;0.00;-0.16;29;0;0;0;0.00;0.00;0.00;1;1
GNAT L082CZ - 02;0;23.07.11 - 09h31s32;23.07.11 - 09h28s37;175;0;0;3D3B8F7A9F26C002;0;0;0;0;0;0;0;18;0;43.100300;3.022751;16;0;1.73;0.01;-0.52;29;0;0;0;0.00;0.00;0.00;1;1
GNAT L082CZ - 02;0;23.07.11 - 09h34s33;23.07.11 - 09h31s32;181;0;0;3D3B8F7A9F26C002;0;0;0;0;0;0;0;19;0;43.100304;3.022756;16;0;0.55;0.00;0.70;30;0;0;0;0.00;0.00;0.00;1;1
GNAT L082CZ - 02;0;23.07.11 - 09h37s31;23.07.11 - 09h34s33;178;0;0;3D3B8F7A9F26C002;0;0;0;0;0;0;0;20;0;43.100346;3.022757;18;0;4.56;0.03;0.01;31;0;0;0;0.00;0.00;0.00;1;1
GNAT L082CZ - 02;0;23.07.11 - 09h40s34;23.07.11 - 09h37s31;183;0;0;3D3B8F7A9F26C002;0;0;0;0;0;0;0;21;0;43.100304;3.022732;16;0;4.98;0.03;0.36;30;0;0;0;0.00;0.00;0.00;1;1
GNAT L082CZ - 02;0;23.07.11 - 09h43s33;23.07.11 - 09h40s34;179;0;0;3D3B8F7A9F26C002;0;0;0;0;0;0;0;22;0;43.100311;3.022741;16;0;1.04;0.01;0.63;30;0;0;0;0.00;0.00;0.00;1;1
GNAT L082CZ - 02;0;23.07.11 - 09h46s37;23.07.11 - 09h43s33;184;0;0;3D3B8F7A9F26C002;0;0;0;0;0;0;0;23;0;43.100304;3.022735;17;0;0.90;0.00;0.46;30;0;0;0;0.00;0.00;0.00;1;1
GNAT L082CZ - 02;0;23.07.11 - 09h49s36;23.07.11 - 09h46s37;179;0;0;3D3B8F7A9F26C002;0;0;0;0;0;0;0;24;0;43.100307;3.022731;17;0;0.48;0.00;-0.57;30;0;0;0;0.00;0.00;0.00;1;1
GNAT L082CZ - 02;0;23.07.11 - 09h52s31;23.07.11 - 09h49s36;175;0;0;3D3B8F7A9F26C002;0;0;0;0;0;0;0;25;0;43.100323;3.022734;17;0;1.54;0.01;0.12;31;0;0;0;0.00;0.00;0.00;1;1
GNAT L082CZ - 02;0;23.07.11 - 09h55s37;23.07.11 - 09h52s31;186;0;0;3D3B8F7A9F26C002;0;0;0;0;0;0;0;26;0;43.100304;3.022725;18;0;2.03;0.01;0.29;30;0;0;0;0.00;0.00;0.00;1;1
GNAT L082CZ - 02;0;23.07.11 - 09h58s37;23.07.11 - 09h55s37;180;0;0;3D3B8F7A9F26C002;0;0;0;0;0;0;0;27;0;43.100319;3.022730;17;0;1.58;0.01;0.22;30;0;0;0;0.00;0.00;0.00;1;1
GNAT L082CZ - 02;0;23.07.11 - 10h01s31;23.07.11 - 09h58s37;174;0;0;3D3B8F7A9F26C002;0;0;0;0;0;0;0;28;0;43.100307;3.022722;17;0;1.32;0.01;0.42;30;0;0;0;0.00;0.00;0.00;1;1
GNAT L082CZ - 02;0;23.07.11 - 10h04s30;23.07.11 - 10h01s31;179;0;0;3D3B8F7A9F26C002;0;0;0;0;0;0;0;29;0;43.100307;3.022715;19;0;0.58;0.00;1.57;30;0;0;0;0.00;0.00;0.00;1;1
GNAT L082CZ - 02;0;23.07.11 - 10h07s29;23.07.11 - 10h04s30;179;0;0;3D3B8F7A9F26C002;0;0;0;0;0;0;0;30;0;43.100296;3.022703;17;0;1.51;0.01;0.59;30;0;0;0;0.00;0.00;0.00;1;1
GNAT L082CZ - 02;0;23.07.11 - 10h10s34;23.07.11 - 10h07s29;185;0;0;3D3B8F7A9F26C002;0;0;0;0;0;0;0;31;0;43.100304;3.022708;20;0;0.87;0.00;0.41;31;0;0;0;0.00;0.00;0.00;1;1
GNAT L082CZ - 02;0;23.07.11 - 10h13s31;23.07.11 - 10h10s34;177;0;0;3D3B8F7A9F26C002;0;0;0;0;0;0;0;32;0;43.100304;3.022709;19;0;0.00;0.00;-1.57;30;0;0;0;0.00;0.00;0.00;1;1
GNAT L082CZ - 02;0;23.07.11 - 10h16s32;23.07.11 - 10h13s31;181;0;0;3D3B8F7A9F26C002;0;0;0;0;0;0;0;33;0;43.100288;3.022723;19;0;2.21;0.01;-0.53;30;0;0;0;0.00;0.00;0.00;1;1
GNAT L082CZ - 02;0;23.07.11 - 10h20s34;23.07.11 - 10h16s32;242;0;0;3D3B8F7A9F26C002;0;0;0;0;0;0;0;34;0;43.100281;3.022688;16;0;2.96;0.01;1.24;33;0;0;0;0.00;0.00;0.00;1;1
GNAT L082CZ - 02;0;23.07.11 - 10h23s29;23.07.11 - 10h20s34;175;0;0;3D3B8F7A9F26C002;0;0;0;0;0;0;0;35;0;43.100243;3.022624;15;0;6.66;0.04;0.82;31;0;0;0;0.00;0.00;0.00;1;1
GNAT L082CZ - 02;0;23.07.11 - 10h26s29;23.07.11 - 10h23s29;180;0;0;3D3B8F7A9F26C002;0;0;0;0;0;0;0;36;0;43.100262;3.022645;16;0;2.86;0.02;0.62;31;0;0;0;0.00;0.00;0.00;1;1
GNAT L082CZ - 02;0;23.07.11 - 10h29s28;23.07.11 - 10h26s29;179;0;0;3D3B8F7A9F26C002;0;0;0;0;0;0;0;37;0;43.100273;3.022650;16;0;1.21;0.01;0.27;31;0;0;0;0.00;0.00;0.00;1;1
GNAT L082CZ - 02;0;23.07.11 - 10h32s29;23.07.11 - 10h29s28;181;0;0;3D3B8F7A9F26C002;0;0;0;0;0;0;0;38;0;43.100262;3.022633;17;0;1.79;0.01;0.75;30;0;0;0;0.00;0.00;0.00;1;1
GNAT L082CZ - 02;0;23.07.11 - 10h35s30;23.07.11 - 10h32s29;181;0;0;3D3B8F7A9F26C002;0;0;0;0;0;0;0;39;0;43.100258;3.022460;17;0;14.07;0.08;1.54;30;0;0;0;0.00;0.00;0.00;1;1