GNAT L082CZ - 03;3.91;23.06.21 - 09h32;23.06.21 - 09h32;75735.05;1687332760772000000;29.1;3D3B8F7A9F26C003;1;-116;-20;-136.04;12;867.7;1;0;012300bfff69fffc0404010e0291a068002e28320d0a;43.098216;3.024946;13;10;1194.07;0.02;135.72;27;-0.151;-0.004;1.028;-0.02;-0.88;6.02
GNAT L082CZ - 03;3.91;23.06.21 - 10h52;23.06.21 - 10h52;4781.93;1687337542700000000;27.8;3D3B8F7A9F26C003;4;-112;-3;-116.76;12;867.1;2;0;011600bfff37fffa03e601040291a234002e21861207;43.098676;3.023238;18;7;147.81;0.03;292.97;26;-0.201;-0.006;0.998;-0.04;-1.17;5.84
GNAT L082CZ - 03;3.92;23.06.21 - 10h56;23.06.21 - 10h56;249;1687337791699000000;27.4;3D3B8F7A9F26C003;2;-113;-15;-128.14;12;865.1;1;2;011200c0ff63fe9f03d201040291a534002e24971016;43.099444;3.024023;16;22;106.56;0.43;32.99;26;-0.157;-0.353;0.978;-2.06;-0.92;5.72
GNAT L082CZ - 03;3.91;23.06.21 - 10h58;23.06.21 - 10h58;115;1687337906696000000;27.4;3D3B8F7A9F26C003;2;-111;-12;-123.27;12;868.5;1;3;011200bfff40ffcf042501040291a4b4002e24e10d18;43.099316;3.024097;13;24;15.45;0.13;159.85;26;-0.192;-0.049;1.061;-0.29;-1.12;6.21
GNAT L082CZ - 03;3.91;23.06.21 - 11h04;23.06.21 - 11h04;362;1687338268699000000;27.4;3D3B8F7A9F26C003;1;-114;-16;-130.11;12;867.7;2;6;011200bfff1e002f041a01040291a420002e25071018;43.099168;3.024135;16;24;16.74;0.05;170.74;26;-0.226;0.047;1.05;0.27;-1.32;6.14
GNAT L082CZ - 03;3.91;23.06.21 - 11h06;23.06.21 - 11h06;119.55;1687338388245000000;27.4;3D3B8F7A9F26C003;2;-116;-13.75;-129.93;12;868.1;1;7;011200bffefe006003b301040291a3d8002e251d1118;43.099096;3.024157;17;24;8.2;0.07;169.02;26;-0.258;0.096;0.947;0.56;-1.51;5.54
GNAT L082CZ - 03;3.91;23.06.21 - 11h14;23.06.21 - 11h14;479.44;1687338867686000000;27;3D3B8F7A9F26C003;1;-112;-21;-133.03;12;868.3;1;11;010e00bffedc003603ad00fa0291a330002e25900f18;43.098928;3.024272;15;24;20.88;0.04;156.52;25;-0.292;0.054;0.941;0.32;-1.71;5.5
GNAT L082CZ - 03;3.91;23.06.21 - 11h16;23.06.21 - 11h16;122.01;1687338989699000000;27;3D3B8F7A9F26C003;2;-113;-15;-128.14;12;866.7;2;12;010e00bfff32002a03ca01040291a2e8002e25a31117;43.098856;3.024291;17;23;8.15;0.07;170.49;26;-0.206;0.042;0.97;0.25;-1.2;5.67
GNAT L082CZ - 03;3.91;23.06.21 - 11h18;23.06.21 - 11h18;118.02;1687339107719000000;27.4;3D3B8F7A9F26C003;1;-113;-19;-132.05;12;868.3;1;13;011200bffee1008c039901040291a2c4002e25871416;43.09882;3.024263;20;22;4.6;0.04;206.27;26;-0.287;0.14;0.921;0.82;-1.68;5.39
GNAT L082CZ - 03;3.91;23.06.21 - 11h22;23.06.21 - 11h22;240.56;1687339348278000000;27.8;3D3B8F7A9F26C003;1;-113;-16.5;-129.6;12;868.1;2;15;011600bffec0007a03fb01040291a270002e25c51518;43.098736;3.024325;21;24;10.61;0.04;154.91;26;-0.32;0.122;1.019;0.71;-1.87;5.96
GNAT L082CZ - 03;3.91;23.06.21 - 11h24;23.06.21 - 11h24;120.45;1687339468724000000;27;3D3B8F7A9F26C003;2;-114;-15;-129.14;12;867.9;1;16;010e00bffef9006c03e601040291a248002e25cd1518;43.098696;3.024333;21;24;4.49;0.04;172.77;26;-0.263;0.108;0.998;0.63;-1.54;5.84
GNAT L082CZ - 03;3.91;23.06.21 - 11h26;23.06.21 - 11h26;119.54;1687339588266000000;27.4;3D3B8F7A9F26C003;1;-116;-17;-133.09;12;868.5;2;17;011200bffef800b603fc01040291a218002e25f21416;43.098648;3.02437;20;22;6.12;0.05;153.94;26;-0.264;0.182;1.02;1.06;-1.54;5.97
GNAT L082CZ - 03;3.91;23.06.21 - 11h28;23.06.21 - 11h28;121.45;1687339709718000000;27.4;3D3B8F7A9F26C003;2;-114;-15;-129.14;12;866.7;2;18;011200bffee9005603bc01040291a1f8002e25e01418;43.098616;3.024352;20;24;3.85;0.03;199.64;26;-0.279;0.086;0.956;0.5;-1.63;5.59
GNAT L082CZ - 03;3.91;23.06.21 - 11h30;23.06.21 - 11h30;118.56;1687339828274000000;27.8;3D3B8F7A9F26C003;1;-116;-16.5;-132.6;12;868.3;1;19;011600bfff10002b03cd01040291a1cc002e26101518;43.098572;3.0244;21;24;6.26;0.05;145.32;26;-0.24;0.043;0.973;0.25;-1.4;5.69
GNAT L082CZ - 03;3.91;23.06.21 - 11h32;23.06.21 - 11h32;124.76;1687339953033000000;27.8;3D3B8F7A9F26C003;1;-114;-17;-131.09;12;865.3;1;20;011600bfff150092041201040291a254002e24ed121d;43.098708;3.024109;18;29;28.05;0.22;306.38;26;-0.235;0.146;1.042;0.85;-1.37;6.1
GNAT L082CZ - 03;3.91;23.06.21 - 11h34;23.06.21 - 11h33;100.13;1687340053166000000;27.8;3D3B8F7A9F26C003;1;-114;-21;-135.03;12;868.1;1;21;011600bf03a2fee4fa2f01040291b19c002e241a1015;43.10262;3.023898;16;21;435.33;4.35;358.03;26;0.93;-0.284;-1.489;-1.66;5.44;-8.73
GNAT L082CZ - 03;3.91;23.06.21 - 11h52;23.06.21 - 11h52;1095.54;1687341148711000000;27.8;3D3B8F7A9F26C003;1;-114;-16;-130.11;12;866.7;1;30;011600bfffc9001e03fa010e0291ac8c002e1b231316;43.101324;3.021603;19;22;235.55;0.22;228.39;27;-0.055;0.03;1.018;0.18;-0.32;5.96
GNAT L082CZ - 03;3.91;23.06.21 - 11h56;23.06.21 - 11h56;238;1687341386707000000;28.2;3D3B8F7A9F26C003;1;-114;-18;-132.07;12;867.3;1;32;011a00bf011d01670358010e0291ac84002e19bf1217;43.101316;3.021247;18;23;28.92;0.12;267.97;27;0.285;0.359;0.856;2.1;1.66;5.01
GNAT L082CZ - 03;3.91;23.06.21 - 12h00;23.06.21 - 11h59;248.85;1687341635555000000;28.7;3D3B8F7A9F26C003;1;-114;-21;-135.03;12;865.3;1;34;011f00bf00a0015f0317010e0291acc8002e1741121f;43.101384;3.020609;18;31;52.35;0.21;279.49;27;0.16;0.351;0.791;2.05;0.93;4.62
GNAT L082CZ - 03;3.91;23.06.21 - 12h10;23.06.21 - 12h09;588.14;1687342223697000000;29.5;3D3B8F7A9F26C003;1;-109;-22;-131.03;12;868.3;2;39;012700bffc56fde6017101180291ad7c002e13011218;43.101564;3.019521;18;24;90.57;0.15;284.55;28;-0.938;-0.538;0.369;-3.14;-5.49;2.16
GNAT L082CZ - 03;3.91;23.06.21 - 12h14;23.06.21 - 12h13;243;1687342466692000000;31.2;3D3B8F7A9F26C003;1;-110;-24;-134.02;12;868.5;1;41;013800bf00320226030c01220291ac60002e115f1118;43.10128;3.019103;17;24;46.36;0.19;223.12;29;0.05;0.55;0.78;3.21;0.29;4.56
GNAT L082CZ - 03;3.91;23.06.21 - 12h18;23.06.21 - 12h18;239.54;1687342706233000000;31.7;3D3B8F7A9F26C003;1;-116;-19;-135.05;12;868.1;1;43;013d00bffe46ffbb041e01360291a800002e18271018;43.10016;3.020839;16;24;188.08;0.79;135.45;31;-0.442;-0.069;1.054;-0.4;-2.58;6.17
GNAT L082CZ - 03;3.91;23.06.21 - 12h22;23.06.21 - 12h20;236.48;1687342942711000000;32.1;3D3B8F7A9F26C003;1;-113;-16;-129.11;12;868.5;1;45;014100bf003f013503d101360291ab44002e18df1414;43.100996;3.021023;20;20;94.15;0.4;7.97;31;0.063;0.309;0.977;1.81;0.37;5.72
GNAT L082CZ - 03;3.91;23.06.21 - 12h24;23.06.21 - 12h22;118;1687343060711000000;32.5;3D3B8F7A9F26C003;2;-114;-15;-129.14;12;865.1;2;46;014500bf0280fe9e025801360291ab98002e18881417;43.10108;3.020936;20;23;11.71;0.1;326.62;31;0.64;-0.354;0.6;-2.07;3.74;3.51
GNAT L082CZ - 03;3.91;23.06.21 - 12h26;23.06.21 - 12h24;124.01;1687343184717000000;32.1;3D3B8F7A9F26C003;2;-113;-13;-126.21;12;868.1;1;47;014100bffe07ff7503ba01400291ab28002e18b11516;43.100968;3.020977;21;22;12.89;0.1;166.89;32;-0.505;-0.139;0.954;-0.81;-2.95;5.58
GNAT L082CZ - 03;3.91;23.06.21 - 12h28;23.06.21 - 12h27;115.99;1687343300710000000;32.9;3D3B8F7A9F26C003;1;-114;-17;-131.09;12;865.1;2;48;014900bf007001ae033c01400291ab34002e18af1413;43.10098;3.020975;20;19;1.34;0.01;353.95;32;0.112;0.43;0.828;2.51;0.65;4.84
GNAT L082CZ - 03;3.91;23.06.21 - 12h30;23.06.21 - 12h28;113.48;1687343414187000000;32.1;3D3B8F7A9F26C003;1;-111;-17;-128.09;12;868.1;1;49;014100bf00d400c703a101400291bb08002e25911317;43.105032;3.024273;19;23;524.12;4.62;27.5;32;0.212;0.199;0.929;1.16;1.24;5.43
GNAT L082CZ - 03;3.91;23.06.21 - 12h36;23.06.21 - 12h35;380.52;1687343794706000000;32.9;3D3B8F7A9F26C003;1;-114;-16;-130.11;12;865.1;2;52;014900bffd44005c034901400291a9f0002e13251317;43.100656;3.019557;19;23;619.16;1.63;214.39;32;-0.7;0.092;0.841;0.54;-4.09;4.92
GNAT L082CZ - 03;3.91;23.06.21 - 12h38;23.06.21 - 12h36;110.02;1687343904725000000;32.9;3D3B8F7A9F26C003;1;-114;-17;-131.09;12;868.1;1;53;014900bffde5002efc8a01400291ab88002e16b41617;43.101064;3.020468;22;23;86.77;0.79;54.87;32;-0.539;0.046;-0.886;0.27;-3.15;-5.18
GNAT L082CZ - 03;3.91;23.06.21 - 12h40;23.06.21 - 12h39;110.97;1687344015693000000;33.4;3D3B8F7A9F26C003;1;-114;-17;-131.09;12;865.9;2;54;014e00bffd12fe86fd3f01400291ab94002e16731109;43.101076;3.020403;17;9;5.44;0.05;286.18;32;-0.75;-0.378;-0.705;-2.21;-4.38;-4.12
GNAT L082CZ - 03;3.91;23.06.21 - 12h42;23.06.21 - 12h42;129.01;1687344144707000000;33.4;3D3B8F7A9F26C003;1;-113;-17;-130.09;12;868.1;1;55;014e00bffde60027fc7c01400291abc0002e152a1315;43.10112;3.020074;19;21;27.16;0.21;281.86;32;-0.538;0.039;-0.9;0.23;-3.14;-5.26
GNAT L082CZ - 03;3.91;23.06.21 - 12h44;23.06.21 - 12h44;126.01;1687344270721000000;32.9;3D3B8F7A9F26C003;1;-114;-16;-130.11;12;865.5;2;56;014900bffcf7fe82fd3d014a0291abf4002e14e61512;43.101172;3.020006;21;18;7.99;0.06;320.24;33;-0.777;-0.382;-0.707;-2.23;-4.54;-4.13
GNAT L082CZ - 03;3.91;23.06.21 - 12h46;23.06.21 - 12h45;119.98;1687344390706000000;33.8;3D3B8F7A9F26C003;1;-113;-24;-137.02;12;868.3;1;57;015200bffdcc02d0fd97014a0291ab68002e12cc1314;43.101032;3.019468;19;20;46.37;0.39;247.74;33;-0.564;0.72;-0.617;4.21;-3.3;-3.61
GNAT L082CZ - 03;3.91;23.06.21 - 12h48;23.06.21 - 12h48;114.98;1687344505688000000;34.6;3D3B8F7A9F26C003;2;-114;-15;-129.14;12;866.7;2;58;015a00bffedf0243fd4d014a0291abd4002e0f8d1015;43.10114;3.018637;16;21;68.53;0.6;281.53;33;-0.289;0.579;-0.691;3.38;-1.69;-4.04
GNAT L082CZ - 03;3.91;23.06.21 - 13h04;23.06.21 - 13h04;957.02;1687345462706000000;37.6;3D3B8F7A9F26C003;1;-114;-18;-132.07;12;866.7;2;66;017800bffe630232039101720291b190002e13fe1317;43.102608;3.019774;19;23;187.53;0.2;26.28;37;-0.413;0.562;0.913;3.28;-2.41;5.34
GNAT L082CZ - 03;3.91;23.06.21 - 13h06;23.06.21 - 13h06;120;1687345582706000000;36.8;3D3B8F7A9F26C003;1;-110;-22;-132.03;12;868.5;1;67;017000bfffa5029d030e01720291b040002e13e21316;43.102272;3.019746;19;22;37.43;0.31;183.04;37;-0.091;0.669;0.782;3.91;-0.53;4.57
GNAT L082CZ - 03;3.91;23.06.21 - 13h08;23.06.21 - 13h07;122;1687345704705000000;37.2;3D3B8F7A9F26C003;1;-114;-21;-135.03;12;865.3;1;68;017400bf001e01a0036501720291af54002e14091315;43.102036;3.019785;19;21;26.43;0.22;173.99;37;0.03;0.416;0.869;2.43;0.18;5.08
GNAT L082CZ - 03;3.91;23.06.21 - 13h12;23.06.21 - 13h12;238.01;1687345942719000000;37.6;3D3B8F7A9F26C003;1;-114;-17;-131.09;12;865.5;1;70;017800bffec90315028101720291b1dc002e1e811518;43.102684;3.022465;21;24;229.2;0.96;69.28;37;-0.311;0.789;0.641;4.61;-1.82;3.75
GNAT L082CZ - 03;3.91;23.06.21 - 13h14;23.06.21 - 13h14;128.55;1687346071268000000;38;3D3B8F7A9F26C003;1;-115;-16.75;-131.84;12;868.1;1;71;017c00bffeb202cc0299017c0291b2a8002e216c1517;43.102888;3.023212;21;23;64.75;0.5;66.83;38;-0.334;0.716;0.665;4.19;-1.95;3.89
GNAT L082CZ - 03;3.91;23.06.21 - 13h20;23.06.21 - 13h19;352.45;1687346423717000000;38;3D3B8F7A9F26C003;2;-114;-15;-129.14;12;865.3;1;74;017c00bffe0a008003b6017c0291b254002e0f131518;43.102804;3.018515;21;24;381.45;1.08;268.29;38;-0.502;0.128;0.95;0.75;-2.93;5.56
GNAT L082CZ - 03;3.91;23.06.21 - 13h24;23.06.21 - 13h24;249.97;1687346673690000000;38;3D3B8F7A9F26C003;1;-114;-19;-133.05;12;866.7;2;76;017c00bffe6202f90232017c0291b278002e03c21116;43.10284;3.015618;17;22;235.23;0.94;271.05;38;-0.414;0.761;0.562;4.45;-2.42;3.28
GNAT L082CZ - 03;3.91;23.06.21 - 13h32;23.06.21 - 13h31;475.01;1687347148697000000;37.6;3D3B8F7A9F26C003;2;-113;-12;-125.27;12;866.7;1;80;017800bffe9f022f032d017c0291b6ec002e08d01217;43.10398;3.016912;18;23;164.64;0.35;35.94;38;-0.353;0.559;0.813;3.27;-2.06;4.75
GNAT L082CZ - 03;3.91;23.06.21 - 13h52;23.06.21 - 13h51;1198.99;1687348347685000000;32.9;3D3B8F7A9F26C003;1;-114;-17;-131.09;12;865.3;1;90;014900bffd73ffb702fa014a0291bee8002e04461017;43.106024;3.01575;16;23;246.08;0.21;340;33;-0.653;-0.073;0.762;-0.43;-3.82;4.45
GNAT L082CZ - 03;3.91;23.06.21 - 13h58;23.06.21 - 13h55;366.42;1687348714108000000;32.9;3D3B8F7A9F26C003;1;-107;-24;-131.02;12;868.1;1;93;014900bffee5002e03ce014a0291b49c002df67c1124;43.103388;3.01222;17;36;409.93;1.12;220.48;33;-0.283;0.046;0.974;0.27;-1.65;5.7
GNAT L082CZ - 03;3.91;23.06.21 - 14h00;23.06.21 - 13h59;114.59;1687348828698000000;32.5;3D3B8F7A9F26C003;2;-114;-15;-129.14;12;865.9;1;94;014500bffed40041041501400291b9d0002dfb5b1216;43.10472;3.013467;18;22;179.4;1.57;30.9;32;-0.3;0.065;1.045;0.38;-1.75;6.11
GNAT L082CZ - 03;3.91;23.06.21 - 14h02;23.06.21 - 14h02;119.99;1687348948691000000;32.5;3D3B8F7A9F26C003;1;-113;-19;-132.05;12;868.3;1;95;014500bffd4900af037301400291ba48002df9361117;43.10484;3.012918;17;23;46.52;0.39;288.87;32;-0.695;0.175;0.883;1.02;-4.06;5.16
GNAT L082CZ - 03;3.91;23.06.21 - 14h24;23.06.21 - 14h23;1305.54;1687350254231000000;30.4;3D3B8F7A9F26C003;1;-114;-16;-130.11;12;866.7;1;106;013000bfff40ff9103e6012c0291b5d8002ddd9e0e0c;43.103704;3.005854;14;12;587.24;0.45;255.71;30;-0.192;-0.111;0.998;-0.65;-1.12;5.84
GNAT L082CZ - 03;3.91;23.06.21 - 14h36;23.06.21 - 14h35;719.99;1687350974226000000;30;3D3B8F7A9F26C003;3;-114;-9;-123.51;12;865.9;1;112;012c00bffe22ffa903be01220291c9d4002d9e9b0d0d;43.10882;2.989723;13;13;1427.77;1.98;296;29;-0.478;-0.087;0.958;-0.51;-2.79;5.6
GNAT L082CZ - 03;3.91;23.06.21 - 14h38;23.06.21 - 14h37;133.45;1687351107672000000;29.5;3D3B8F7A9F26C003;1;-114;-21;-135.03;12;868.1;1;113;012700bffefefead03dc01220291d56c002d96ad0e17;43.111788;2.987693;14;23;368.88;2.76;336.21;29;-0.258;-0.339;0.988;-1.98;-1.51;5.78
GNAT L082CZ - 03;3.91;23.06.21 - 14h56;23.06.21 - 14h54;1068.13;1687352175798000000;30.4;3D3B8F7A9F26C003;1;-116;-19.25;-135.3;12;867.3;1;122;013000bf013000e403740122029217e8002db3b71117;43.128808;2.995127;17;23;1986.39;1.86;16.03;29;0.304;0.228;0.884;1.33;1.78;5.17
