GNAT L082CZ - 05;3.92;23.06.21 - 08h57;23.06.20 - 21h20;72891;1687330636708000000;26.5;3D3B8F7A9F26C005;3;-115;-9;-124.51;12;867.1;1;0;010900c0fce5fdb701cd010402920480002dbde21117;43.12384;2.99773;17;23;270.95;0;121.2;26;-0.795;-0.585;0.461;-3.42;-4.65;2.69
GNAT L082CZ - 05;3.92;23.06.21 - 08h59;23.06.21 - 08h57;117.99;1687330754701000000;26.5;3D3B8F7A9F26C005;2;-115;-11;-126.33;12;868.3;1;1;010900c0fd37fd64025501040291ed84002dcc751115;43.117956;3.001461;17;21;720.95;6.11;157.64;26;-0.713;-0.668;0.597;-3.9;-4.17;3.49
GNAT L082CZ - 05;3.92;23.06.21 - 09h03;23.06.21 - 09h01;227.01;1687330981708000000;26.1;3D3B8F7A9F26C005;1;-112;-16;-128.11;12;868.3;1;3;010500c0ffb1fc80004901040291b68c002dfb071115;43.103884;3.013383;17;21;1839.83;8.1;151.65;26;-0.079;-0.896;0.073;-5.24;-0.46;0.43
GNAT L082CZ - 05;3.92;23.06.21 - 09h08;23.06.21 - 09h07;331.38;1687331313090000000;26.5;3D3B8F7A9F26C005;2;-114;-13;-127.21;12;866.3;2;6;010900c0fe2d00c9037001040291a4fc002e19541318;43.099388;3.02114;19;24;804.08;2.43;132.49;26;-0.467;0.201;0.88;1.17;-2.73;5.15
GNAT L082CZ - 05;3.92;23.06.21 - 09h10;23.06.21 - 09h10;122.62;1687331435706000000;26.5;3D3B8F7A9F26C005;1;-112;-20;-132.04;12;868.3;1;7;010900c00072027c028c01040291a860002e26e91217;43.100256;3.024617;18;23;298.34;2.43;68.62;26;0.114;0.636;0.652;3.72;0.67;3.81
GNAT L082CZ - 05;3.92;23.06.21 - 09h16;23.06.21 - 09h15;342;1687331777705000000;26.9;3D3B8F7A9F26C005;1;-115;-18;-133.07;12;867.1;1;10;010d00c0fffefffb051e010e0291a868002e25ee1216;43.100264;3.024366;18;22;20.4;0.06;272.87;27;-0.002;-0.005;1.31;-0.03;-0.01;7.67
GNAT L082CZ - 05;3.92;23.06.21 - 09h20;23.06.21 - 09h19;231.02;1687332008721000000;26.5;3D3B8F7A9F26C005;1;-114;-18;-132.07;12;866.7;1;12;010900c0ff77007d03aa01040291a828002e26511316;43.1002;3.024465;19;22;10.74;0.05;135.49;26;-0.137;0.125;0.938;0.73;-0.8;5.49
GNAT L082CZ - 05;3.92;23.06.21 - 09h22;23.06.21 - 09h20;119.99;1687332128707000000;26.9;3D3B8F7A9F26C005;1;-113;-21;-134.03;12;868.1;1;13;010d00c0ff75ffff03f801040291a84c002e26201218;43.100236;3.024416;18;24;5.64;0.05;319.14;26;-0.139;-0.001;1.016;-0.01;-0.81;5.94
GNAT L082CZ - 05;3.92;23.06.21 - 09h24;23.06.21 - 09h22;120;1687332248702000000;26.5;3D3B8F7A9F26C005;1;-114;-18;-132.07;12;867.9;2;14;010900c0ffae009903c201040291a844002e260f1118;43.100228;3.024399;17;24;1.64;0.01;233.48;26;-0.082;0.153;0.962;0.89;-0.48;5.63
GNAT L082CZ - 05;3.92;23.06.21 - 09h28;23.06.21 - 09h26;235;1687332483699000000;26.1;3D3B8F7A9F26C005;1;-114;-18;-132.07;12;867.3;1;16;010500c0ff7b0016042901040291a83c002e26361017;43.10022;3.024438;16;23;3.29;0.01;107.89;26;-0.133;0.022;1.065;0.13;-0.78;6.23
GNAT L082CZ - 05;3.92;23.06.21 - 09h29;23.06.21 - 09h29;112.01;1687332595708000000;26.5;3D3B8F7A9F26C005;1;-115;-20;-135.04;12;868.1;2;17;010900c0ff69009d036001040291a850002e261e1117;43.10024;3.024414;17;23;2.96;0.03;322.67;26;-0.151;0.157;0.864;0.92;-0.88;5.05
GNAT L082CZ - 05;3.92;23.06.21 - 09h31;23.06.21 - 09h31;114;1687332709706000000;26.5;3D3B8F7A9F26C005;1;-114;-19;-133.05;12;867.3;1;18;010900c0ff1f004303fa01040291a850002e261e1116;43.10024;3.024414;17;22;0;0;0;26;-0.225;0.067;1.018;0.39;-1.31;5.96
GNAT L082CZ - 05;3.92;23.06.21 - 09h33;23.06.21 - 09h33;113.99;1687332823697000000;26.5;3D3B8F7A9F26C005;1;-113;-20;-133.04;12;868.1;1;19;010900c0ff4b00a5036d01040291a858002e26101116;43.100248;3.0244;17;22;1.44;0.01;311.96;26;-0.181;0.165;0.877;0.96;-1.06;5.13
GNAT L082CZ - 05;3.92;23.06.21 - 09h37;23.06.21 - 09h37;229;1687333052699000000;26.5;3D3B8F7A9F26C005;1;-114;-17;-131.09;12;868.5;1;21;010900c0ff3d00b2035a01040291a824002e264c1117;43.100196;3.02446;17;23;7.56;0.03;143.75;26;-0.195;0.178;0.858;1.04;-1.14;5.02
GNAT L082CZ - 05;3.92;23.06.21 - 09h39;23.06.21 - 09h39;119;1687333171701000000;26.9;3D3B8F7A9F26C005;1;-113;-17;-130.09;12;866.1;2;22;010d00c0ffa1003a041f01040291a868002e25f21216;43.100264;3.02437;18;22;10.52;0.09;319.93;26;-0.095;0.058;1.055;0.34;-0.55;6.17
GNAT L082CZ - 05;3.92;23.06.21 - 09h41;23.06.21 - 09h41;113;1687333284706000000;26.5;3D3B8F7A9F26C005;1;-112;-20;-132.04;12;868.3;1;23;010900c0ff670076039101040291a888002e25c31116;43.100296;3.024323;17;22;5.22;0.05;316.97;26;-0.153;0.118;0.913;0.69;-0.89;5.34
GNAT L082CZ - 05;3.92;23.06.21 - 09h43;23.06.21 - 09h42;115;1687333399701000000;26.5;3D3B8F7A9F26C005;1;-114;-20;-134.04;12;867.3;1;24;010900c0ff9f00c2035801040291a878002e25dc1016;43.10028;3.024348;16;22;2.7;0.02;135.2;26;-0.097;0.194;0.856;1.13;-0.57;5.01
GNAT L082CZ - 05;3.92;23.06.21 - 09h47;23.06.21 - 09h47;227;1687333626705000000;26.9;3D3B8F7A9F26C005;1;-114;-16;-130.11;12;867.3;1;26;010d00c0ff99004803cd01040291a864002e25ea1216;43.10026;3.024362;18;22;2.5;0.01;156.02;26;-0.103;0.072;0.973;0.42;-0.6;5.69
GNAT L082CZ - 05;3.92;23.06.21 - 09h48;23.06.21 - 09h47;113;1687333739705000000;26.5;3D3B8F7A9F26C005;1;-113;-17;-130.09;12;868.3;2;27;010900c0ff9a004f03c601040291a8e4002e251d1115;43.100388;3.024157;17;21;21.9;0.19;314.48;26;-0.102;0.079;0.966;0.46;-0.6;5.65
GNAT L082CZ - 05;3.92;23.06.21 - 09h50;23.06.21 - 09h50;112;1687333851704000000;26.5;3D3B8F7A9F26C005;1;-114;-18;-132.07;12;865.9;2;28;010900c0ff78006103dc01040291a82c002e26361116;43.100204;3.024438;17;22;30.64;0.27;135.86;26;-0.136;0.097;0.988;0.57;-0.79;5.78
GNAT L082CZ - 05;3.92;23.06.21 - 09h52;23.06.21 - 09h52;115.99;1687333967691000000;26.5;3D3B8F7A9F26C005;1;-113;-21;-134.03;12;868.1;1;29;010900c0ff72007703bc01040291a97c002e23f21017;43.10054;3.023858;16;23;60.11;0.52;312.33;26;-0.142;0.119;0.956;0.7;-0.83;5.59
GNAT L082CZ - 05;3.92;23.06.21 - 09h54;23.06.21 - 09h54;104.38;1687334072070000000;26.5;3D3B8F7A9F26C005;1;-114;-18;-132.07;12;867.9;2;30;010900c0ff48006a03c201040291b0fc002e19721018;43.10246;3.02117;16;24;305.3;2.92;318.23;26;-0.184;0.106;0.962;0.62;-1.07;5.63
GNAT L082CZ - 05;3.92;23.06.21 - 10h00;23.06.21 - 09h59;336;1687334408074000000;26.5;3D3B8F7A9F26C005;1;-114;-19;-133.05;12;868.5;1;33;010900c0ff1000290415010e0291b090002e19ab0f15;43.102352;3.021227;15;21;12.87;0.04;161.41;27;-0.24;0.041;1.045;0.24;-1.4;6.11
GNAT L082CZ - 05;3.92;23.06.21 - 10h02;23.06.21 - 10h02;124.47;1687334532547000000;26.5;3D3B8F7A9F26C005;1;-114;-19;-133.05;12;866.5;1;34;010900c0ff510030045701040291a850002e260b121a;43.10024;3.024395;18;26;348.29;2.8;136.4;26;-0.175;0.048;1.111;0.28;-1.02;6.5
GNAT L082CZ - 05;3.92;23.06.21 - 10h05;23.06.21 - 10h05;220.15;1687334752698000000;26.9;3D3B8F7A9F26C005;1;-114;-17;-131.09;12;866.1;2;36;010d00c0ff3d008d0370010e0291a858002e26051018;43.100248;3.024389;16;24;1.01;0;334.51;27;-0.195;0.141;0.88;0.82;-1.14;5.15
GNAT L082CZ - 05;3.92;23.06.21 - 10h09;23.06.21 - 10h09;225.53;1687334978224000000;26.9;3D3B8F7A9F26C005;1;-117;-19.25;-136.3;12;867.1;1;38;010d00c00251fc94fd1601040291a738002e221a0f16;43.09996;3.023386;15;22;87.5;0.39;245.66;26;0.593;-0.876;-0.746;-5.12;3.47;-4.36
GNAT L082CZ - 05;3.92;23.06.21 - 10h11;23.06.21 - 10h11;112.02;1687335090249000000;26.9;3D3B8F7A9F26C005;1;-113;-17.5;-130.58;12;868.3;2;39;010d00c00299fdd2fd0a01040291a5d0002e1f9d1218;43.0996;3.022749;18;24;65.4;0.58;228.33;26;0.665;-0.558;-0.758;-3.26;3.89;-4.43
GNAT L082CZ - 05;3.92;23.06.21 - 10h13;23.06.21 - 10h13;112.43;1687335202683000000;26.9;3D3B8F7A9F26C005;2;-111;-14;-125.17;12;867.9;1;40;010d00c00229fe8cfd0c010e0291a594002e21be0f14;43.09954;3.023294;15;20;44.75;0.4;99.85;27;0.553;-0.372;-0.756;-2.17;3.23;-4.42
GNAT L082CZ - 05;3.92;23.06.21 - 10h15;23.06.21 - 10h14;103.38;1687335306064000000;26.9;3D3B8F7A9F26C005;3;-113;-7;-120.79;12;868.5;1;41;010d00c001c8fbfafdfe010e0291b09c002e16d90f08;43.102364;3.020505;15;8;387.14;3.74;327.8;27;0.456;-1.03;-0.514;-6.03;2.66;-3
GNAT L082CZ - 05;3.92;23.06.21 - 10h18;23.06.21 - 10h18;227;1687335533064000000;27.4;3D3B8F7A9F26C005;2;-111;-11;-122.33;12;868.3;3;43;011200c001b0fd53fcf8010e0291b120002e1afb0f0d;43.102496;3.021563;15;13;87.14;0.38;78.95;27;0.432;-0.685;-0.776;-4;2.52;-4.54
GNAT L082CZ - 05;3.92;23.06.21 - 10h20;23.06.21 - 10h20;123.63;1687335656695000000;26.9;3D3B8F7A9F26C005;3;-113;-7;-120.79;12;865.3;2;44;010d00c0feb1fda3fd49010e0291a780002e28251118;43.100032;3.024933;17;24;387.2;3.13;139.04;27;-0.335;-0.605;-0.695;-3.54;-1.96;-4.06
GNAT L082CZ - 05;3.92;23.06.21 - 10h24;23.06.21 - 10h24;230;1687335886695000000;27.8;3D3B8F7A9F26C005;1;-114;-16;-130.11;12;865.5;1;46;011600c0008502da01f201180291a62c002e26721118;43.099692;3.024498;17;24;51.74;0.22;219.09;28;0.133;0.73;0.498;4.27;0.78;2.91
GNAT L082CZ - 05;3.92;23.06.21 - 10h28;23.06.21 - 10h28;208.38;1687336095071000000;27.8;3D3B8F7A9F26C005;2;-114;-13;-127.21;12;866.1;2;48;011600c000b302db01fa01180291a898002e17420f0b;43.100312;3.02061;15;11;323.11;1.55;284;28;0.179;0.731;0.506;4.27;1.05;2.96
GNAT L082CZ - 05;3.92;23.06.21 - 10h30;23.06.21 - 10h30;112.62;1687336207691000000;27.8;3D3B8F7A9F26C005;1;-114;-16;-130.11;12;868.5;2;49;011600c000a302db01cd01180291a600002e1d001018;43.099648;3.02208;16;24;140.34;1.25;125.44;28;0.163;0.731;0.461;4.27;0.95;2.69
GNAT L082CZ - 05;3.92;23.06.21 - 10h31;23.06.21 - 10h31;110.01;1687336317699000000;27.8;3D3B8F7A9F26C005;2;-115;-15;-130.14;12;867.1;2;50;011600c000b402b501c301180291aaf4002e18881113;43.100916;3.020936;17;19;168.84;1.53;330.14;28;0.18;0.693;0.451;4.05;1.05;2.64
GNAT L082CZ - 05;3.92;23.06.21 - 10h39;23.06.21 - 10h38;441;1687336758704000000;27.8;3D3B8F7A9F26C005;2;-113;-14;-127.17;12;866.1;2;54;011600c0000702b90288010e0291afbc002e1f191214;43.10214;3.022617;18;20;192.74;0.44;41.2;27;0.007;0.697;0.648;4.07;0.04;3.79
GNAT L082CZ - 05;3.92;23.06.21 - 10h41;23.06.21 - 10h40;103.37;1687336862078000000;26.9;3D3B8F7A9F26C005;1;-111;-18;-129.07;12;868.3;1;55;010d00c0002800c803ba010e0291b2b4002e13681018;43.1029;3.019624;16;24;257.27;2.49;291.66;27;0.04;0.2;0.954;1.17;0.23;5.58
GNAT L082CZ - 05;3.92;23.06.21 - 10h42;23.06.21 - 10h42;112.62;1687336974703000000;27.4;3D3B8F7A9F26C005;1;-116;-19;-135.05;12;867.9;1;56;011200c0ffc5007603c6010e0291b0e8002e18061217;43.10244;3.020806;18;23;108.74;0.97;121.43;27;-0.059;0.118;0.966;0.69;-0.34;5.65
GNAT L082CZ - 05;3.92;23.06.21 - 10h44;23.06.21 - 10h44;115;1687337089704000000;26.9;3D3B8F7A9F26C005;1;-114;-17;-131.09;12;868.3;1;57;010d00c0000000410416010e0291b05c002e19571118;43.1023;3.021143;17;24;31.48;0.27;123.11;27;0;0.065;1.046;0.38;0;6.12
GNAT L082CZ - 05;3.92;23.06.21 - 10h46;23.06.21 - 10h46;103.37;1687337193077000000;26.9;3D3B8F7A9F26C005;1;-115;-17;-132.09;12;867.9;1;58;010d00c0001600ac03b2010e0291b1cc002e12541118;43.102668;3.019348;17;24;151.37;1.46;287.79;27;0.022;0.172;0.946;1;0.13;5.53
GNAT L082CZ - 05;3.92;23.06.21 - 10h48;23.06.21 - 10h48;115.63;1687337308704000000;27.4;3D3B8F7A9F26C005;1;-112;-20;-132.04;12;868.1;1;59;011200c0ff7a00e003f8010e0291af44002e1ed11216;43.10202;3.022545;18;22;269.37;2.33;107.72;27;-0.134;0.224;1.016;1.31;-0.78;5.94
GNAT L082CZ - 05;3.92;23.06.21 - 10h50;23.06.21 - 10h50;103.37;1687337412077000000;26.9;3D3B8F7A9F26C005;1;-113;-16;-129.11;12;866.3;1;60;010d00c0ffb0000403fa010e0291b228002e12861117;43.10276;3.019398;17;23;268.42;2.6;290.19;27;-0.08;0.004;1.018;0.02;-0.47;5.96
GNAT L082CZ - 05;3.92;23.06.21 - 10h53;23.06.21 - 10h53;220.99;1687337633070000000;26.9;3D3B8F7A9F26C005;1;-112;-17;-129.09;12;867.5;1;62;010d00c0ffc8ffd50438010e0291b164002e11ef1014;43.102564;3.019247;16;20;25.01;0.11;206.15;27;-0.056;-0.043;1.08;-0.25;-0.33;6.32
GNAT L082CZ - 05;3.92;23.06.21 - 10h57;23.06.21 - 10h57;223.01;1687337856077000000;26.9;3D3B8F7A9F26C005;2;-113;-15;-128.14;12;866.1;2;64;010d00c0fff0004b03a4010e0291b350002e13371010;43.103056;3.019575;16;16;60.84;0.27;23.03;27;-0.016;0.075;0.932;0.44;-0.09;5.45
GNAT L082CZ - 05;3.92;23.06.21 - 10h59;23.06.21 - 10h59;117.19;1687337973262000000;26.9;3D3B8F7A9F26C005;2;-114;-12;-126.27;12;868.1;2;65;010d00c0fff2004603c1010e0291af20002e1e5a1318;43.101984;3.022426;19;24;260.35;2.22;120.6;27;-0.014;0.07;0.961;0.41;-0.08;5.62
GNAT L082CZ - 05;3.92;23.06.21 - 11h01;23.06.21 - 11h01;116.46;1687338089724000000;26.9;3D3B8F7A9F26C005;2;-114;-13;-127.21;12;867.3;2;66;010d00c0ffe5002803de010e0291ae9c002e1f571417;43.101852;3.022679;20;23;25.25;0.22;129.33;27;-0.027;0.04;0.99;0.23;-0.16;5.79
GNAT L082CZ - 05;3.92;23.06.21 - 11h05;23.06.21 - 11h04;228.98;1687338318709000000;26.9;3D3B8F7A9F26C005;1;-112;-19;-131.05;12;866.5;2;68;010d00c0fffd0036037c010e0291ae8c002e1f141316;43.101836;3.022612;19;22;5.72;0.02;249.44;27;-0.003;0.054;0.892;0.32;-0.02;5.22
GNAT L082CZ - 05;3.92;23.06.21 - 11h10;23.06.21 - 11h10;329;1687338647708000000;27.8;3D3B8F7A9F26C005;1;-109;-24;-133.02;12;868.5;1;71;011600c0ffecffd403cd010e0291ae9c002e1ebf1318;43.101852;3.022527;19;24;7.13;0.02;286.47;27;-0.02;-0.044;0.973;-0.26;-0.12;5.69
GNAT L082CZ - 05;3.92;23.06.21 - 11h14;23.06.21 - 11h14;230;1687338877710000000;27.4;3D3B8F7A9F26C005;2;-114;-13;-127.21;12;868.5;1;73;011200c0ffcb007003cb010e0291ae0c002e1f411317;43.101708;3.022657;19;23;19.18;0.08;150.11;27;-0.053;0.112;0.971;0.65;-0.31;5.68
GNAT L082CZ - 05;3.92;23.06.21 - 11h16;23.06.21 - 11h15;105.99;1687338983696000000;27.4;3D3B8F7A9F26C005;2;-113;-12;-125.27;12;866.3;2;74;011200c00008fffe03fe010e0291add8002e20181115;43.101656;3.022872;17;21;18.39;0.17;110.81;27;0.008;-0.002;1.022;-0.01;0.05;5.98
GNAT L082CZ - 05;3.92;23.06.21 - 11h18;23.06.21 - 11h17;105;1687339088695000000;27.8;3D3B8F7A9F26C005;1;-107;-23;-130.02;12;868.3;1;75;011600c0ffd5007a03ec010e0291add0002e1ffa100a;43.101648;3.022842;16;10;2.59;0.02;247.27;27;-0.043;0.122;1.004;0.71;-0.25;5.87
GNAT L082CZ - 05;3.92;23.06.21 - 11h20;23.06.21 - 11h20;113.01;1687339201703000000;27.8;3D3B8F7A9F26C005;2;-113;-11;-124.33;12;865.5;2;76;011600c00004005a03a801180291adac002e1fc11116;43.101612;3.022785;17;22;6.12;0.05;225.23;28;0.004;0.09;0.936;0.53;0.02;5.48
GNAT L082CZ - 05;3.92;23.06.21 - 11h21;23.06.21 - 11h21;106;1687339307700000000;27.8;3D3B8F7A9F26C005;1;-111;-19;-130.05;12;868.1;1;77;011600c0fffa003a03c501180291adb0002e20101112;43.101616;3.022864;17;18;6.43;0.06;85.45;28;-0.006;0.058;0.965;0.34;-0.04;5.65
GNAT L082CZ - 05;3.92;23.06.21 - 11h23;23.06.21 - 11h23;105.01;1687339412708000000;27.8;3D3B8F7A9F26C005;1;-111;-16;-127.11;12;867.7;2;78;011600c0ffeb004603cf01180291ada4002e1fee120c;43.101604;3.02283;18;12;3.07;0.03;241;28;-0.021;0.07;0.975;0.41;-0.12;5.7
GNAT L082CZ - 05;3.92;23.06.21 - 11h25;23.06.21 - 11h24;111;1687339523706000000;27.8;3D3B8F7A9F26C005;2;-114;-15;-129.14;12;868.5;2;79;011600c0fff3002203fe01180291ad78002e1fec1214;43.10156;3.022828;18;20;4.9;0.04;181.66;28;-0.013;0.034;1.022;0.2;-0.08;5.98
GNAT L082CZ - 05;3.92;23.06.21 - 11h27;23.06.21 - 11h27;105;1687339628703000000;27.8;3D3B8F7A9F26C005;2;-112;-14;-126.17;12;867.5;2;80;011600c0ffea007003a401180291ad68002e1fed110e;43.101544;3.022829;17;14;1.78;0.02;177.72;28;-0.022;0.112;0.932;0.65;-0.13;5.45
GNAT L082CZ - 05;3.92;23.06.21 - 11h28;23.06.21 - 11h28;105.99;1687339734698000000;27.8;3D3B8F7A9F26C005;2;-114;-13;-127.21;12;868.3;1;81;011600c0ffe6006503f801180291ad50002e1fe41118;43.10152;3.02282;17;24;2.77;0.03;193.43;28;-0.026;0.101;1.016;0.59;-0.15;5.94
GNAT L082CZ - 05;3.92;23.06.21 - 11h30;23.06.21 - 11h30;105.07;1687339839768000000;28.2;3D3B8F7A9F26C005;2;-114;-13;-127.21;12;865.5;2;82;011a00c0fffa006303e501180291ad44002e1fbc1110;43.101508;3.02278;17;16;3.51;0.03;244.76;28;-0.006;0.099;0.997;0.58;-0.04;5.83
GNAT L082CZ - 05;3.92;23.06.21 - 11h32;23.06.21 - 11h32;123.71;1687339963475000000;27.8;3D3B8F7A9F26C005;2;-116;-12.5;-128.74;12;868.1;1;83;011600c0ffff001903fa01180291ad38002e1f2d111a;43.101496;3.022637;17;26;11.69;0.09;262.49;28;-0.001;0.025;1.018;0.15;-0.01;5.96
GNAT L082CZ - 05;3.92;23.06.21 - 11h34;23.06.21 - 11h34;116.24;1687340079715000000;28.2;3D3B8F7A9F26C005;2;-114;-13;-127.21;12;867.9;2;84;011a00c0ffe9004f03d101220291ad30002e1f281318;43.101488;3.022632;19;24;0.98;0.01;201.69;29;-0.023;0.079;0.977;0.46;-0.13;5.72
GNAT L082CZ - 05;3.92;23.06.21 - 11h36;23.06.21 - 11h36;123.99;1687340203705000000;29.1;3D3B8F7A9F26C005;2;-112;-15;-127.14;12;868.1;1;85;012300c0ffe7003e03ee01220291ad14002e1fe51117;43.10146;3.022821;17;23;15.66;0.13;103.11;29;-0.025;0.062;1.006;0.36;-0.15;5.89
GNAT L082CZ - 05;3.92;23.06.21 - 11h46;23.06.21 - 11h43;602;1687340805709000000;28.2;3D3B8F7A9F26C005;1;-114;-21;-135.03;12;865.1;1;90;011a00c0ffe40353015701180291ad2c002e1f2d1216;43.101484;3.022637;18;22;15.18;0.03;281.58;28;-0.028;0.851;0.343;4.98;-0.16;2
GNAT L082CZ - 05;3.92;23.06.21 - 11h50;23.06.21 - 11h48;238.02;1687341043724000000;29.1;3D3B8F7A9F26C005;1;-114;-18;-132.07;12;865.9;1;92;012300c0ff9202a7024b01220291ac94002e1d031418;43.101332;3.022083;20;24;48.05;0.2;246.67;29;-0.11;0.679;0.587;3.97;-0.64;3.43
GNAT L082CZ - 05;3.93;23.06.21 - 11h52;23.06.21 - 11h52;112.98;1687341156705000000;29.1;3D3B8F7A9F26C005;1;-108;-24;-132.02;12;868.5;1;93;012300c102b6fed902dd01220291aca8002e1c441215;43.101352;3.021892;18;21;15.67;0.14;279.34;29;0.694;-0.295;0.733;-1.72;4.06;4.29
GNAT L082CZ - 05;3.93;23.06.21 - 11h54;23.06.21 - 11h54;114.01;1687341270712000000;29.1;3D3B8F7A9F26C005;1;-114;-20;-134.04;12;865.5;2;94;012300c1ffe1ffcf042d01220291acb0002e1bfd1215;43.10136;3.021821;18;21;5.83;0.05;280.04;29;-0.031;-0.049;1.069;-0.29;-0.18;6.26
GNAT L082CZ - 05;3.92;23.06.21 - 11h58;23.06.21 - 11h57;227.01;1687341497720000000;29.1;3D3B8F7A9F26C005;1;-114;-19;-133.05;12;867.1;1;96;012300c0ffde000603c1012c0291ac90002e1b461318;43.101328;3.021638;19;24;15.28;0.07;254.63;30;-0.034;0.006;0.961;0.04;-0.2;5.62
GNAT L082CZ - 05;3.93;23.06.21 - 12h02;23.06.21 - 12h01;229;1687341726720000000;29.1;3D3B8F7A9F26C005;1;-114;-17;-131.09;12;865.5;2;98;012300c1ffdc001d03a601220291ac90002e1ab61415;43.101328;3.021494;20;21;11.69;0.05;270;29;-0.036;0.029;0.934;0.17;-0.21;5.46
GNAT L082CZ - 05;3.92;23.06.21 - 12h09;23.06.21 - 12h07;455.01;1687342181727000000;29.1;3D3B8F7A9F26C005;1;-113;-17;-130.09;12;866.3;1;102;012300c0fff5fffb040301220291ac6c002e19af1415;43.101292;3.021231;20;21;21.72;0.05;257.86;29;-0.011;-0.005;1.027;-0.03;-0.06;6.01
GNAT L082CZ - 05;3.93;23.06.21 - 12h13;23.06.21 - 12h12;220;1687342401729000000;29.1;3D3B8F7A9F26C005;1;-114;-17;-131.09;12;866.7;3;104;012300c1000f007503ae012c0291ac68002e19331408;43.101288;3.021107;20;8;10.08;0.05;267.1;30;0.015;0.117;0.942;0.68;0.09;5.51
GNAT L082CZ - 05;3.93;23.06.21 - 12h17;23.06.21 - 12h16;226.99;1687342628719000000;29.1;3D3B8F7A9F26C005;1;-115;-19;-134.05;12;867.1;2;106;012300c1001200bd03b7012c0291ac5c002e18801416;43.101276;3.020928;20;22;14.59;0.06;263.98;30;0.018;0.189;0.951;1.1;0.11;5.56
GNAT L082CZ - 05;3.93;23.06.21 - 12h24;23.06.21 - 12h24;447.01;1687343075729000000;29.5;3D3B8F7A9F26C005;1;-114;-21;-135.03;12;865.3;2;110;012700c1ffa0fffe0491012c0291ac40002e172f140b;43.101248;3.020591;20;11;27.54;0.06;262.55;30;-0.096;-0.002;1.169;-0.01;-0.56;6.84
GNAT L082CZ - 05;3.93;23.06.21 - 12h42;23.06.21 - 12h42;1083.02;1687344158748000000;29.1;3D3B8F7A9F26C005;1;-114;-20;-134.04;12;866.1;2;120;012300c1ffb7fff8044401220291ac2c002e14b61709;43.101228;3.019958;23;9;51.44;0.05;267.14;29;-0.073;-0.008;1.092;-0.05;-0.43;6.39
GNAT L082CZ - 05;3.93;23.06.21 - 12h50;23.06.21 - 12h49;446;1687344604747000000;31.2;3D3B8F7A9F26C005;1;-114;-23;-137.02;12;867.1;1;124;013800c1031efea5029a01360291aa98002e0d001717;43.100824;3.017984;23;23;166.44;0.37;252.12;31;0.798;-0.347;0.666;-2.03;4.67;3.89
GNAT L082CZ - 05;3.92;23.06.21 - 12h57;23.06.21 - 12h56;438.98;1687345043729000000;34.3;3D3B8F7A9F26C005;2;-114;-13;-127.21;12;867.9;3;128;015700c002beff270295015e0291b390002e12d11515;43.10312;3.019473;21;21;282.48;0.64;22.48;35;0.702;-0.217;0.661;-1.27;4.1;3.86
GNAT L082CZ - 05;3.93;23.06.21 - 13h05;23.06.21 - 13h04;486.2;1687345529931000000;34.7;3D3B8F7A9F26C005;2;-112;-14;-126.17;12;865.3;2;132;015b00c1000202c7022601680291b514002e166f151a;43.103508;3.020399;21;26;86.68;0.18;56.72;36;0.002;0.711;0.55;4.16;0.01;3.21
GNAT L082CZ - 05;3.93;23.06.21 - 13h07;23.06.21 - 13h06;123.55;1687345653481000000;36.4;3D3B8F7A9F26C005;2;-116;-14.5;-130.65;12;868.1;1;133;016c00c100c80273027901680291b4c4002e1488141a;43.103428;3.019912;20;26;40.53;0.33;255.55;36;0.2;0.627;0.633;3.66;1.17;3.7
GNAT L082CZ - 05;3.93;23.06.21 - 13h18;23.06.21 - 13h18;678.24;1687346331724000000;37.7;3D3B8F7A9F26C005;2;-113;-15;-128.14;12;868.5;1;139;017900c10098026d026a01860291b124002e11561416;43.1025;3.019094;20;22;122.71;0.18;209.32;39;0.152;0.621;0.618;3.63;0.89;3.61
GNAT L082CZ - 05;3.93;23.06.21 - 13h20;23.06.21 - 13h20;118;1687346449723000000;38.6;3D3B8F7A9F26C005;3;-113;-10;-123.41;12;866.1;1;140;018200c100c4029e025a01900291b260002e0e9f1415;43.102816;3.018399;20;21;66.47;0.56;305.48;40;0.196;0.67;0.602;3.92;1.14;3.52
GNAT L082CZ - 05;3.93;23.06.21 - 13h30;23.06.21 - 13h29;557.2;1687347006926000000;38.1;3D3B8F7A9F26C005;2;-113;-12;-125.27;12;868.1;1;145;017d00c1002c0290024c01900291b458002e01de1321;43.10332;3.015134;19;33;270.93;0.49;283.53;40;0.044;0.656;0.588;3.83;0.26;3.44
GNAT L082CZ - 05;3.93;23.06.21 - 13h31;23.06.21 - 13h31;103.24;1687347110162000000;37.3;3D3B8F7A9F26C005;2;-113;-11;-124.33;12;865.9;2;146;017500c1002b028b024301860291b954002dfb48130f;43.104596;3.013448;19;15;197.15;1.91;319.81;39;0.043;0.651;0.579;3.8;0.25;3.38
GNAT L082CZ - 05;3.92;23.06.21 - 13h35;23.06.21 - 13h34;247.79;1687347357949000000;36;3D3B8F7A9F26C005;1;-115;-21;-136.03;12;867.1;1;148;016800c0ffc4021202af017c0291bd94002e101d131b;43.105684;3.018781;19;27;449.54;1.81;72.42;38;-0.06;0.53;0.687;3.1;-0.35;4.02
GNAT L082CZ - 05;3.92;23.06.21 - 13h37;23.06.21 - 13h35;112.76;1687347470710000000;34.7;3D3B8F7A9F26C005;3;-113;-7;-120.79;12;868.1;2;149;015b00c0004402b302a701720291bba8002e11b81317;43.105192;3.019192;19;23;64.08;0.57;151.89;37;0.068;0.691;0.679;4.04;0.4;3.97
GNAT L082CZ - 05;3.92;23.06.21 - 13h39;23.06.21 - 13h39;124.24;1687347594950000000;34.7;3D3B8F7A9F26C005;1;-114;-18;-132.07;12;866.1;3;150;015b00c0fef7024c031601680291c128002e121d1219;43.1066;3.019293;18;25;156.78;1.26;2.63;36;-0.265;0.588;0.79;3.44;-1.55;4.62
GNAT L082CZ - 05;3.93;23.06.21 - 13h41;23.06.21 - 13h41;117.75;1687347712703000000;33.8;3D3B8F7A9F26C005;2;-114;-13;-127.21;12;868.5;1;151;015200c1ffe301e402b9015e0291bdc0002e1ab91217;43.105728;3.021497;18;23;203.51;1.73;121.77;35;-0.029;0.484;0.697;2.83;-0.17;4.07
GNAT L082CZ - 05;3.93;23.06.21 - 13h43;23.06.21 - 13h43;118;1687347830702000000;34.3;3D3B8F7A9F26C005;2;-114;-15;-129.14;12;866.1;1;152;015700c1fffe01da02be015e0291ba94002e21811217;43.104916;3.023233;18;23;167.38;1.42;126.22;35;-0.002;0.474;0.702;2.77;-0.01;4.1
GNAT L082CZ - 05;3.93;23.06.21 - 13h49;23.06.21 - 13h44;353.01;1687348183708000000;36;3D3B8F7A9F26C005;2;-113;-15;-128.14;12;868.5;1;155;016800c100ac01e5fd2601720291ba3c002e1e061315;43.104828;3.022342;19;21;72.99;0.21;261.2;37;0.172;0.485;-0.73;2.83;1;-4.27
GNAT L082CZ - 05;3.92;23.06.21 - 13h53;23.06.21 - 13h52;224;1687348407703000000;36;3D3B8F7A9F26C005;1;-113;-17;-130.09;12;868.3;1;157;016800c0fd2cfe47fd1d01720291bf40002dff521218;43.106112;3.014482;18;24;653.88;2.92;284.15;37;-0.724;-0.441;-0.739;-2.58;-4.23;-4.32
GNAT L082CZ - 05;3.93;23.06.21 - 13h55;23.06.21 - 13h55;124.25;1687348531956000000;36;3D3B8F7A9F26C005;2;-114;-15;-129.14;12;866.7;2;158;016800c1fd98fddcfd8501720291b768002df907131a;43.104104;3.012871;19;26;258.76;2.08;207.12;37;-0.616;-0.548;-0.635;-3.2;-3.6;-3.71
GNAT L082CZ - 05;3.93;23.06.21 - 13h59;23.06.21 - 13h58;220.14;1687348752095000000;35.1;3D3B8F7A9F26C005;2;-114;-15;-129.14;12;867.1;1;160;015f00c1fd2dfd8bfdda01720291b73c002df1a91117;43.10406;3.010985;17;23;153.19;0.7;267.87;37;-0.723;-0.629;-0.55;-3.68;-4.23;-3.21
GNAT L082CZ - 05;3.93;23.06.21 - 14h01;23.06.21 - 14h00;124.01;1687348876106000000;35.1;3D3B8F7A9F26C005;1;-116;-17.5;-133.58;12;868.3;1;161;015f00c1fe2ffd97fda701680291ba7c002dfa991326;43.104892;3.013273;19;38;207.51;1.67;60.4;36;-0.465;-0.617;-0.601;-3.61;-2.72;-3.51
GNAT L082CZ - 05;3.92;23.06.21 - 14h03;23.06.21 - 14h02;123.6;1687348999708000000;34.7;3D3B8F7A9F26C005;1;-113;-16;-129.11;12;867.5;1;162;015b00c0fda3fda0fd9401680291bd18002df5cb1317;43.10556;3.012043;19;23;124.45;1.01;310.32;36;-0.605;-0.608;-0.62;-3.55;-3.54;-3.62
GNAT L082CZ - 05;3.92;23.06.21 - 14h05;23.06.21 - 14h03;103.4;1687349103113000000;34.7;3D3B8F7A9F26C005;1;-113;-20;-133.04;12;868.3;1;163;015b00c0fdd6fd40fda601680291bed4002decb41312;43.106004;3.009716;19;18;195.26;1.89;286.55;36;-0.554;-0.704;-0.602;-4.12;-3.24;-3.52
GNAT L082CZ - 05;3.93;23.06.21 - 14h07;23.06.21 - 14h06;124.45;1687349227560000000;34.3;3D3B8F7A9F26C005;1;-114;-17;-131.09;12;865.5;1;164;015700c1fdc0fd5afdae01680291bb7c002df37d133b;43.105148;3.011453;19;59;170.13;1.37;127.65;36;-0.576;-0.678;-0.594;-3.96;-3.37;-3.47
GNAT L082CZ - 05;3.92;23.06.21 - 14h10;23.06.21 - 14h10;228;1687349455562000000;33.8;3D3B8F7A9F26C005;1;-114;-18;-132.07;12;867.1;1;166;015200c0fdf9fd05fdcc01680291c130002de93b1235;43.106608;3.008827;18;53;267.96;1.18;310.93;36;-0.519;-0.763;-0.564;-4.46;-3.03;-3.3
GNAT L082CZ - 05;3.92;23.06.21 - 14h16;23.06.21 - 14h16;340.15;1687349795708000000;33.8;3D3B8F7A9F26C005;1;-111;-18;-129.07;12;868.5;1;169;015200c0fdaffd4cfdf5015e0291ba14002dec631318;43.104788;3.009635;19;24;212.74;0.63;164.16;35;-0.593;-0.692;-0.523;-4.05;-3.47;-3.06
GNAT L082CZ - 05;3.93;23.06.21 - 14h20;23.06.21 - 14h20;225.43;1687350021136000000;33;3D3B8F7A9F26C005;1;-113;-16;-129.11;12;868.1;1;171;014a00c1fdf1fd2efda801540291bad8002deb1c1417;43.104984;3.009308;20;23;34.35;0.15;313.15;34;-0.527;-0.722;-0.6;-4.22;-3.08;-3.51
GNAT L082CZ - 05;3.93;23.06.21 - 14h22;23.06.21 - 14h22;124.41;1687350145544000000;33;3D3B8F7A9F26C005;2;-112;-15;-127.14;12;866.3;1;172;014a00c1fddefd97fd8801540291b580002df680131a;43.103616;3.012224;19;26;281.39;2.26;126.36;34;-0.546;-0.617;-0.632;-3.61;-3.19;-3.69
GNAT L082CZ - 05;3.92;23.06.21 - 14h24;23.06.21 - 14h24;118.72;1687350264259000000;32.5;3D3B8F7A9F26C005;2;-115;-14.25;-129.41;12;868.1;1;173;014500c0fd4cfd7afd98014a0291b5e0002def661217;43.103712;3.010406;18;23;147.98;1.25;274.69;33;-0.692;-0.646;-0.616;-3.78;-4.05;-3.6
GNAT L082CZ - 05;3.92;23.06.21 - 14h30;23.06.21 - 14h27;356;1687350620258000000;32.1;3D3B8F7A9F26C005;1;-115;-16;-131.11;12;866.1;1;176;014100c0fce3fdc2fdb9014a0291b7a4002dd4191318;43.104164;3.003417;19;24;569.62;1.6;275.63;33;-0.797;-0.574;-0.583;-3.35;-4.66;-3.41
GNAT L082CZ - 05;3.92;23.06.21 - 14h34;23.06.21 - 14h31;226;1687350846260000000;31.7;3D3B8F7A9F26C005;1;-115;-18.5;-133.56;12;867.9;1;178;013d00c0fd74fe4dfd7801400291b658002dcf861217;43.103832;3.002246;18;23;101.98;0.45;246.03;32;-0.652;-0.435;-0.648;-2.54;-3.81;-3.79
GNAT L082CZ - 05;3.92;23.06.21 - 14h37;23.06.21 - 14h37;224.45;1687351070710000000;32.1;3D3B8F7A9F26C005;2;-114;-11;-125.33;12;865.3;1;180;014100c0fe6cfe3dfd9601400291d41c002d978d1218;43.111452;2.987917;18;24;1439.11;6.41;309.35;32;-0.404;-0.451;-0.618;-2.64;-2.36;-3.61
GNAT L082CZ - 05;3.92;23.06.21 - 14h53;23.06.21 - 14h44;930.99;1687352001697000000;32.5;3D3B8F7A9F26C005;1;-114;-22;-136.03;12;865.3;1;188;014500c00149fd2ffd18014a0292094c002db2721017;43.125068;2.994802;16;23;1613.87;1.73;18.33;33;0.329;-0.721;-0.744;-4.21;1.92;-4.35
GNAT L082CZ - 05;3.92;23.06.21 - 14h56;23.06.21 - 14h56;207.41;1687352209106000000;32.5;3D3B8F7A9F26C005;1;-113;-20;-133.04;12;866.5;1;190;014500c00247fd8ffd74014a029212c8002dad8a1010;43.127496;2.993546;16;16;288.58;1.39;341.24;33;0.583;-0.625;-0.652;-3.65;3.41;-3.81
GNAT L082CZ - 05;3.92;23.06.21 - 14h58;23.06.21 - 14h56;113.6;1687352322710000000;32.1;3D3B8F7A9F26C005;1;-113;-19;-132.05;12;868.1;1;191;014100c0023bfd99fd70014a02920998002db2551217;43.125144;2.994773;18;23;279.85;2.46;161.15;33;0.571;-0.615;-0.656;-3.59;3.34;-3.83
GNAT L082CZ - 05;3.92;23.06.21 - 15h00;23.06.21 - 14h58;103.46;1687352426170000000;33;3D3B8F7A9F26C005;1;-113;-16;-129.11;12;867.3;2;192;014a00c0023dfd86fd70014a029212b4002dac381315;43.127476;2.993208;19;21;288.74;2.79;336.22;33;0.573;-0.634;-0.656;-3.71;3.35;-3.83
