GNAT L082CZ - 08;3.93;23.06.21 - 08h59;23.06.21 - 08h59;72971.19;1687330775871000000;27;3D3B8F7A9F26C008;3;-115;-9;-124.51;12;867.3;1;0;010e00c1010bffc6036300f00291e7d8002dcee8111a;43.116504;3.002088;17;26;1129.96;0.02;151.04;24;0.267;-0.058;0.867;-0.34;1.56;5.07
GNAT L082CZ - 08;3.93;23.06.21 - 09h01;23.06.21 - 08h59;100.8;1687330876671000000;27.8;3D3B8F7A9F26C008;1;-114;-17;-131.09;12;868.3;2;1;011600c1fcb8fe13030000e60291cc20002ddeb80d0f;43.109408;3.006136;13;15;854.72;8.48;159.88;23;-0.84;-0.493;0.768;-2.88;-4.91;4.49
GNAT L082CZ - 08;3.93;23.06.21 - 09h03;23.06.21 - 09h03;118.33;1687330995004000000;27.8;3D3B8F7A9F26C008;2;-114;-14;-128.17;12;867.1;3;2;011600c1fe4000c302a000f00291ab14002e01890d10;43.100948;3.015049;13;16;1186.81;10.03;146.23;24;-0.448;0.195;0.672;1.14;-2.62;3.93
GNAT L082CZ - 08;3.93;23.06.21 - 09h07;23.06.21 - 09h03;247.67;1687331242670000000;27.4;3D3B8F7A9F26C008;1;-116;-21;-137.03;12;867.9;1;4;011200c1ff1c006102f200f00291a624002e26b80d18;43.099684;3.024568;13;24;785.52;3.17;102.01;24;-0.228;0.097;0.754;0.57;-1.33;4.41
GNAT L082CZ - 08;3.93;23.06.21 - 09h11;23.06.21 - 09h10;246.01;1687331488677000000;27.4;3D3B8F7A9F26C008;4;-112;-3;-116.76;12;865.1;2;6;011200c10013017103c800f00291a80c002e27e80f18;43.100172;3.024872;15;24;59.61;0.24;21.6;24;0.019;0.369;0.968;2.16;0.11;5.66
GNAT L082CZ - 08;3.93;23.06.21 - 09h15;23.06.21 - 09h14;237.54;1687331726218000000;27.4;3D3B8F7A9F26C008;1;-116;-19;-135.05;12;867.3;1;8;011200c1ffcc00e803d100f00291a7dc002e270f0d17;43.100124;3.024655;13;23;18.41;0.08;250.8;24;-0.052;0.232;0.977;1.36;-0.3;5.72
GNAT L082CZ - 08;3.94;23.06.21 - 09h25;23.06.21 - 09h25;607.47;1687332333685000000;27.4;3D3B8F7A9F26C008;1;-114;-23;-137.02;12;868.3;1;13;011200c2ff8c0153041200e60291a77c002e23fa0f18;43.100028;3.023866;15;24;64.94;0.11;259.14;23;-0.116;0.339;1.042;1.98;-0.68;6.1
GNAT L082CZ - 08;3.93;23.06.21 - 09h31;23.06.21 - 09h31;359;1687332692686000000;27;3D3B8F7A9F26C008;1;-114;-20;-134.04;12;866.7;1;16;010e00c1ffdb00f303d700f00291a73c002e23900f18;43.099964;3.02376;15;24;11.17;0.03;226.46;24;-0.037;0.243;0.983;1.42;-0.22;5.75
GNAT L082CZ - 08;3.93;23.06.21 - 09h43;23.06.21 - 09h43;714;1687333406689000000;27.4;3D3B8F7A9F26C008;1;-114;-20;-134.04;12;866.7;1;22;011200c1ffba00d003a900f00291a670002e22a61018;43.09976;3.023526;16;24;29.59;0.04;216.08;24;-0.07;0.208;0.937;1.21;-0.41;5.48
GNAT L082CZ - 08;3.93;23.06.21 - 09h47;23.06.21 - 09h47;246;1687333652686000000;27.8;3D3B8F7A9F26C008;1;-114;-20;-134.04;12;865.9;1;24;011600c1ffca013f03d100f00291a624002e22260f18;43.099684;3.023398;15;24;13.39;0.05;226.93;24;-0.054;0.319;0.977;1.86;-0.32;5.72
GNAT L082CZ - 08;3.93;23.06.21 - 09h59;23.06.21 - 09h59;716;1687334368686000000;27.4;3D3B8F7A9F26C008;1;-114;-19;-133.05;12;867.3;2;30;011200c1ffd900f2038d00f00291a564002e21700f16;43.099492;3.023216;15;22;25.96;0.04;211.04;24;-0.039;0.242;0.909;1.41;-0.23;5.32
GNAT L082CZ - 08;3.93;23.06.21 - 10h03;23.06.21 - 10h02;245.99;1687334614675000000;27.4;3D3B8F7A9F26C008;1;-114;-18;-132.07;12;867.1;1;32;011200c1fff6017403ee00f00291a4f0002e213d0e18;43.099376;3.023165;14;24;13.55;0.06;195.6;24;-0.01;0.372;1.006;2.17;-0.06;5.89
GNAT L082CZ - 08;3.93;23.06.21 - 10h05;23.06.21 - 10h05;115.55;1687334730225000000;27.8;3D3B8F7A9F26C008;1;-116;-16.75;-132.84;12;868.3;1;33;011600c1ffeb011f040c00f00291a4c8002e21230f16;43.099336;3.023139;15;22;4.92;0.04;202.42;24;-0.021;0.287;1.036;1.68;-0.12;6.06
GNAT L082CZ - 08;3.93;23.06.21 - 10h07;23.06.21 - 10h06;119.45;1687334849678000000;27.8;3D3B8F7A9F26C008;1;-115;-19;-134.05;12;865.3;2;34;011600c1ffce00e703e800f00291a4a4002e21060f18;43.0993;3.02311;15;24;4.64;0.04;207.08;24;-0.05;0.231;1;1.35;-0.29;5.85
GNAT L082CZ - 08;3.93;23.06.21 - 10h09;23.06.21 - 10h08;120.55;1687334970225000000;27.8;3D3B8F7A9F26C008;1;-114;-19;-133.05;12;868.3;1;35;011600c1ffd900f7042000f00291a478002e20fa0f16;43.099256;3.023098;15;22;4.99;0.04;189.82;24;-0.039;0.247;1.056;1.44;-0.23;6.18
GNAT L082CZ - 08;3.93;23.06.21 - 10h13;23.06.21 - 10h12;224.79;1687335195012000000;27.4;3D3B8F7A9F26C008;1;-107;-18;-125.07;12;868.5;2;37;011200c1ff2d025804eb00f00291af58002e1ac30e0c;43.10204;3.021507;14;12;335.44;1.49;339.99;24;-0.211;0.6;1.259;3.51;-1.23;7.37
GNAT L082CZ - 08;3.93;23.06.21 - 10h15;23.06.21 - 10h15;140.53;1687335335545000000;27.8;3D3B8F7A9F26C008;2;-113;-12;-125.27;12;865.3;2;38;011600c1fcfb003b03d500f00291a830002e22450f21;43.100208;3.023429;15;33;256.61;1.83;146.32;24;-0.773;0.059;0.981;0.34;-4.52;5.74
GNAT L082CZ - 08;3.93;23.06.21 - 10h19;23.06.21 - 10h18;230.69;1687335566235000000;27.8;3D3B8F7A9F26C008;1;-118;-17;-135.09;12;867.9;1;40;011600c1ffd6041c016400f00291a738002e271c1017;43.09996;3.024668;16;23;104.31;0.45;107.51;24;-0.042;1.052;0.356;6.16;-0.25;2.08
GNAT L082CZ - 08;3.93;23.06.21 - 10h21;23.06.21 - 10h20;119.45;1687335685685000000;27.8;3D3B8F7A9F26C008;3;-113;-10;-123.41;12;868.3;2;41;011600c1ff5803ad022500f00291a6d0002e26d41016;43.099856;3.024596;16;22;12.96;0.11;203.74;24;-0.168;0.941;0.549;5.5;-0.98;3.21
GNAT L082CZ - 08;3.93;23.06.21 - 10h23;23.06.21 - 10h22;109.32;1687335795010000000;27.4;3D3B8F7A9F26C008;2;-114;-13;-127.21;12;867.1;1;42;011200c101d00189038200f00291b03c002e1fd80e0d;43.102268;3.022808;14;13;304.97;2.79;334.71;24;0.464;0.393;0.898;2.3;2.71;5.25
GNAT L082CZ - 08;3.94;23.06.21 - 10h27;23.06.21 - 10h26;248.68;1687336043694000000;28.3;3D3B8F7A9F26C008;1;-115;-16;-131.11;12;866.7;2;44;011b00c2ff82017103dc00f00291a240002e21d71117;43.098688;3.023319;17;23;400.23;1.61;174.83;24;-0.126;0.369;0.988;2.16;-0.74;5.78
GNAT L082CZ - 08;3.94;23.06.21 - 10h29;23.06.21 - 10h28;111.31;1687336155006000000;28.7;3D3B8F7A9F26C008;2;-113;-14;-127.17;12;868.1;2;45;011f00c2ff35016d039700fa0291ab98002e16b0100f;43.10108;3.020464;16;15;352.81;3.17;322.77;25;-0.203;0.365;0.919;2.13;-1.19;5.38
GNAT L082CZ - 08;3.93;23.06.21 - 10h31;23.06.21 - 10h30;140.56;1687336295564000000;27.8;3D3B8F7A9F26C008;2;-114;-12;-126.27;12;865.9;2;46;011600c1ff9e013103e000fa0291a9b8002e19be1027;43.1006;3.021246;16;39;82.94;0.59;134;25;-0.098;0.305;0.992;1.78;-0.57;5.8
GNAT L082CZ - 08;3.93;23.06.21 - 10h33;23.06.21 - 10h32;107.12;1687336402688000000;28.3;3D3B8F7A9F26C008;1;-112;-18;-130.07;12;868.5;1;47;011b00c1ffb500c3040600fa0291adf4002e169f1018;43.101684;3.020447;16;24;136.88;1.28;334.86;25;-0.075;0.195;1.03;1.14;-0.44;6.03
GNAT L082CZ - 08;3.94;23.06.21 - 10h35;23.06.21 - 10h33;124;1687336526686000000;28.3;3D3B8F7A9F26C008;1;-114;-20;-134.04;12;867.3;1;48;011b00c2feaf02cb032900fa0291aee8002e15b31018;43.101928;3.020211;16;24;33.22;0.27;328.37;25;-0.337;0.715;0.809;4.18;-1.97;4.73
GNAT L082CZ - 08;3.93;23.06.21 - 10h39;23.06.21 - 10h39;237;1687336763687000000;27.8;3D3B8F7A9F26C008;3;-113;-9;-122.51;12;867.7;3;50;011600c1ff1e0208037700f00291afe4002e1ece1015;43.10218;3.022542;16;21;191.31;0.81;80.42;24;-0.226;0.52;0.887;3.04;-1.32;5.19
GNAT L082CZ - 08;3.94;23.06.21 - 10h43;23.06.21 - 10h42;244;1687337007687000000;27.8;3D3B8F7A9F26C008;1;-114;-17;-131.09;12;865.5;2;52;011600c2ffbf011b03ee00f00291ae94002e1ead1018;43.101844;3.022509;16;24;37.46;0.15;183.58;24;-0.065;0.283;1.006;1.65;-0.38;5.89
GNAT L082CZ - 08;3.93;23.06.21 - 10h45;23.06.21 - 10h44;118.55;1687337126235000000;27.8;3D3B8F7A9F26C008;1;-116;-17.25;-133.33;12;868.5;1;53;011600c1ffe6011a03e100f00291ae98002e1f1f1016;43.101848;3.022623;16;22;9.27;0.08;86.85;24;-0.026;0.282;0.993;1.65;-0.15;5.81
GNAT L082CZ - 08;3.94;23.06.21 - 10h55;23.06.21 - 10h54;600.45;1687337726688000000;27.8;3D3B8F7A9F26C008;2;-114;-15;-129.14;12;866.1;2;58;011600c2ffd80105038800f00291adc4002e1f741018;43.101636;3.022708;16;24;24.56;0.04;165.68;24;-0.04;0.261;0.904;1.52;-0.23;5.29
GNAT L082CZ - 08;3.94;23.06.21 - 10h57;23.06.21 - 10h56;121;1687337847687000000;27.4;3D3B8F7A9F26C008;1;-114;-17;-131.09;12;868.5;1;59;011200c2ffd400e803d300f00291adb0002e1fc71017;43.101616;3.022791;16;23;7.1;0.06;110.73;24;-0.044;0.232;0.979;1.36;-0.26;5.73
GNAT L082CZ - 08;3.93;23.06.21 - 10h59;23.06.21 - 10h58;121.01;1687337968694000000;27.8;3D3B8F7A9F26C008;2;-114;-15;-129.14;12;865.3;2;60;011600c1ffcd010403ba00f00291ad90002e1fce1116;43.101584;3.022798;17;22;3.6;0.03;172.07;24;-0.051;0.26;0.954;1.52;-0.3;5.58
GNAT L082CZ - 08;3.94;23.06.21 - 11h01;23.06.21 - 11h00;116.99;1687338085687000000;27.8;3D3B8F7A9F26C008;2;-113;-15;-128.14;12;868.1;2;61;011600c2ffb9010c03cd00f00291ad9c002e200e1017;43.101596;3.022862;16;23;5.36;0.05;73.59;24;-0.071;0.268;0.973;1.57;-0.41;5.69
GNAT L082CZ - 08;3.93;23.06.21 - 11h03;23.06.21 - 11h03;121;1687338206687000000;27.8;3D3B8F7A9F26C008;2;-114;-15;-129.14;12;867.3;2;62;011600c1ffaf011b039c00f00291ad70002e20481016;43.101552;3.02292;16;22;6.79;0.06;140;24;-0.081;0.283;0.924;1.65;-0.47;5.4
GNAT L082CZ - 08;3.94;23.06.21 - 11h05;23.06.21 - 11h05;119.99;1687338326681000000;28.3;3D3B8F7A9F26C008;1;-112;-21;-133.03;12;868.5;1;63;011b00c2ffa700d403c200f00291ad4c002e203d0f17;43.101516;3.022909;15;23;4.1;0.03;191.01;24;-0.089;0.212;0.962;1.24;-0.52;5.63
GNAT L082CZ - 08;3.93;23.06.21 - 11h07;23.06.21 - 11h06;121;1687338447679000000;27.8;3D3B8F7A9F26C008;1;-114;-19;-133.05;12;867.1;2;64;011600c1ffbb00cb03ef00f00291acdc002e1ff10f18;43.101404;3.022833;15;24;13.9;0.11;203.36;24;-0.069;0.203;1.007;1.19;-0.4;5.89
GNAT L082CZ - 08;3.93;23.06.21 - 11h11;23.06.21 - 11h10;238.01;1687338685693000000;27.8;3D3B8F7A9F26C008;1;-114;-17;-131.09;12;867.7;2;66;011600c1ff9d014403c500fa0291ad08002e20801118;43.101448;3.022976;17;24;12.6;0.05;64.2;25;-0.099;0.324;0.965;1.89;-0.58;5.65
GNAT L082CZ - 08;3.93;23.06.21 - 11h15;23.06.21 - 11h14;242.01;1687338927700000000;28.3;3D3B8F7A9F26C008;1;-114;-17;-131.09;12;865.5;2;68;011b00c1ffeb00f303b300fa0291acbc002e20bb1218;43.101372;3.023035;18;24;9.71;0.04;153.71;25;-0.021;0.243;0.947;1.42;-0.12;5.54
GNAT L082CZ - 08;3.93;23.06.21 - 11h17;23.06.21 - 11h17;122.55;1687339050250000000;28.7;3D3B8F7A9F26C008;1;-110;-19.5;-129.55;12;868.1;1;69;011f00c1ffba017103de00fa0291ac84002e20ae1317;43.101316;3.023022;19;23;6.32;0.05;188.4;25;-0.07;0.369;0.99;2.16;-0.41;5.79
GNAT L082CZ - 08;3.93;23.06.21 - 11h19;23.06.21 - 11h18;117.44;1687339167694000000;28.7;3D3B8F7A9F26C008;1;-112;-19;-131.05;12;866.5;1;70;011f00c1ffd40158041600fa0291ac8c002e21051117;43.101324;3.023109;17;23;7.12;0.06;81.78;25;-0.044;0.344;1.046;2.01;-0.26;6.12
GNAT L082CZ - 08;3.94;23.06.21 - 11h21;23.06.21 - 11h20;120;1687339287699000000;28.7;3D3B8F7A9F26C008;1;-111;-22;-133.03;12;868.3;1;71;011f00c2ffd900fb03f200fa0291ac38002e20dd1217;43.10124;3.023069;18;23;9.89;0.08;196.86;25;-0.039;0.251;1.01;1.47;-0.23;5.91
GNAT L082CZ - 08;3.93;23.06.21 - 11h25;23.06.21 - 11h25;243.54;1687339531241000000;29.1;3D3B8F7A9F26C008;1;-114;-16.5;-130.6;12;868.1;2;73;012300c1ffc3015503c601040291ac08002e21011116;43.101192;3.023105;17;22;6.09;0.03;154.49;26;-0.061;0.341;0.966;1.99;-0.36;5.65
GNAT L082CZ - 08;3.94;23.06.21 - 11h27;23.06.21 - 11h27;120.46;1687339651697000000;29.1;3D3B8F7A9F26C008;1;-114;-18;-132.07;12;867.1;2;74;012300c2ffc700e703c001040291abe8002e21191117;43.10116;3.023129;17;23;4.06;0.03;154.49;26;-0.057;0.231;0.96;1.35;-0.33;5.62
GNAT L082CZ - 08;3.94;23.06.21 - 11h29;23.06.21 - 11h29;118.99;1687339770689000000;29.5;3D3B8F7A9F26C008;1;-113;-18;-131.07;12;868.1;2;75;012700c2ffc9010e041001040291abcc002e212d1118;43.101132;3.023149;17;24;3.51;0.03;155.56;26;-0.055;0.27;1.04;1.58;-0.32;6.09
GNAT L082CZ - 08;3.94;23.06.21 - 11h31;23.06.21 - 11h30;121;1687339891692000000;29.5;3D3B8F7A9F26C008;1;-114;-17;-131.09;12;867.5;1;76;012700c2ffc0010603cd01040291abb4002e21591117;43.101108;3.023193;17;23;4.46;0.04;130.61;26;-0.064;0.262;0.973;1.53;-0.37;5.69
GNAT L082CZ - 08;3.94;23.06.21 - 11h33;23.06.21 - 11h33;116.01;1687340007700000000;29.5;3D3B8F7A9F26C008;1;-113;-18;-131.07;12;868.5;1;77;012700c2ffd1012603c901040291aba0002e21771218;43.101088;3.023223;18;24;3.3;0.03;136.34;26;-0.047;0.294;0.969;1.72;-0.27;5.67
GNAT L082CZ - 08;3.94;23.06.21 - 11h35;23.06.21 - 11h35;120.99;1687340128693000000;29.5;3D3B8F7A9F26C008;1;-114;-17;-131.09;12;867.9;2;78;012700c2ffc6012003e001040291ab6c002e21901116;43.101036;3.023248;17;22;6.13;0.05;162.99;26;-0.058;0.288;0.992;1.68;-0.34;5.8
GNAT L082CZ - 08;3.94;23.06.21 - 11h39;23.06.21 - 11h39;239.01;1687340367700000000;29.5;3D3B8F7A9F26C008;3;-113;-10;-123.41;12;865.1;2;80;012700c2ffbd012f03c5010e0291adf4002e21901218;43.101684;3.023248;18;24;72.05;0.3;0;27;-0.067;0.303;0.965;1.77;-0.39;5.65
GNAT L082CZ - 08;3.94;23.06.21 - 11h41;23.06.21 - 11h41;123;1687340490698000000;30;3D3B8F7A9F26C008;2;-112;-12;-124.27;12;868.5;1;81;012c00c201bb015f030201040291abe4002e201f1217;43.101156;3.022879;18;23;65.91;0.54;203.97;26;0.443;0.351;0.77;2.05;2.59;4.5
GNAT L082CZ - 08;3.93;23.06.21 - 11h43;23.06.21 - 11h41;118;1687340608699000000;29.1;3D3B8F7A9F26C008;3;-113;-7;-120.79;12;867.3;2;82;012300c10144fecd02e601040291ab44002e1f231217;43.100996;3.022627;18;23;27.11;0.23;225.05;26;0.324;-0.307;0.742;-1.79;1.89;4.34
GNAT L082CZ - 08;3.94;23.06.21 - 11h51;23.06.21 - 11h51;475;1687341083699000000;30;3D3B8F7A9F26C008;2;-114;-14;-128.17;12;867.3;1;86;012c00c2005901f3039a01040291acf4002e1c7f1217;43.101428;3.021951;18;23;72.94;0.15;315.11;26;0.089;0.499;0.922;2.92;0.52;5.39
GNAT L082CZ - 08;3.94;23.06.21 - 11h53;23.06.21 - 11h52;121.55;1687341205249000000;29.5;3D3B8F7A9F26C008;1;-116;-18.25;-134.31;12;868.5;1;87;012700c20020031302bf01040291ad84002e1b861218;43.101572;3.021702;18;24;25.79;0.21;312.25;26;0.032;0.787;0.703;4.6;0.19;4.11
GNAT L082CZ - 08;3.93;23.06.21 - 11h55;23.06.21 - 11h54;129.45;1687341334694000000;29.5;3D3B8F7A9F26C008;2;-114;-13;-127.21;12;867.3;2;88;012700c1fe4b01f7035401040291acb0002e1b3d1117;43.10136;3.021629;17;23;24.31;0.19;192.36;26;-0.437;0.503;0.852;2.94;-2.55;4.98
GNAT L082CZ - 08;3.94;23.06.21 - 11h57;23.06.21 - 11h57;111.55;1687341446243000000;30.4;3D3B8F7A9F26C008;1;-116;-17;-133.09;12;868.3;1;89;013000c2013302a502df010e0291ac78002e1ae51116;43.101304;3.021541;17;22;9.48;0.08;225;27;0.307;0.677;0.735;3.96;1.79;4.3
GNAT L082CZ - 08;3.94;23.06.21 - 11h59;23.06.21 - 11h58;118.45;1687341564694000000;30;3D3B8F7A9F26C008;1;-114;-20;-134.04;12;867.3;1;90;012c00c2ff9400c403d6010e0291ac8c002e1a771117;43.101324;3.021431;17;23;9.2;0.08;285.94;27;-0.108;0.196;0.982;1.14;-0.63;5.75
GNAT L082CZ - 08;3.94;23.06.21 - 12h01;23.06.21 - 12h00;123;1687341687693000000;30;3D3B8F7A9F26C008;1;-113;-18;-131.07;12;868.5;1;91;012c00c2ffae014203c4010e0291ac64002e1a6a1118;43.101284;3.021418;17;24;4.57;0.04;191.69;27;-0.082;0.322;0.964;1.88;-0.48;5.64
GNAT L082CZ - 08;3.94;23.06.21 - 12h03;23.06.21 - 12h02;116.55;1687341804242000000;30;3D3B8F7A9F26C008;1;-116;-18;-134.07;12;867.3;1;92;012c00c2fffa00fb03c9010e0291ac90002e19791116;43.101328;3.021177;17;22;20.17;0.17;286;27;-0.006;0.251;0.969;1.47;-0.04;5.67
GNAT L082CZ - 08;3.93;23.06.21 - 12h07;23.06.21 - 12h06;240.46;1687342044700000000;30;3D3B8F7A9F26C008;1;-114;-19;-133.05;12;867.5;1;94;012c00c1000901800427010e0291ac78002e18311218;43.101304;3.020849;18;24;26.76;0.11;263.43;27;0.009;0.384;1.063;2.24;0.05;6.22
GNAT L082CZ - 08;3.94;23.06.21 - 12h11;23.06.21 - 12h10;241.99;1687342286694000000;30;3D3B8F7A9F26C008;1;-114;-18;-132.07;12;865.3;2;96;012c00c2ffe2010f03e5010e0291ac80002e178e1117;43.101312;3.020686;17;23;13.26;0.05;274.41;27;-0.03;0.271;0.997;1.58;-0.18;5.83
GNAT L082CZ - 08;3.94;23.06.21 - 12h15;23.06.21 - 12h14;242.01;1687342528702000000;30.8;3D3B8F7A9F26C008;1;-114;-17;-131.09;12;867.1;2;98;013400c2ffce00dd038e010e0291ac0c002e19331218;43.101196;3.021107;18;24;36.53;0.15;113.42;27;-0.05;0.221;0.91;1.29;-0.29;5.32
GNAT L082CZ - 08;3.94;23.06.21 - 12h27;23.06.21 - 12h26;715.01;1687343243709000000;30;3D3B8F7A9F26C008;1;-112;-20;-132.04;12;866.5;1;104;012c00c20002011f037201180291ac90002e138b1316;43.101328;3.019659;19;22;118.47;0.17;278.12;28;0.002;0.287;0.882;1.68;0.01;5.16
GNAT L082CZ - 08;3.94;23.06.21 - 12h31;23.06.21 - 12h30;239;1687343482710000000;30.8;3D3B8F7A9F26C008;1;-114;-22;-136.03;12;866.7;1;106;013400c2002500c9048b010e0291acb8002e12ba1317;43.101368;3.01945;19;23;17.54;0.07;286.73;27;0.037;0.201;1.163;1.17;0.22;6.81
GNAT L082CZ - 08;3.94;23.06.21 - 12h35;23.06.21 - 12h34;241;1687343723715000000;30.4;3D3B8F7A9F26C008;1;-114;-21;-135.03;12;865.5;1;108;013000c2ffeb010a034c010e0291aca8002e11ea1418;43.101352;3.019242;20;24;16.98;0.07;263.1;27;-0.021;0.266;0.844;1.55;-0.12;4.94
GNAT L082CZ - 08;3.94;23.06.21 - 12h39;23.06.21 - 12h38;238.99;1687343962709000000;30;3D3B8F7A9F26C008;1;-114;-18;-132.07;12;867.3;1;110;012c00c2ffdc013b03fa010e0291acac002e10d61315;43.101356;3.018966;19;21;22.41;0.09;271.3;27;-0.036;0.315;1.018;1.84;-0.21;5.96
GNAT L082CZ - 08;3.93;23.06.21 - 12h49;23.06.21 - 12h49;597;1687344559709000000;30.8;3D3B8F7A9F26C008;1;-114;-19;-133.05;12;868.5;1;115;013400c1ffd200b103e0010e0291ab84002e0f461317;43.10106;3.018566;19;23;46.24;0.08;220.68;27;-0.046;0.177;0.992;1.03;-0.27;5.8
GNAT L082CZ - 08;3.94;23.06.21 - 12h53;23.06.21 - 12h52;242;1687344801708000000;32.5;3D3B8F7A9F26C008;1;-111;-20;-131.04;12;868.3;1;117;014500c2fe120280033501180291b0f8002e0ced1315;43.102456;3.017965;19;21;162.72;0.67;344.66;28;-0.494;0.64;0.821;3.74;-2.89;4.8
GNAT L082CZ - 08;3.94;23.06.21 - 13h11;23.06.21 - 13h09;1079.99;1687345881701000000;38;3D3B8F7A9F26C008;1;-114;-19;-133.05;12;867.7;1;126;017c00c2ff60042b0104015e0291b1e0002e1b851216;43.102688;3.021701;18;22;304.41;0.28;84.52;35;-0.16;1.067;0.26;6.24;-0.93;1.52
GNAT L082CZ - 08;3.94;23.06.21 - 13h19;23.06.21 - 13h18;493;1687346374701000000;39.7;3D3B8F7A9F26C008;1;-114;-19;-133.05;12;865.1;1;130;018d00c20068038c0207017c0291b138002e12431218;43.10252;3.019331;18;24;193.32;0.39;263.6;38;0.104;0.908;0.519;5.31;0.61;3.03
GNAT L082CZ - 08;3.94;23.06.21 - 13h21;23.06.21 - 13h20;100.34;1687346475040000000;39.3;3D3B8F7A9F26C008;1;-111;-19;-130.05;12;868.5;1;131;018900c2001604070215017c0291b6ac002e053a1214;43.103916;3.015994;18;20;312.24;3.11;303.19;38;0.022;1.031;0.533;6.03;0.13;3.11
GNAT L082CZ - 08;3.94;23.06.21 - 13h27;23.06.21 - 13h26;360.67;1687346835706000000;40.1;3D3B8F7A9F26C008;1;-114;-16;-130.11;12;865.9;1;134;019100c2ff3703220281017c0291c12c002ded4f1218;43.106604;3.009871;18;24;580.03;1.61;304.34;38;-0.201;0.802;0.641;4.69;-1.17;3.75
GNAT L082CZ - 08;3.94;23.06.21 - 13h29;23.06.21 - 13h29;140.73;1687346976438000000;39.3;3D3B8F7A9F26C008;2;-116;-12.75;-128.97;12;868.5;1;135;018900c2ff8e012b03a2017c0291b2b4002e016a1189;43.1029;3.015018;17;137;586.72;4.17;138.51;38;-0.114;0.299;0.93;1.75;-0.67;5.44
GNAT L082CZ - 08;3.94;23.06.21 - 13h31;23.06.21 - 13h31;119.45;1687347095891000000;39.3;3D3B8F7A9F26C008;3;-113;-9;-122.51;12;866.7;2;136;018900c2fc55febf011d017c0291b8b4002e049c114c;43.104436;3.015836;17;76;183.25;1.53;18.79;38;-0.939;-0.321;0.285;-1.88;-5.49;1.66
GNAT L082CZ - 08;3.94;23.06.21 - 13h39;23.06.21 - 13h38;460.82;1687347556712000000;36.7;3D3B8F7A9F26C008;1;-114;-24;-138.02;12;865.3;1;140;016f00c2ffda03a90065015e0291c974002df8321316;43.108724;3.012658;19;22;542.13;1.18;334.54;35;-0.038;0.937;0.101;5.48;-0.22;0.59
GNAT L082CZ - 08;3.94;23.06.21 - 13h43;23.06.21 - 13h43;249.99;1687347806704000000;36.3;3D3B8F7A9F26C008;1;-114;-20;-134.04;12;865.9;1;142;016b00c2005b049b00b0014a0291bca4002e1cac1218;43.105444;3.021996;18;24;841.24;3.37;118.93;33;0.091;1.179;0.176;6.9;0.53;1.03
GNAT L082CZ - 08;3.94;23.06.21 - 13h51;23.06.21 - 13h51;483.01;1687348289710000000;38.4;3D3B8F7A9F26C008;1;-114;-16;-130.11;12;865.9;1;146;018000c2ffdf03da011101680291bb78002e11b21318;43.105144;3.019186;19;24;230.55;0.48;260.46;36;-0.033;0.986;0.273;5.77;-0.19;1.59
GNAT L082CZ - 08;3.94;23.06.21 - 13h55;23.06.21 - 13h53;225.34;1687348515050000000;37.6;3D3B8F7A9F26C008;1;-114;-17;-131.09;12;866.1;2;148;017800c200320328fcb701680291b994002df0f91311;43.10466;3.010809;19;17;682.2;3.03;264.65;36;0.05;0.808;-0.841;4.72;0.29;-4.92
GNAT L082CZ - 08;3.94;23.06.21 - 14h07;23.06.21 - 14h07;720;1687349235046000000;35.9;3D3B8F7A9F26C008;1;-109;-19;-128.05;12;866.3;1;154;016700c20196008d0367014a0291bbdc002de8f4120a;43.105244;3.008756;18;10;178.87;0.25;293.95;33;0.406;0.141;0.871;0.82;2.37;5.09
GNAT L082CZ - 08;3.94;23.06.21 - 14h09;23.06.21 - 14h08;121.66;1687349356703000000;35;3D3B8F7A9F26C008;1;-113;-16;-129.11;12;868.5;1;155;015e00c20261006e02de014a0291bdfc002dd3221217;43.105788;3.00317;18;23;457.5;3.76;278.53;33;0.609;0.11;0.734;0.64;3.56;4.29
GNAT L082CZ - 08;3.94;23.06.21 - 14h11;23.06.21 - 14h10;140.2;1687349496904000000;35;3D3B8F7A9F26C008;1;-113;-16;-129.11;12;865.1;1;156;015e00c20259008802f301400291bd08002dea50121a;43.105544;3.009104;18;26;482.5;3.44;93.81;32;0.601;0.136;0.755;0.79;3.51;4.41
GNAT L082CZ - 08;3.94;23.06.21 - 14h13;23.06.21 - 14h12;98.14;1687349595044000000;34.6;3D3B8F7A9F26C008;1;-110;-19;-129.05;12;868.5;2;157;015a00c2000effc4039501400291bec4002dda0f120f;43.105988;3.004943;18;15;341.39;3.48;279.38;32;0.014;-0.06;0.917;-0.35;0.08;5.36
GNAT L082CZ - 08;3.94;23.06.21 - 14h19;23.06.21 - 14h16;360.66;1687349955702000000;34.2;3D3B8F7A9F26C008;1;-113;-18;-131.07;12;867.5;1;160;015600c20029ffc3041501400291b810002dd35e1211;43.104272;3.00323;18;17;236.11;0.65;212.51;32;0.041;-0.061;1.045;-0.36;0.24;6.11
GNAT L082CZ - 08;3.94;23.06.21 - 14h21;23.06.21 - 14h20;141.2;1687350096906000000;33.8;3D3B8F7A9F26C008;1;-110;-20;-130.04;12;868.3;1;161;015200c2001bfffb04c501360291b570002df6921234;43.1036;3.012242;18;52;735.45;5.21;96.86;31;0.027;-0.005;1.221;-0.03;0.16;7.15
GNAT L082CZ - 08;3.94;23.06.21 - 14h25;23.06.21 - 14h24;219.79;1687350316696000000;33.8;3D3B8F7A9F26C008;1;-106;-20;-126.04;12;868.5;2;163;015200c2ffc202f7031b01360291ba50002dc69b1117;43.104848;2.999963;17;23;1006.48;4.58;278.77;31;-0.062;0.759;0.795;4.44;-0.36;4.65
GNAT L082CZ - 08;3.94;23.06.21 - 14h27;23.06.21 - 14h25;121.36;1687350438054000000;32.5;3D3B8F7A9F26C008;1;-113;-20;-133.04;12;865.5;1;164;014500c2fead02330032012c0291c080002da3a51117;43.106432;2.991013;17;23;747.63;6.16;285.27;30;-0.339;0.563;0.05;3.29;-1.98;0.29
GNAT L082CZ - 08;3.94;23.06.21 - 14h31;23.06.21 - 14h30;242.55;1687350680609000000;32.9;3D3B8F7A9F26C008;1;-117;-16;-133.11;12;865.5;1;166;014900c2ff7a0386027c012c0291bd24002d822e1217;43.105572;2.982446;18;23;702.03;2.89;260.9;30;-0.134;0.902;0.636;5.28;-0.78;3.72
GNAT L082CZ - 08;3.94;23.06.21 - 14h35;23.06.21 - 14h34;258.3;1687350938906000000;32.5;3D3B8F7A9F26C008;1;-108;-19;-127.05;12;866.5;1;168;014500c2ff7303aa0243012c0291c8d4002d49431029;43.108564;2.967875;16;41;1228.78;4.76;287.45;30;-0.141;0.938;0.579;5.49;-0.82;3.38
GNAT L082CZ - 08;3.94;23.06.21 - 14h37;23.06.21 - 14h36;99.8;1687351038708000000;33.3;3D3B8F7A9F26C008;2;-113;-12;-125.27;12;868.1;1;169;014d00c2feb304cb0243012c0291df0c002d0e491016;43.114252;2.952777;16;22;1379.16;13.82;299.99;30;-0.333;1.227;0.579;7.19;-1.95;3.38
