GNAT L082CZ - 07;3.95;23.06.21 - 09h12;23.06.21 - 09h11;74709.82;1687331554528000000;27.4;3D3B8F7A9F26C007;1;-114;-16;-130.11;12;868.1;1;1;011200c30049ff78044100fa0291af08002e32dc0718;43.10196;3.027676;7;24;471.48;0.01;55.18;25;0.073;-0.136;1.089;-0.79;0.43;6.37
GNAT L082CZ - 07;3.95;23.06.21 - 09h14;23.06.21 - 09h12;117.11;1687331671639000000;27.4;3D3B8F7A9F26C007;2;-114;-14;-128.17;12;867.3;2;2;011200c3012cff73044500e60291a7c4002e26130a18;43.1001;3.024403;10;24;336.73;2.88;228.15;23;0.3;-0.141;1.093;-0.82;1.75;6.4
GNAT L082CZ - 07;3.95;23.06.21 - 09h16;23.06.21 - 09h16;124.27;1687331795906000000;27.4;3D3B8F7A9F26C007;2;-114;-14;-128.17;12;868.5;2;3;011200c300faffc5040800e60291a6a4002e27630b1f;43.099812;3.024739;11;31;42.07;0.34;143.46;23;0.25;-0.059;1.032;-0.34;1.46;6.04
GNAT L082CZ - 07;3.95;23.06.21 - 09h18;23.06.21 - 09h16;120;1687331915906000000;27.8;3D3B8F7A9F26C007;1;-113;-23;-136.02;12;866.7;1;4;011600c30113fdcb048b00e60291ad80002e2fe9083c;43.101568;3.026921;8;60;263.65;2.2;38.36;23;0.275;-0.565;1.163;-3.3;1.61;6.81
GNAT L082CZ - 07;3.95;23.06.21 - 09h20;23.06.21 - 09h20;119.66;1687332035566000000;28.3;3D3B8F7A9F26C007;1;-113;-19;-132.05;12;868.1;1;5;011b00c3fea5ff8e039100f00291a754002e285e0921;43.099988;3.02499;9;33;235.47;1.97;217.81;24;-0.347;-0.114;0.913;-0.67;-2.03;5.34
GNAT L082CZ - 07;3.95;23.06.21 - 09h22;23.06.21 - 09h22;100.4;1687332135969000000;27.8;3D3B8F7A9F26C007;1;-114;-17;-131.09;12;865.5;3;6;011600c30041fef1042200f00291ac98002e2e670818;43.101336;3.026535;8;24;195.45;1.95;36.12;24;0.065;-0.271;1.058;-1.58;0.38;6.19
GNAT L082CZ - 07;3.95;23.06.21 - 09h30;23.06.21 - 09h29;480.67;1687332616642000000;27.4;3D3B8F7A9F26C007;1;-114;-19;-133.05;12;867.9;1;10;011200c30058fe8d04ad00dc0291c1b4002e4b330a14;43.10674;3.033907;10;20;848.1;1.76;41.22;22;0.088;-0.371;1.197;-2.17;0.51;7.01
GNAT L082CZ - 07;3.95;23.06.21 - 09h50;23.06.21 - 09h50;1222.24;1687333838886000000;27;3D3B8F7A9F26C007;1;-115;-20;-135.04;12;865.9;1;20;010e00c3006dfe97046000e60291a60c002e23d10920;43.09966;3.023825;9;32;1135.67;0.93;222.03;23;0.109;-0.361;1.12;-2.11;0.64;6.56
GNAT L082CZ - 07;3.95;23.06.21 - 09h54;23.06.21 - 09h54;226.75;1687334065638000000;27.4;3D3B8F7A9F26C007;1;-116;-17;-133.09;12;865.1;2;22;011200c3006cfea2044c00e60291a740002e23590917;43.099968;3.023705;9;23;35.61;0.16;346.1;23;0.108;-0.35;1.1;-2.04;0.63;6.44
GNAT L082CZ - 07;3.95;23.06.21 - 10h26;23.06.21 - 10h26;1910.37;1687335976008000000;27.8;3D3B8F7A9F26C007;1;-114;-21;-135.03;12;867.3;1;38;011600c30056fe7904dc00e60291ac50002e18160b18;43.101264;3.020822;11;24;274.87;0.14;305.2;23;0.086;-0.391;1.244;-2.28;0.5;7.29
GNAT L082CZ - 07;3.95;23.06.21 - 10h42;23.06.21 - 10h41;976.66;1687336952670000000;28.3;3D3B8F7A9F26C007;1;-114;-19;-133.05;12;867.3;2;46;011b00c30021fe37048300e60291a300002e214e0e17;43.09888;3.023182;14;23;327.09;0.33;147.88;23;0.033;-0.457;1.155;-2.67;0.19;6.76
GNAT L082CZ - 07;3.95;23.06.21 - 10h50;23.06.21 - 10h50;483.24;1687337435907000000;27.8;3D3B8F7A9F26C007;2;-114;-15;-129.14;12;867.3;2;50;011600c30038fe4e04f200e60291a0a4002e230d0f1d;43.098276;3.023629;15;29;76.34;0.16;154.86;23;0.056;-0.434;1.266;-2.54;0.33;7.41
GNAT L082CZ - 07;3.95;23.06.21 - 10h52;23.06.21 - 10h52;120;1687337555907000000;27.8;3D3B8F7A9F26C007;1;-114;-17;-131.09;12;868.5;1;51;011600c30059fe7804c100e60291a108002e229b0d41;43.098376;3.023515;13;65;14.47;0.12;324.14;23;0.089;-0.392;1.217;-2.29;0.52;7.13
GNAT L082CZ - 07;3.95;23.06.21 - 10h54;23.06.21 - 10h54;117.76;1687337673670000000;27.8;3D3B8F7A9F26C007;3;-113;-10;-123.41;12;865.9;2;52;011600c3005afe8a043500f00291a244002e23020e16;43.098692;3.023618;14;22;36.12;0.31;11.68;24;0.09;-0.374;1.077;-2.18;0.53;6.3
GNAT L082CZ - 07;3.95;23.06.21 - 11h00;23.06.21 - 11h00;356.01;1687338029677000000;27.8;3D3B8F7A9F26C007;1;-112;-21;-133.03;12;868.3;1;55;011600c3000afe99046c00f00291a4d8002e24540f18;43.099352;3.023956;15;24;78.35;0.22;18.01;24;0.01;-0.359;1.132;-2.1;0.06;6.63
GNAT L082CZ - 07;3.95;23.06.21 - 11h02;23.06.21 - 11h02;125.01;1687338154683000000;28.3;3D3B8F7A9F26C007;2;-114;-15;-129.14;12;865.1;2;56;011b00c30036fea5045400f00291a454002e24de1017;43.09922;3.024094;16;23;18.47;0.15;146.43;24;0.054;-0.347;1.108;-2.03;0.32;6.49
GNAT L082CZ - 07;3.95;23.06.21 - 11h06;23.06.21 - 11h06;230.99;1687338385670000000;28.3;3D3B8F7A9F26C007;1;-114;-18;-132.07;12;867.7;2;58;011b00c30061feef045700f00291a450002e24ee0e18;43.099216;3.02411;14;24;1.37;0.01;111.5;24;0.097;-0.273;1.111;-1.59;0.57;6.5
GNAT L082CZ - 07;3.95;23.06.21 - 11h08;23.06.21 - 11h08;129.54;1687338515211000000;28.3;3D3B8F7A9F26C007;1;-114;-19;-133.05;12;868.1;1;59;011b00c30089feef043400f00291a404002e24ed0d17;43.09914;3.024109;13;23;8.45;0.07;180.48;24;0.137;-0.273;1.076;-1.59;0.8;6.3
GNAT L082CZ - 07;3.95;23.06.21 - 11h10;23.06.21 - 11h09;99.82;1687338615031000000;28.3;3D3B8F7A9F26C007;2;-114;-14;-128.17;12;865.5;2;60;011b00c30059fee3042300f00291990c002e3edc0e17;43.096332;3.030748;14;23;622.94;6.24;123.87;24;0.089;-0.285;1.059;-1.66;0.52;6.2
GNAT L082CZ - 07;3.95;23.06.21 - 11h18;23.06.21 - 11h18;497.64;1687339112675000000;28.3;3D3B8F7A9F26C007;1;-114;-17;-131.09;12;867.3;2;64;011b00c3005dfe8b044100f00291a368002e254d0f17;43.098984;3.024205;15;23;607.61;1.22;302.46;24;0.093;-0.373;1.089;-2.18;0.54;6.37
GNAT L082CZ - 07;3.95;23.06.21 - 11h26;23.06.21 - 11h26;475.01;1687339587685000000;28.7;3D3B8F7A9F26C007;1;-114;-16;-130.11;12;865.9;2;68;011f00c30075fea1044800fa0291a31c002e25221016;43.098908;3.024162;16;22;9.14;0.02;199.75;25;0.117;-0.351;1.096;-2.05;0.68;6.41
GNAT L082CZ - 07;3.95;23.06.21 - 11h54;23.06.21 - 11h54;1676.99;1687341264677000000;30.4;3D3B8F7A9F26C007;1;-112;-18;-130.07;12;866.3;1;82;013000c301bffeda043c010e0291ac38002e1bbf0f18;43.10124;3.021759;15;24;324.51;0.19;326.73;27;0.447;-0.294;1.084;-1.72;2.61;6.34
GNAT L082CZ - 07;3.95;23.06.21 - 11h58;23.06.21 - 11h58;244.99;1687341509670000000;30.8;3D3B8F7A9F26C007;1;-114;-20;-134.04;12;867.3;1;84;013400c300adfe9104d2010e0291ac8c002e1a090e18;43.101324;3.021321;14;24;36.77;0.15;286.76;27;0.173;-0.367;1.234;-2.14;1.01;7.23
GNAT L082CZ - 07;3.95;23.06.21 - 12h02;23.06.21 - 12h02;238.55;1687341748216000000;30.8;3D3B8F7A9F26C007;1;-116;-19.25;-135.3;12;867.7;1;86;013400c3003cfe9b0505010e0291ac90002e19f50d17;43.101328;3.021301;13;23;1.68;0.01;287.45;27;0.06;-0.357;1.285;-2.09;0.35;7.53
GNAT L082CZ - 07;3.95;23.06.21 - 12h34;23.06.21 - 12h34;1927.46;1687343675672000000;29.5;3D3B8F7A9F26C007;1;-115;-23;-138.02;12;867.1;1;102;012700c3001bfe21051201040291af6c002e12b00e19;43.10206;3.01944;14;25;171.62;0.09;301.67;26;0.027;-0.479;1.298;-2.8;0.16;7.6
GNAT L082CZ - 07;3.95;23.06.21 - 12h44;23.06.21 - 12h44;587.01;1687344262684000000;30;3D3B8F7A9F26C007;2;-114;-12;-126.27;12;868.5;1;107;012c00c3006dfec3042801040291abdc002e14ef1013;43.101148;3.020015;16;19;111.64;0.19;158.14;26;0.109;-0.317;1.064;-1.85;0.64;6.23
GNAT L082CZ - 07;3.95;23.06.21 - 13h06;23.06.21 - 13h06;1312.35;1687345575032000000;38.4;3D3B8F7A9F26C007;1;-114;-21;-135.03;12;865.3;1;118;018000c30121000a03dd01680291b4f0002e093e0e18;43.103472;3.017022;14;24;354.72;0.27;320.56;36;0.289;0.01;0.989;0.06;1.69;5.79
GNAT L082CZ - 07;3.95;23.06.21 - 13h08;23.06.21 - 13h08;132.66;1687345707693000000;38.8;3D3B8F7A9F26C007;1;-114;-20;-134.04;12;868.5;1;119;018400c3ffd3ffed041101680291b000002e132e1117;43.102208;3.019566;17;23;249.83;1.88;127.99;36;-0.045;-0.019;1.041;-0.11;-0.26;6.09
GNAT L082CZ - 07;3.96;23.06.21 - 13h22;23.06.21 - 13h22;847.87;1687346555563000000;40.5;3D3B8F7A9F26C007;1;-114;-19;-133.05;12;867.7;1;126;019500c4fff3003b0395017c0291b050002e0bc70d1e;43.102288;3.017671;13;30;154.11;0.18;273.75;38;-0.013;0.059;0.917;0.34;-0.08;5.36
GNAT L082CZ - 07;3.95;23.06.21 - 13h24;23.06.21 - 13h22;111.65;1687346667217000000;40.9;3D3B8F7A9F26C007;1;-118;-17.5;-135.58;12;868.3;1;127;019900c3001affab0422017c0291af14002e03f90e17;43.101972;3.015673;14;23;165.97;1.49;256.01;38;0.026;-0.085;1.058;-0.5;0.15;6.19
GNAT L082CZ - 07;3.95;23.06.21 - 13h28;23.06.21 - 13h28;248.33;1687346915548000000;40.5;3D3B8F7A9F26C007;1;-112;-17;-129.09;12;868.3;1;129;019500c30077ffa4044701860291aed8002dfd450e26;43.101912;3.013957;14;38;139.48;0.56;266.82;39;0.119;-0.092;1.095;-0.54;0.7;6.41
GNAT L082CZ - 07;3.95;23.06.21 - 13h34;23.06.21 - 13h32;339.5;1687347255044000000;39.2;3D3B8F7A9F26C007;1;-114;-16;-130.11;12;866.1;1;132;018800c3007d0085044c017c0291bbf4002e05390d0e;43.105268;3.015993;13;14;408.14;1.2;21.21;38;0.125;0.133;1.1;0.78;0.73;6.44
GNAT L082CZ - 07;3.95;23.06.21 - 13h40;23.06.21 - 13h40;360;1687347615045000000;36.7;3D3B8F7A9F26C007;1;-110;-18;-128.07;12;868.5;1;135;016f00c300160182031b01540291c23c002e099f0d18;43.106876;3.017119;13;24;200.81;0.56;24.17;34;0.022;0.386;0.795;2.26;0.13;4.65
GNAT L082CZ - 07;3.95;23.06.21 - 13h50;23.06.21 - 13h49;603;1687348218044000000;38.4;3D3B8F7A9F26C007;1;-115;-20;-135.04;12;867.3;1;140;018000c3001f00aa038d01680291be60002e13120d18;43.105888;3.019538;13;24;225.02;0.37;122.59;36;0.031;0.17;0.909;0.99;0.18;5.32
GNAT L082CZ - 07;3.95;23.06.21 - 14h06;23.06.21 - 14h05;958.62;1687349176664000000;36.3;3D3B8F7A9F26C007;1;-115;-18;-133.07;12;867.9;2;148;016b00c3ff2fff02040201540291bddc002dd79e0d17;43.105756;3.004318;13;23;1235.69;1.29;268.89;34;-0.209;-0.254;1.026;-1.48;-1.22;6
GNAT L082CZ - 07;3.95;23.06.21 - 14h08;23.06.21 - 14h07;136.01;1687349312671000000;35.9;3D3B8F7A9F26C007;1;-113;-18;-131.07;12;868.5;1;149;016700c3ff2ffece0422014a0291bb50002df2130e17;43.105104;3.011091;14;23;554.61;4.08;98.71;33;-0.209;-0.306;1.058;-1.79;-1.22;6.19
GNAT L082CZ - 07;3.95;23.06.21 - 14h10;23.06.21 - 14h09;102.39;1687349415065000000;35.4;3D3B8F7A9F26C007;1;-113;-19;-132.05;12;867.3;1;150;016200c3ff0bff0a0407014a0291bea0002de36c0d17;43.105952;3.00734;13;23;318.78;3.11;289.38;33;-0.245;-0.246;1.031;-1.44;-1.43;6.03
GNAT L082CZ - 07;3.95;23.06.21 - 14h12;23.06.21 - 14h12;140.41;1687349555479000000;35.4;3D3B8F7A9F26C007;1;-118;-17.25;-135.33;12;868.5;1;151;016200c3ff22ffd703e801400291bd40002de6d10e1f;43.1056;3.008209;14;31;80.68;0.57;122.36;32;-0.222;-0.041;1;-0.24;-1.3;5.85
GNAT L082CZ - 07;3.95;23.06.21 - 14h14;23.06.21 - 14h13;99.59;1687349655065000000;35;3D3B8F7A9F26C007;1;-113;-21;-134.03;12;865.5;2;152;015e00c3ff3fff1c031f01400291bf40002dd84b0d18;43.106112;3.004491;13;24;307.16;3.08;282.06;32;-0.193;-0.228;0.799;-1.33;-1.13;4.67
GNAT L082CZ - 07;3.95;23.06.21 - 14h16;23.06.21 - 14h16;121.01;1687349776076000000;34.6;3D3B8F7A9F26C007;2;-115;-15;-130.14;12;868.5;1;153;015a00c3ff08ff2e03dc01400291bf1c002dd3310d14;43.106076;3.003185;13;20;106.1;0.88;267.51;32;-0.248;-0.21;0.988;-1.23;-1.45;5.78
GNAT L082CZ - 07;3.95;23.06.21 - 14h54;23.06.21 - 14h53;2287.62;1687352063691000000;32.5;3D3B8F7A9F26C007;1;-115;-21;-136.03;12;867.9;1;172;014500c3fea4ff1103cf012c02920928002db2bb1117;43.125032;2.994875;17;23;2213.11;0.97;343.98;30;-0.348;-0.239;0.975;-1.4;-2.03;5.7
