GNAT L082CZ - 09;3.96;23.06.20 - 11h45;23.06.20 - 11h45;1195.06;1687254329656000000;26.5;3D3B8F7A9F26C009;1;-114;-16;-130.11;12;867.3;2;11;010900c4fff70219046400fa0291a77c002e26380b18;43.100028;3.02444;11;24;202.8;0.17;18.05;25;-0.009;0.537;1.124;3.14;-0.05;6.58
GNAT L082CZ - 09;3.96;23.06.20 - 11h55;23.06.20 - 11h55;601;1687254930657000000;25.7;3D3B8F7A9F26C009;1;-114;-17;-131.09;12;865.9;2;13;010100c40012021b040100e60291a72c002e24350c16;43.099948;3.023925;12;22;42.75;0.07;256.25;23;0.018;0.539;1.025;3.15;0.11;6
GNAT L082CZ - 09;3.96;23.06.20 - 12h15;23.06.20 - 12h15;1198.01;1687256128665000000;24.8;3D3B8F7A9F26C009;1;-114;-20;-134.04;12;867.9;1;17;00f800c4ffdf020703b500dc0291a620002e20120d18;43.09968;3.022866;13;24;91;0.08;248.25;22;-0.033;0.519;0.949;3.03;-0.19;5.55
GNAT L082CZ - 09;3.96;23.06.20 - 12h20;23.06.20 - 12h20;299;1687256427666000000;24.8;3D3B8F7A9F26C009;1;-114;-18;-132.07;12;867.3;2;18;00f800c4000d01e7046900dc0291a648002e1ed70d18;43.09972;3.022551;13;24;25.96;0.09;281.3;22;0.013;0.487;1.129;2.85;0.08;6.61
GNAT L082CZ - 09;3.97;23.06.20 - 12h35;23.06.20 - 12h34;898.01;1687257325673000000;24.8;3D3B8F7A9F26C009;1;-114;-19;-133.05;12;867.1;1;21;00f800c500560282046a00dc0291a6d4002e1c050e18;43.09986;3.021829;14;24;60.65;0.07;286.96;22;0.086;0.642;1.13;3.75;0.5;6.61
GNAT L082CZ - 09;3.96;23.06.20 - 12h40;23.06.20 - 12h35;300.01;1687257625679000000;24.8;3D3B8F7A9F26C009;1;-113;-20;-133.04;12;868.3;1;22;00f800c4008d025604a700dc0291a77c002e1b3b0f18;43.100028;3.021627;15;24;24.86;0.08;322.62;22;0.141;0.598;1.191;3.49;0.82;6.97
GNAT L082CZ - 09;3.96;23.06.20 - 12h45;23.06.20 - 12h43;301;1687257926678000000;24.8;3D3B8F7A9F26C009;1;-114;-17;-131.09;12;865.3;2;23;00f800c40054027d047600dc0291a6fc002e17f70f15;43.0999;3.020791;15;21;69.35;0.23;256.43;22;0.084;0.637;1.142;3.72;0.49;6.69
GNAT L082CZ - 09;3.96;23.06.20 - 12h55;23.06.20 - 12h45;600;1687258526678000000;24.4;3D3B8F7A9F26C009;1;-114;-18;-132.07;12;867.5;1;25;00f400c4fffd0272046100dc0291a820002e190b0f18;43.100192;3.021067;15;24;39.45;0.07;31;22;-0.003;0.626;1.121;3.66;-0.02;6.56
GNAT L082CZ - 09;3.96;23.06.20 - 13h00;23.06.20 - 12h55;300;1687258826677000000;24.4;3D3B8F7A9F26C009;1;-114;-23;-137.02;12;866.1;1;26;00f400c4ff5c02a703f300d20291a800002e18ed0f17;43.10016;3.021037;15;23;4.31;0.01;210.79;21;-0.164;0.679;1.011;3.97;-0.96;5.92
GNAT L082CZ - 09;3.96;23.06.20 - 13h10;23.06.20 - 13h00;599;1687259425676000000;24.8;3D3B8F7A9F26C009;1;-114;-18;-132.07;12;865.5;1;28;00f800c4fe430318030400dc0291a80c002e16fa0f17;43.100172;3.020538;15;23;40.54;0.07;272.16;22;-0.445;0.792;0.772;4.63;-2.6;4.51
GNAT L082CZ - 09;3.96;23.06.20 - 13h20;23.06.20 - 13h10;588.47;1687260014149000000;24.8;3D3B8F7A9F26C009;1;-114;-16;-130.11;12;865.3;2;30;00f800c4001801c1042200dc0291acb8002e0d240e17;43.101368;3.01802;14;23;243.88;0.41;306.7;22;0.024;0.449;1.058;2.62;0.14;6.19
GNAT L082CZ - 09;3.96;23.06.20 - 13h30;23.06.20 - 13h20;614.54;1687260628685000000;24.8;3D3B8F7A9F26C009;1;-113;-18;-131.07;12;867.7;1;32;00f800c4005f0261037c00dc0291a5ac002e165c1016;43.099564;3.02038;16;22;277.4;0.45;140.3;22;0.095;0.609;0.892;3.56;0.55;5.22
GNAT L082CZ - 09;3.96;23.06.20 - 13h40;23.06.20 - 13h30;586.46;1687261215146000000;24.8;3D3B8F7A9F26C009;1;-114;-18;-132.07;12;867.3;2;34;00f800c4002e02b303e400dc029193e0002e10320d18;43.095008;3.018802;13;24;522.55;0.89;192.34;22;0.046;0.691;0.996;4.04;0.27;5.83
GNAT L082CZ - 09;3.96;23.06.20 - 13h45;23.06.20 - 13h40;301.52;1687261516666000000;24.8;3D3B8F7A9F26C009;1;-111;-18;-129.07;12;866.3;1;35;00f800c4ffd20254045600dc0291af10002dfc8a0d11;43.101968;3.01377;13;17;875.14;2.9;335.26;22;-0.046;0.596;1.11;3.48;-0.27;6.5
GNAT L082CZ - 09;3.96;23.06.20 - 13h50;23.06.20 - 13h45;298.47;1687261815139000000;25.3;3D3B8F7A9F26C009;1;-114;-17;-131.09;12;866.7;1;36;00fd00c4006202c0045a00dc0291b2e0002df21c0c11;43.102944;3.0111;12;17;242.42;0.81;299.78;22;0.098;0.704;1.114;4.12;0.57;6.52
GNAT L082CZ - 09;3.97;23.06.20 - 13h55;23.06.20 - 13h50;322.42;1687262137563000000;25.3;3D3B8F7A9F26C009;1;-114;-16;-130.11;12;867.1;2;37;00fd00c5ffe90210042900dc0291a50c002e14a70d20;43.099404;3.019943;13;32;818.78;2.54;122.37;22;-0.023;0.528;1.065;3.09;-0.13;6.23
GNAT L082CZ - 09;3.96;23.06.20 - 14h05;23.06.20 - 13h55;596.48;1687262734042000000;25.7;3D3B8F7A9F26C009;1;-113;-16;-129.11;12;865.5;2;39;010100c4fffc025b03a200e60291a4e4002e12210d29;43.099364;3.019297;13;41;52.64;0.09;264.42;23;-0.004;0.603;0.93;3.52;-0.02;5.44
GNAT L082CZ - 09;3.96;23.06.20 - 14h10;23.06.20 - 14h05;281.62;1687263015659000000;25.7;3D3B8F7A9F26C009;1;-113;-17;-130.09;12;867.5;1;40;010100c4002c0272043400e60291a454002e10e60c0d;43.09922;3.018982;12;13;30.17;0.11;234.24;23;0.044;0.626;1.076;3.66;0.26;6.3
GNAT L082CZ - 09;3.96;23.06.20 - 14h15;23.06.20 - 14h10;298.48;1687263314138000000;25.7;3D3B8F7A9F26C009;1;-114;-16;-130.11;12;867.5;1;41;010100c400440277048a00e60291a494002e00270c11;43.099284;3.014695;12;17;348.14;1.17;271.25;23;0.068;0.631;1.162;3.69;0.4;6.8
GNAT L082CZ - 09;3.96;23.06.20 - 14h20;23.06.20 - 14h15;322.42;1687263636561000000;25.3;3D3B8F7A9F26C009;1;-113;-19;-132.05;12;866.3;1;42;00fd00c4006c0249045a00e60291a434002e0dad0d19;43.099188;3.018157;13;25;281.29;0.87;92.58;23;0.108;0.585;1.114;3.42;0.63;6.52
GNAT L082CZ - 09;3.96;23.06.20 - 14h25;23.06.20 - 14h20;291.1;1687263927666000000;25.7;3D3B8F7A9F26C009;1;-114;-16;-130.11;12;867.3;2;43;010100c4000302a003e000e60291a430002e0c460d18;43.099184;3.017798;13;24;29.15;0.1;268.99;23;0.003;0.672;0.992;3.93;0.02;5.8
GNAT L082CZ - 09;3.96;23.06.20 - 14h30;23.06.20 - 14h25;286.48;1687264214144000000;25.3;3D3B8F7A9F26C009;1;-114;-19;-133.05;12;865.9;1;44;00fd00c4007101b5047d00e60291a4fc002dfb950d10;43.099388;3.013525;13;16;347.67;1.21;274.21;23;0.113;0.437;1.149;2.55;0.66;6.73
GNAT L082CZ - 09;3.96;23.06.20 - 14h35;23.06.20 - 14h30;322.42;1687264536560000000;24.8;3D3B8F7A9F26C009;1;-114;-16;-130.11;12;866.1;2;45;00f800c4001c0293042a00dc0291a3dc002e0a680d1a;43.0991;3.01732;13;26;309.78;0.96;96.9;22;0.028;0.659;1.066;3.85;0.16;6.24
GNAT L082CZ - 09;3.96;23.06.20 - 14h40;23.06.20 - 14h35;294.1;1687264830660000000;25.3;3D3B8F7A9F26C009;1;-114;-16;-130.11;12;865.3;2;46;00fd00c4ff9a024703b600dc0291a364002e09750c18;43.09898;3.017077;12;24;23.82;0.08;232.11;22;-0.102;0.583;0.95;3.41;-0.6;5.56
GNAT L082CZ - 09;3.96;23.06.20 - 14h45;23.06.20 - 14h40;285.03;1687265115687000000;25.7;3D3B8F7A9F26C009;1;-116;-15.5;-131.62;12;868.5;1;47;010100c4ffac024403fa00dc0291abdc002e038a0c17;43.101148;3.015562;12;23;270.64;0.95;336.02;22;-0.084;0.58;1.018;3.39;-0.49;5.96
GNAT L082CZ - 09;3.96;23.06.20 - 14h50;23.06.20 - 14h45;320.42;1687265436107000000;26.1;3D3B8F7A9F26C009;1;-116;-16.5;-132.6;12;867.9;1;48;010500c400950214048e00e60291a2dc002e06d70c20;43.098844;3.016407;12;32;265.22;0.83;166.9;23;0.149;0.532;1.166;3.11;0.87;6.83
GNAT L082CZ - 09;3.96;23.06.20 - 15h55;23.06.20 - 14h50;3898.48;1687269334582000000;26.1;3D3B8F7A9F26C009;1;-115;-19;-134.05;12;866.1;1;61;010500c4ffd602c203ab00dc0291a17c002dfd1d0c1d;43.098492;3.013917;12;29;205.92;0.05;257.38;22;-0.042;0.706;0.939;4.13;-0.25;5.49
GNAT L082CZ - 09;3.96;23.06.20 - 16h20;23.06.20 - 15h55;1497.07;1687270831656000000;25.3;3D3B8F7A9F26C009;1;-115;-22;-137.03;12;867.3;2;66;00fd00c4ffbf02b003ef00e60291a2a8002df9e20c16;43.098792;3.01309;12;22;74.98;0.05;299.75;23;-0.065;0.688;1.007;4.02;-0.38;5.89
GNAT L082CZ - 09;3.96;23.06.20 - 16h30;23.06.20 - 16h20;600;1687271431652000000;25.7;3D3B8F7A9F26C009;1;-114;-20;-134.04;12;866.7;1;68;010100c4ff03026b028b00dc0291aa38002de1100b18;43.100728;3.006736;11;24;559;0.93;295.49;22;-0.253;0.619;0.651;3.62;-1.48;3.8
GNAT L082CZ - 09;3.96;23.06.20 - 16h45;23.06.20 - 16h30;882.49;1687272314144000000;25.3;3D3B8F7A9F26C009;1;-114;-22;-136.03;12;865.3;2;71;00fd00c4ffb0027c044a00dc0291a418002defd80d14;43.09916;3.01052;13;20;353.25;0.4;123.2;22;-0.08;0.636;1.098;3.72;-0.47;6.43
GNAT L082CZ - 09;3.96;23.06.20 - 17h05;23.06.20 - 16h45;1212.53;1687273526678000000;26.5;3D3B8F7A9F26C009;1;-114;-18;-132.07;12;867.7;2;75;010900c4ffc002a804a500e60291a228002df0dd0f18;43.098664;3.010781;15;24;59.08;0.05;161.54;23;-0.064;0.68;1.189;3.97;-0.37;6.96
GNAT L082CZ - 09;3.97;23.06.20 - 17h10;23.06.20 - 17h05;307.35;1687273834029000000;26.5;3D3B8F7A9F26C009;1;-114;-19;-133.05;12;865.9;2;76;010900c5ffa902fe041200f00291a12c002df2330e1b;43.098412;3.011123;14;27;39.45;0.13;139.29;24;-0.087;0.766;1.042;4.48;-0.51;6.1
GNAT L082CZ - 09;3.96;23.06.20 - 17h15;23.06.20 - 17h10;300;1687274134028000000;26.5;3D3B8F7A9F26C009;1;-114;-19;-133.05;12;865.9;1;77;010900c4fe15032002d000f002919ccc002def3f0e7a;43.097292;3.010367;14;122;138.84;0.46;203.14;24;-0.491;0.8;0.72;4.68;-2.87;4.21
GNAT L082CZ - 09;3.96;23.06.20 - 17h20;23.06.20 - 17h15;300;1687274434028000000;26.1;3D3B8F7A9F26C009;1;-114;-17;-131.09;12;865.3;2;78;010500c40041029a043c00f002919ecc002def560f56;43.097804;3.01039;15;86;56.96;0.19;1.63;24;0.065;0.666;1.084;3.89;0.38;6.34
GNAT L082CZ - 09;3.96;23.06.20 - 17h35;23.06.20 - 17h20;900;1687275334027000000;26.1;3D3B8F7A9F26C009;1;-114;-17;-131.09;12;865.1;2;81;010500c4ffff0290042f00e602919cfc002dea6e0d8b;43.09734;3.009134;13;139;114.29;0.13;239.72;23;-0.001;0.656;1.071;3.83;-0.01;6.27
GNAT L082CZ - 09;3.96;23.06.20 - 17h50;23.06.20 - 17h35;900;1687276234026000000;25.3;3D3B8F7A9F26C009;1;-114;-19;-133.05;12;868.5;1;84;00fd00c4ffbb0282038300dc02919734002de01e0d2f;43.09586;3.006494;13;47;270.24;0.3;228.4;22;-0.069;0.642;0.899;3.75;-0.4;5.26
GNAT L082CZ - 09;3.96;23.06.20 - 18h05;23.06.20 - 17h50;900.55;1687277134574000000;25.3;3D3B8F7A9F26C009;1;-116;-16.75;-132.84;12;865.3;1;87;00fd00c4ff34025e03cd00dc0291a130002de88a0d27;43.098416;3.00865;13;39;333.8;0.37;28.15;22;-0.204;0.606;0.973;3.54;-1.19;5.69
GNAT L082CZ - 09;3.96;23.06.20 - 18h10;23.06.20 - 18h05;280.55;1687277415125000000;24.8;3D3B8F7A9F26C009;1;-113;-19;-132.05;12;867.5;1;88;00f800c4ffa4027503c300dc02919a28002ddb640d18;43.096616;3.005284;13;24;338.75;1.21;229.75;22;-0.092;0.629;0.963;3.68;-0.54;5.63
GNAT L082CZ - 09;3.96;23.06.20 - 18h20;23.06.20 - 18h10;599;1687278014125000000;24.4;3D3B8F7A9F26C009;1;-114;-18;-132.07;12;866.1;1;90;00f400c4fef40270034f00d20291b0b0002de6280d13;43.102384;3.00804;13;19;679.28;1.13;16.94;21;-0.268;0.624;0.847;3.65;-1.57;4.95
GNAT L082CZ - 09;3.96;23.06.20 - 18h25;23.06.20 - 18h20;312.54;1687278326666000000;24.8;3D3B8F7A9F26C009;1;-114;-18;-132.07;12;867.3;2;91;00f800c4ff9602c3032c00d20291a8b0002de9980d16;43.100336;3.00892;13;22;238.67;0.76;164.72;21;-0.106;0.707;0.812;4.13;-0.62;4.75
GNAT L082CZ - 09;3.96;23.06.20 - 18h40;23.06.20 - 18h25;888.46;1687279215124000000;24.8;3D3B8F7A9F26C009;1;-114;-17;-131.09;12;865.1;1;94;00f800c4ffe1025303e700dc0291b258002dca0c0d18;43.102808;3.000844;13;24;710.96;0.8;295.5;22;-0.031;0.595;0.999;3.48;-0.18;5.84
GNAT L082CZ - 09;3.96;23.06.20 - 18h45;23.06.20 - 18h40;305.1;1687279520220000000;24.8;3D3B8F7A9F26C009;1;-116;-16.25;-132.35;12;868.3;1;95;00f800c4ffd0021a030300dc0291bc18002da9d10e17;43.105304;2.992593;14;23;725.08;2.38;295.17;22;-0.048;0.538;0.771;3.14;-0.28;4.51
GNAT L082CZ - 09;3.96;23.06.20 - 18h55;23.06.20 - 18h45;607.46;1687280127679000000;24.8;3D3B8F7A9F26C009;1;-114;-17;-131.09;12;865.1;1;97;00f800c4001b031104af00dc0291ac08002de6fc0f18;43.101192;3.008252;15;24;1351.02;2.22;112.72;22;0.027;0.785;1.199;4.59;0.16;7.02
GNAT L082CZ - 09;3.96;23.06.20 - 19h00;23.06.20 - 18h55;305.55;1687280433231000000;24.4;3D3B8F7A9F26C009;1;-117;-17;-134.09;12;867.3;1;98;00f400c4ff6a02d8046e00d20291ad00002de64d1017;43.10144;3.008077;16;23;31.02;0.1;335.81;21;-0.15;0.728;1.134;4.26;-0.88;6.64
GNAT L082CZ - 09;3.96;23.06.20 - 19h25;23.06.20 - 19h00;1496.43;1687281929666000000;24.4;3D3B8F7A9F26C009;1;-114;-21;-135.03;12;865.5;1;103;00f400c4003602a7040a00d20291b1d8002de3a70d18;43.10268;3.007399;13;24;148.46;0.1;340.78;21;0.054;0.679;1.034;3.97;0.32;6.05
GNAT L082CZ - 09;3.96;23.06.20 - 19h40;23.06.20 - 19h25;891.46;1687282821125000000;24;3D3B8F7A9F26C009;1;-114;-17;-131.09;12;866.1;1;106;00f000c4ffea0261049900d20291b410002de0850d18;43.103248;3.006597;13;24;90.71;0.1;317.98;21;-0.022;0.609;1.177;3.56;-0.13;6.89
GNAT L082CZ - 09;3.96;23.06.20 - 19h50;23.06.20 - 19h40;612.54;1687283433664000000;24.4;3D3B8F7A9F26C009;1;-114;-17;-131.09;12;865.5;1;108;00f400c4ffd702ef042b00d20291b26c002de0dc0d18;43.102828;3.006684;13;24;47.23;0.08;172.48;21;-0.041;0.751;1.067;4.39;-0.24;6.24
GNAT L082CZ - 09;3.96;23.06.20 - 19h55;23.06.20 - 19h50;300.35;1687283734016000000;24.4;3D3B8F7A9F26C009;1;-114;-17;-131.09;12;865.9;1;109;00f400c4ffe002ee03ef00d20291b340002de00a0ccf;43.10304;3.006474;12;207;29.09;0.1;327.72;21;-0.032;0.75;1.007;4.38;-0.19;5.89
GNAT L082CZ - 09;3.96;23.06.20 - 20h10;23.06.20 - 19h55;900.98;1687284634998000000;24;3D3B8F7A9F26C009;1;-114;-21;-135.03;12;867.9;1;112;00f000c4ff7b02a403eb00d20291b29c002dde3c0f99;43.102876;3.006012;15;153;41.71;0.05;240.89;21;-0.133;0.676;1.003;3.95;-0.78;5.87
GNAT L082CZ - 09;3.96;23.06.20 - 20h15;23.06.20 - 20h10;299.02;1687284934014000000;24;3D3B8F7A9F26C009;1;-114;-20;-134.04;12;867.9;1;113;00f000c4feeb02bf03ec00d20291b1f0002dde430f42;43.102704;3.006019;15;66;19.13;0.06;178.51;21;-0.277;0.703;1.004;4.11;-1.62;5.87
GNAT L082CZ - 09;3.96;23.06.20 - 20h20;23.06.20 - 20h15;300;1687285234014000000;24;3D3B8F7A9F26C009;1;-114;-18;-132.07;12;867.1;1;114;00f000c4fee302cf03f500d20291b2cc002dde971036;43.102924;3.006103;16;54;25.4;0.08;13.68;21;-0.285;0.719;1.013;4.2;-1.66;5.93
GNAT L082CZ - 09;3.96;23.06.20 - 20h35;23.06.20 - 20h20;896.66;1687286130674000000;24.4;3D3B8F7A9F26C009;1;-113;-19;-132.05;12;866.7;1;117;00f400c400150250041f00d20291b654002dd88c0e18;43.103828;3.004556;14;24;160.87;0.18;312.45;21;0.021;0.592;1.055;3.46;0.12;6.17
GNAT L082CZ - 09;3.96;23.06.20 - 20h50;23.06.20 - 20h35;889;1687287019669000000;24;3D3B8F7A9F26C009;1;-112;-20;-132.04;12;867.5;1;120;00f000c4008902b404b600d20291c8c4002dc2370d18;43.108548;2.998839;13;24;700.62;0.79;322.09;21;0.137;0.692;1.206;4.05;0.8;7.06
GNAT L082CZ - 09;3.96;23.06.20 - 20h55;23.06.20 - 20h50;315.34;1687287335011000000;23.6;3D3B8F7A9F26C009;1;-114;-21;-135.03;12;868.1;1;121;00ec00c4ff9d0275049c00d20291b7d8002dd62e0f2b;43.104216;3.00395;15;43;635.76;2.02;143.04;21;-0.099;0.629;1.18;3.68;-0.58;6.91
GNAT L082CZ - 09;3.96;23.06.20 - 21h00;23.06.20 - 20h55;295.67;1687287630681000000;24;3D3B8F7A9F26C009;1;-113;-17;-130.09;12;866.1;1;122;00f000c40016028e040300d20291b6e0002dd8d30f16;43.103968;3.004627;15;22;61.49;0.21;119.86;21;0.022;0.654;1.027;3.82;0.13;6.01
GNAT L082CZ - 09;3.96;23.06.20 - 21h10;23.06.20 - 21h00;600.01;1687288230688000000;23.6;3D3B8F7A9F26C009;1;-114;-21;-135.03;12;865.9;1;124;00ec00c4009502d1044b00d20291ba58002dd61e0f18;43.104856;3.003934;15;24;113.64;0.19;333.49;21;0.149;0.721;1.099;4.21;0.87;6.43
GNAT L082CZ - 09;3.96;23.06.20 - 21h20;23.06.20 - 21h10;586.44;1687288817130000000;24;3D3B8F7A9F26C009;1;-116;-23;-139.02;12;865.1;1;126;00f000c4ff160304030000d20291c2a8002dcc270d18;43.106984;3.001383;13;24;314.45;0.54;322.45;21;-0.234;0.772;0.768;4.51;-1.37;4.49