GNAT L082CZ - 04;3.95;23.06.20 - 10h36;23.06.20 - 10h36;181.11;1687250195373000000;29.1;3D3B8F7A9F26C004;1;-114;-16;-130.11;12;865.5;2;24;012300c30072ff32041a01180291b3ac002e27ff0dd5;43.103148;3.024895;13;213;119.39;0.66;2.83;28;0.114;-0.206;1.05;-1.2;0.67;6.14
GNAT L082CZ - 04;3.95;23.06.20 - 10h40;23.06.20 - 10h39;205.77;1687250401141000000;28.3;3D3B8F7A9F26C004;1;-114;-22;-136.03;12;867.9;1;26;011b00c3ff84fdc102cd01040291aba8002e25290d81;43.101096;3.024169;13;129;235.66;1.15;192.68;26;-0.124;-0.575;0.717;-3.36;-0.72;4.19
GNAT L082CZ - 04;3.95;23.06.20 - 10h48;23.06.20 - 10h46;496.02;1687250897158000000;28.3;3D3B8F7A9F26C004;1;-114;-17;-131.09;12;867.1;2;30;011b00c3008ffe6603bc01040291a8b0002e25920d92;43.100336;3.024274;13;146;84.94;0.17;174.98;26;0.143;-0.41;0.956;-2.4;0.84;5.59
GNAT L082CZ - 04;3.95;23.06.20 - 10h50;23.06.20 - 10h48;124.55;1687251021706000000;28.3;3D3B8F7A9F26C004;1;-116;-18.25;-134.31;12;868.1;2;31;011b00c3002a004d04e701040291abe8002e24f70fa3;43.10116;3.024119;15;163;92.48;0.74;353.17;26;0.042;0.077;1.255;0.45;0.25;7.35
GNAT L082CZ - 04;3.95;23.06.20 - 10h52;23.06.20 - 10h51;123.45;1687251145158000000;27.8;3D3B8F7A9F26C004;1;-114;-19;-133.05;12;867.3;1;32;011600c30096ff0703fa00fa0291a620002e265e0e52;43.09968;3.024478;14;82;167.13;1.35;171.24;25;0.15;-0.249;1.018;-1.45;0.88;5.96
GNAT L082CZ - 04;3.95;23.06.20 - 10h56;23.06.20 - 10h56;248;1687251393158000000;28.3;3D3B8F7A9F26C004;1;-114;-18;-132.07;12;867.1;1;34;011b00c3ffddfe22031f00fa0291a714002e26200e3a;43.099924;3.024416;14;58;27.59;0.11;350.83;25;-0.035;-0.478;0.799;-2.79;-0.2;4.67
GNAT L082CZ - 04;3.95;23.06.20 - 10h58;23.06.20 - 10h56;124;1687251517158000000;27.8;3D3B8F7A9F26C004;1;-109;-21;-130.03;12;868.3;1;35;011600c30091ff39048000fa02919eec002e28630d6c;43.097836;3.024995;13;108;236.89;1.91;170.03;25;0.145;-0.199;1.152;-1.16;0.85;6.74
GNAT L082CZ - 04;3.95;23.06.20 - 11h00;23.06.20 - 11h00;124;1687251641158000000;27.4;3D3B8F7A9F26C004;1;-114;-18;-132.07;12;866.1;1;36;011200c3ffaefe8702a500fa02917c48002e30cb0cd3;43.088968;3.027147;12;211;1001.44;8.08;171.35;25;-0.082;-0.377;0.677;-2.2;-0.48;3.96
GNAT L082CZ - 04;3.95;23.06.20 - 11h01;23.06.20 - 11h01;57.11;1687251698266000000;29.1;3D3B8F7A9F26C004;1;-114;-17;-131.09;12;868.5;1;37;012300c3ffe2fd72025000fa02915d8c002e3bb60c7b;43.0811;3.029942;12;123;903.85;15.83;167.57;25;-0.03;-0.654;0.592;-3.82;-0.18;3.46
GNAT L082CZ - 04;3.95;23.06.20 - 11h06;23.06.20 - 11h04;305.11;1687252003373000000;27.8;3D3B8F7A9F26C004;1;-114;-16;-130.11;12;865.9;1;40;011600c30026fe7503550104029189e8002e2f880d5e;43.092456;3.026824;13;94;1287.87;4.22;350.19;26;0.038;-0.395;0.853;-2.31;0.22;4.99
GNAT L082CZ - 04;3.95;23.06.20 - 11h07;23.06.20 - 11h06;58.11;1687252061484000000;28.7;3D3B8F7A9F26C004;1;-114;-18;-132.07;12;868.1;1;41;011f00c30037fea0031d00fa0291a654002e27280e53;43.099732;3.02468;14;83;827.57;14.24;349.4;25;0.055;-0.352;0.797;-2.06;0.32;4.66
GNAT L082CZ - 04;3.95;23.06.20 - 11h10;23.06.20 - 11h09;181.11;1687252242591000000;28.7;3D3B8F7A9F26C004;1;-108;-23;-131.02;12;868.5;1;43;011f00c30079fe07030500fa02917d58002e31e20fe3;43.08924;3.027426;15;227;1187.77;6.56;170.68;25;0.121;-0.505;0.773;-2.95;0.71;4.52
GNAT L082CZ - 04;3.95;23.06.20 - 11h23;23.06.20 - 11h20;749.1;1687252991691000000;27.4;3D3B8F7A9F26C004;1;-105;-15.5;-120.62;12;868.5;1;51;011200c3001ffeee035800fa02914260002e3e2c0f1c;43.074144;3.030572;15;28;1697.93;2.27;172.69;25;0.031;-0.274;0.856;-1.6;0.18;5.01
GNAT L082CZ - 04;3.95;23.06.20 - 11h24;23.06.20 - 11h23;98.33;1687253090019000000;28.7;3D3B8F7A9F26C004;1;-114;-18;-132.07;12;866.1;2;52;011f00c3ff32ff8603f900fa02910294002c99300f15;43.057812;2.9228;15;21;8941.27;90.93;253.58;25;-0.206;-0.122;1.017;-0.71;-1.2;5.95
GNAT L082CZ - 04;3.95;23.06.20 - 11h32;23.06.20 - 11h32;469.66;1687253559679000000;27;3D3B8F7A9F26C004;1;-114;-16;-130.11;12;868.5;1;57;010e00c3ffd0ff7503c200fa0291aa30002e26520f17;43.10072;3.024466;15;23;9536.43;20.3;58.04;25;-0.048;-0.139;0.962;-0.81;-0.28;5.63
GNAT L082CZ - 04;3.95;23.06.20 - 11h34;23.06.20 - 11h34;123.48;1687253683159000000;27;3D3B8F7A9F26C004;2;-114;-14;-128.17;12;867.1;1;58;010e00c3005eff17040900fa0291a9a8002e26c60f1e;43.100584;3.024582;15;30;17.82;0.14;151.53;25;0.094;-0.233;1.033;-1.36;0.55;6.04
GNAT L082CZ - 04;3.95;23.06.20 - 11h37;23.06.20 - 11h37;181.11;1687253864267000000;29.1;3D3B8F7A9F26C004;2;-114;-15;-129.14;12;865.1;2;60;012300c30075fd8302fe00fa0291a970002e27160c3a;43.100528;3.024662;12;58;9;0.05;137.75;25;0.117;-0.637;0.766;-3.72;0.68;4.48