GNAT L082CZ - 06;3.96;23.06.20 - 10h44;23.06.20 - 10h44;242;1687250666697000000;29.5;3D3B8F7A9F26C006;1;-114;-19;-133.05;12;865.3;1;26;012700c4ffc9ff560488010e0291ab08002e21561117;43.100936;3.02319;17;23;30.8;0.13;267.14;27;-0.055;-0.17;1.16;-0.99;-0.32;6.79
GNAT L082CZ - 06;3.96;23.06.20 - 10h48;23.06.20 - 10h48;244.01;1687250910705000000;28.7;3D3B8F7A9F26C006;1;-114;-23;-137.02;12;867.7;1;28;011f00c40014ff7b032501040291aadc002e21a11116;43.100892;3.023265;17;22;7.81;0.03;132.69;26;0.02;-0.133;0.805;-0.78;0.12;4.71
GNAT L082CZ - 06;3.96;23.06.20 - 10h52;23.06.20 - 10h52;243;1687251153701000000;28.7;3D3B8F7A9F26C006;1;-114;-18;-132.07;12;867.1;2;30;011f00c4ff8cff73049300fa0291aad8002e1fed1217;43.100888;3.022829;18;23;35.4;0.15;269.16;25;-0.116;-0.141;1.171;-0.82;-0.68;6.86
GNAT L082CZ - 06;3.96;23.06.20 - 10h54;23.06.20 - 10h52;111;1687251264703000000;28.7;3D3B8F7A9F26C006;1;-114;-19;-133.05;12;868.5;1;31;011f00c40045ff3303a100fa0291aae4002e206a1217;43.1009;3.022954;18;23;10.24;0.09;81.42;25;0.069;-0.205;0.929;-1.2;0.4;5.43
GNAT L082CZ - 06;3.96;23.06.20 - 11h08;23.06.20 - 11h08;849.45;1687252114155000000;27.4;3D3B8F7A9F26C006;2;-113;-15;-128.14;12;865.1;1;38;011200c4fd9cfced032100f00291ad3c002e1c660f1e;43.1015;3.021926;15;30;106.85;0.13;312.51;24;-0.612;-0.787;0.801;-4.6;-3.58;4.68
GNAT L082CZ - 06;3.96;23.06.20 - 11h12;23.06.20 - 11h11;240;1687252354154000000;27.4;3D3B8F7A9F26C006;1;-114;-19;-133.05;12;867.9;1;40;011200c4fdf3ffbd039d00f00291ae88002e21900e24;43.101832;3.023248;14;36;113.5;0.47;68.5;24;-0.525;-0.067;0.925;-0.39;-3.07;5.41
GNAT L082CZ - 06;3.96;23.06.20 - 11h14;23.06.20 - 11h12;100.11;1687252454265000000;27.4;3D3B8F7A9F26C006;1;-110;-24;-134.02;12;868.5;1;41;011200c4fe3fff1b03d400f00291b724002e07a90d10;43.104036;3.016617;13;16;591.51;5.91;297.38;24;-0.449;-0.229;0.98;-1.34;-2.62;5.73
GNAT L082CZ - 06;3.96;23.06.20 - 11h28;23.06.20 - 11h27;848.41;1687253302678000000;27;3D3B8F7A9F26C006;1;-113;-18;-131.07;12;867.3;2;48;010e00c4ffe7010a038d00e60291a230002e2a470f18;43.098672;3.025479;15;24;934.57;1.1;133.76;23;-0.025;0.266;0.909;1.55;-0.15;5.32
GNAT L082CZ - 06;3.96;23.06.20 - 11h30;23.06.20 - 11h28;129;1687253431679000000;27.4;3D3B8F7A9F26C006;1;-106;-21;-127.03;12;868.3;1;49;011200c400fa005f037700e60291a5cc002e264d0f16;43.099596;3.024461;15;22;131.86;1.02;325.01;23;0.25;0.095;0.887;0.55;1.46;5.19
GNAT L082CZ - 06;3.96;23.06.20 - 11h34;23.06.20 - 11h34;240.01;1687253671692000000;27.4;3D3B8F7A9F26C006;1;-113;-18;-131.07;12;868.1;1;51;011200c4ff500028039200e60291a6f4002e26811118;43.099892;3.024513;17;24;33.18;0.14;6.37;23;-0.176;0.04;0.914;0.23;-1.03;5.35
GNAT L082CZ - 06;3.96;23.06.20 - 11h36;23.06.20 - 11h35;102.61;1687253774300000000;27.4;3D3B8F7A9F26C006;2;-114;-11;-125.33;12;867.9;2;52;011200c4fef7001903ea00e60291b9ec002e2ade1210;43.104748;3.02563;18;16;547.52;5.34;8.36;23;-0.265;0.025;1.002;0.15;-1.55;5.86
GNAT L082CZ - 06;3.96;23.06.20 - 11h40;23.06.20 - 11h39;240.98;1687254015279000000;27.8;3D3B8F7A9F26C006;1;-116;-19;-135.05;12;867.7;1;54;011600c4fe67ff5b048000f00291db54002e2cdd0f11;43.1133;3.026141;15;17;951.84;3.95;2.21;24;-0.409;-0.165;1.152;-0.96;-2.39;6.74