GNAT L082CZ - 05;3.92;23.06.20 - 09h22;23.06.20 - 09h21;219543.23;1687245763677000000;29.1;3D3B8F7A9F26C005;3;-115;-8;-123.64;12;867.1;1;2;012300c0ffd1ff9302e401220291c84c002dc0260e16;43.108428;2.99831;14;22;84057.82;0.38;219.64;29;-0.047;-0.109;0.74;-0.64;-0.27;4.33
GNAT L082CZ - 05;3.92;23.06.20 - 09h26;23.06.20 - 09h25;228;1687245991677000000;29.1;3D3B8F7A9F26C005;3;-113;-10;-123.41;12;865.5;1;4;012300c002040265030d012202919868002dc1e70d17;43.096168;2.998759;13;23;1363.74;5.98;178.67;29;0.516;0.613;0.781;3.58;3.02;4.57
GNAT L082CZ - 05;3.92;23.06.20 - 09h30;23.06.20 - 09h29;227;1687246218682000000;29.5;3D3B8F7A9F26C005;2;-113;-13;-126.21;12;865.5;2;6;012700c001d300d00204012202917204002db89d0f16;43.08634;2.996381;15;22;1109.75;4.89;188.6;29;0.467;0.208;0.516;1.21;2.73;3.02
GNAT L082CZ - 05;3.92;23.06.20 - 09h34;23.06.20 - 09h33;228;1687246446677000000;29.5;3D3B8F7A9F26C005;4;-113;-5;-119.19;12;865.3;2;8;012700c00069fedd02a3012202913914002da5210d07;43.071764;2.991393;13;7;1670.64;7.33;191.85;29;0.105;-0.291;0.675;-1.7;0.61;3.95
GNAT L082CZ - 05;3.92;23.06.20 - 09h36;23.06.20 - 09h35;122.55;1687246569226000000;29.5;3D3B8F7A9F26C005;2;-113;-14;-127.17;12;868.1;1;9;012700c0026400f2023b01220291267c002dac000e98;43.067004;2.993152;14;152;548.24;4.47;167.31;29;0.612;0.242;0.571;1.41;3.58;3.34
GNAT L082CZ - 05;3.92;23.06.20 - 09h39;23.06.20 - 09h39;228.02;1687246797246000000;29.5;3D3B8F7A9F26C005;3;-113;-8;-121.64;12;868.3;2;11;012700c00279008602f6012202911144002dcfc11055;43.061572;3.002305;16;85;957.98;4.2;134.54;29;0.633;0.134;0.758;0.78;3.7;4.43
GNAT L082CZ - 05;3.92;23.06.20 - 09h41;23.06.20 - 09h41;105.44;1687246902690000000;29.5;3D3B8F7A9F26C005;1;-115;-21;-136.03;12;867.9;1;12;012700c00109014b03340122029110f8002dce550e0a;43.061496;3.001941;14;10;30.76;0.29;250.96;29;0.265;0.331;0.82;1.93;1.55;4.79
GNAT L082CZ - 05;3.92;23.06.20 - 09h45;23.06.20 - 09h45;247.84;1687247150526000000;27.8;3D3B8F7A9F26C005;2;-114;-12;-126.27;12;865.9;2;14;011600c0015f01ba02ee012202910fdc002dd0fe109c;43.061212;3.002622;16;156;63.7;0.26;124.59;29;0.351;0.442;0.75;2.58;2.05;4.38
GNAT L082CZ - 05;3.92;23.06.20 - 09h47;23.06.20 - 09h47;123.16;1687247273689000000;27.8;3D3B8F7A9F26C005;1;-114;-19;-133.05;12;868.3;1;15;011600c0ff12019503e7011802910f24002dcdcc0f18;43.061028;3.001804;15;24;69.53;0.56;249.58;28;-0.238;0.405;0.999;2.37;-1.39;5.84
GNAT L082CZ - 05;3.92;23.06.20 - 09h49;23.06.20 - 09h49;116.01;1687247389701000000;27.8;3D3B8F7A9F26C005;3;-113;-8;-121.64;12;866.7;1;16;011600c0fef40208031a010e02910f0c002dc9981117;43.061004;3.000728;17;23;87.46;0.75;267.86;27;-0.268;0.52;0.794;3.04;-1.57;4.64
GNAT L082CZ - 05;3.92;23.06.20 - 09h51;23.06.20 - 09h51;102.66;1687247492364000000;28.7;3D3B8F7A9F26C005;2;-114;-13;-127.21;12;868.5;2;17;011f00c0fefb003203ee011802911228002dc7d80e14;43.0618;3.00028;14;20;95.7;0.93;341.18;28;-0.261;0.05;1.006;0.29;-1.52;5.89
GNAT L082CZ - 05;3.93;23.06.20 - 09h53;23.06.20 - 09h53;125.18;1687247617546000000;27.8;3D3B8F7A9F26C005;2;-113;-15;-128.14;12;865.5;2;18;011600c1feadffbe0411011802910e0c002dc21e102b;43.060748;2.998814;16;43;166.94;1.33;220.1;28;-0.339;-0.066;1.041;-0.39;-1.98;6.09
GNAT L082CZ - 05;3.92;23.06.20 - 09h59;23.06.20 - 09h58;347.71;1687247965253000000;30;3D3B8F7A9F26C005;2;-107;-13.25;-120.45;12;868.5;2;21;012c00c001afff0f0329012c02910cc0002db95e1218;43.060416;2.996574;18;24;185.69;0.53;256.17;30;0.431;-0.241;0.809;-1.41;2.52;4.73
GNAT L082CZ - 05;3.92;23.06.20 - 10h01;23.06.20 - 10h00;103.14;1687248068391000000;30;3D3B8F7A9F26C005;2;-115;-12;-127.27;12;867.3;2;22;012c00c001fdfe0f0268012c02912368002dbc801218;43.066216;2.997376;18;24;648.21;6.28;4.81;30;0.509;-0.497;0.616;-2.9;2.97;3.6
GNAT L082CZ - 05;3.92;23.06.20 - 10h03;23.06.20 - 10h02;124.31;1687248192705000000;29.5;3D3B8F7A9F26C005;2;-115;-11;-126.33;12;868.3;2;23;012700c0020ffda501a7012c029114e4002db1171216;43.0625;2.994455;18;22;476.49;3.83;205.46;30;0.527;-0.603;0.423;-3.52;3.08;2.47
GNAT L082CZ - 05;3.92;23.06.20 - 10h05;23.06.20 - 10h04;117;1687248309707000000;30;3D3B8F7A9F26C005;2;-114;-13;-127.21;12;865.9;2;24;012c00c000c0ff38fd75012c029128c8002da8431215;43.067592;2.992195;18;21;595.23;5.09;344.85;30;0.192;-0.2;-0.651;-1.17;1.12;-3.8
GNAT L082CZ - 05;3.92;23.06.20 - 10h28;23.06.20 - 10h28;1410.01;1687249719715000000;31.7;3D3B8F7A9F26C005;1;-114;-16;-130.11;12;867.1;1;36;013d00c0fdfcff2b03a101400291aba8002e24831315;43.101096;3.024003;19;21;4533.42;3.22;31.33;32;-0.516;-0.213;0.929;-1.24;-3.02;5.43
GNAT L082CZ - 05;3.92;23.06.20 - 10h30;23.06.20 - 10h30;113.02;1687249832738000000;32.1;3D3B8F7A9F26C005;2;-115;-11;-126.33;12;868.5;3;37;014100c0fec0fd1b034f01400291aad0002e23101217;43.10088;3.023632;18;23;38.52;0.34;227.53;32;-0.32;-0.741;0.847;-4.33;-1.87;4.95
GNAT L082CZ - 05;3.92;23.06.20 - 10h32;23.06.20 - 10h32;116.01;1687249948751000000;31.7;3D3B8F7A9F26C005;3;-114;-8;-122.64;12;865.1;3;38;013d00c0006ffec103d401400291aa98002e230f1417;43.100824;3.023631;20;23;6.23;0.05;180.65;32;0.111;-0.319;0.98;-1.86;0.65;5.73
GNAT L082CZ - 05;3.93;23.06.20 - 10h34;23.06.20 - 10h34;122.48;1687250071232000000;32.1;3D3B8F7A9F26C005;1;-107;-17;-124.09;12;868.3;1;39;014100c1002dff8003fe01400291ab0c002e2370131c;43.10094;3.023728;19;28;15.11;0.12;28.01;32;0.045;-0.128;1.022;-0.75;0.26;5.98
GNAT L082CZ - 05;3.92;23.06.20 - 10h36;23.06.20 - 10h34;119.49;1687250190722000000;32.1;3D3B8F7A9F26C005;3;-113;-8;-121.64;12;867.1;3;40;014100c0ffbdffa503f1014a0291ab00002e24871516;43.100928;3.024007;21;22;22.69;0.19;93.87;33;-0.067;-0.091;1.009;-0.53;-0.39;5.9
GNAT L082CZ - 05;3.92;23.06.20 - 10h38;23.06.20 - 10h37;117.99;1687250308715000000;32.5;3D3B8F7A9F26C005;3;-113;-8;-121.64;12;868.1;2;41;014500c0fee7ffe5043e014a0291ac20002e26301316;43.101216;3.024432;19;22;47.08;0.4;43.2;33;-0.281;-0.027;1.086;-0.16;-1.64;6.36
GNAT L082CZ - 05;3.92;23.06.20 - 10h40;23.06.20 - 10h40;123.07;1687250431782000000;32.5;3D3B8F7A9F26C005;3;-117;-8.75;-126.29;12;867.9;2;42;014500c0ffaeff7903ef014a0291ad34002e25e5121a;43.101492;3.024357;18;26;31.29;0.25;350.19;33;-0.082;-0.135;1.007;-0.79;-0.48;5.89
GNAT L082CZ - 05;3.93;23.06.20 - 10h42;23.06.20 - 10h40;114.47;1687250546252000000;32.5;3D3B8F7A9F26C005;2;-118;-15;-133.14;12;868.5;1;43;014500c1fd95fef00377014a0291ac80002e254d1217;43.101312;3.024205;18;23;23.51;0.21;208.25;33;-0.619;-0.272;0.887;-1.59;-3.62;5.19
GNAT L082CZ - 05;3.93;23.06.20 - 10h44;23.06.20 - 10h44;122.98;1687250669235000000;32.1;3D3B8F7A9F26C005;1;-114;-18;-132.07;12;866.7;2;44;014100c1ff4600f703e4014a0291ac98002e24d4141b;43.101336;3.024084;20;27;10.18;0.08;287.31;33;-0.186;0.247;0.996;1.44;-1.09;5.83
GNAT L082CZ - 05;3.92;23.06.20 - 10h46;23.06.20 - 10h44;122.47;1687250791707000000;31.2;3D3B8F7A9F26C005;2;-114;-15;-129.14;12;868.3;2;45;013800c0ff60008e037e014a0291acac002e24921218;43.101356;3.024018;18;24;5.8;0.05;295.46;33;-0.16;0.142;0.894;0.83;-0.93;5.23
GNAT L082CZ - 05;3.92;23.06.20 - 10h48;23.06.20 - 10h48;122.53;1687250914236000000;30.8;3D3B8F7A9F26C005;1;-113;-19;-132.05;12;865.5;1;46;013400c0ff80004903e201360291acc4002e245e1521;43.10138;3.023966;21;33;4.99;0.04;305.95;31;-0.128;0.073;0.994;0.43;-0.75;5.82
GNAT L082CZ - 05;3.92;23.06.20 - 10h50;23.06.20 - 10h50;122.04;1687251036278000000;30;3D3B8F7A9F26C005;1;-116;-16.5;-132.6;12;868.3;1;47;012c00c0ff75002903e501360291aca8002e23e21617;43.101352;3.023842;22;23;10.54;0.09;250.46;31;-0.139;0.041;0.997;0.24;-0.81;5.83
GNAT L082CZ - 05;3.92;23.06.20 - 10h52;23.06.20 - 10h52;120.43;1687251156708000000;29.5;3D3B8F7A9F26C005;1;-114;-20;-134.04;12;867.3;1;48;012700c0ff8300800344012c0291ac9c002e232e1317;43.10134;3.023662;19;23;14.67;0.12;264.02;30;-0.125;0.128;0.836;0.75;-0.73;4.89
GNAT L082CZ - 05;3.92;23.06.20 - 10h56;23.06.20 - 10h56;240;1687251396708000000;28.7;3D3B8F7A9F26C005;2;-114;-15;-129.14;12;867.7;2;50;011f00c0feb200db042501220291ac90002e22321317;43.101328;3.02341;19;23;20.5;0.09;265.72;29;-0.334;0.219;1.061;1.28;-1.95;6.21
GNAT L082CZ - 05;3.92;23.06.20 - 11h00;23.06.20 - 11h00;240.99;1687251637701000000;28.2;3D3B8F7A9F26C005;1;-114;-18;-132.07;12;865.1;1;52;011a00c0ff3d0094043401180291ac50002e21531118;43.101264;3.023187;17;24;19.45;0.08;245.72;28;-0.195;0.148;1.076;0.86;-1.14;6.3
GNAT L082CZ - 05;3.92;23.06.20 - 11h04;23.06.20 - 11h04;243.54;1687251881236000000;28.2;3D3B8F7A9F26C005;1;-114;-19;-133.05;12;865.3;1;54;011a00c0ff73ffeb042901180291ac24002e1fe21347;43.10122;3.022818;19;71;30.36;0.12;259.38;28;-0.141;-0.021;1.065;-0.12;-0.82;6.23
GNAT L082CZ - 05;3.92;23.06.20 - 11h14;23.06.20 - 11h14;599.48;1687252480718000000;27.8;3D3B8F7A9F26C005;1;-113;-21;-134.03;12;868.1;1;59;011600c0fd39fcccfe4301180291ad20002e1bf91317;43.101472;3.021817;19;23;85.96;0.14;291.56;28;-0.711;-0.82;-0.445;-4.79;-4.16;-2.6
GNAT L082CZ - 05;3.92;23.06.20 - 11h16;23.06.20 - 11h16;122.52;1687252603238000000;27.4;3D3B8F7A9F26C005;1;-113;-21;-134.03;12;865.9;1;60;011200c0fd20fd12fdfd010e0291aacc002e17231320;43.100876;3.020579;19;32;120.39;0.98;232.86;27;-0.736;-0.75;-0.515;-4.38;-4.3;-3.01
GNAT L082CZ - 05;3.92;23.06.20 - 11h28;23.06.20 - 11h28;720.49;1687253323727000000;26.9;3D3B8F7A9F26C005;1;-113;-17;-130.09;12;866.7;2;66;010d00c0ff8401e6fcfe010e0291a274002e2a891416;43.09874;3.025545;20;22;467.95;0.65;124.21;27;-0.124;0.486;-0.77;2.84;-0.72;-4.5
GNAT L082CZ - 05;3.92;23.06.20 - 11h30;23.06.20 - 11h30;121.01;1687253444739000000;26.9;3D3B8F7A9F26C005;2;-114;-15;-129.14;12;868.5;1;67;010d00c0000d01a8fcac010e0291a5bc002e27191517;43.09958;3.024665;21;23;117.6;0.97;326.36;27;0.013;0.424;-0.852;2.48;0.08;-4.98
GNAT L082CZ - 05;3.92;23.06.20 - 11h32;23.06.20 - 11h32;120.99;1687253565726000000;26.9;3D3B8F7A9F26C005;2;-114;-14;-128.17;12;867.9;2;68;010d00c0000f01defcfc010e0291a6b0002e279a1316;43.099824;3.024794;19;22;29.08;0.24;18.56;27;0.015;0.478;-0.772;2.79;0.09;-4.51
GNAT L082CZ - 05;3.92;23.06.20 - 11h38;23.06.20 - 11h38;354.99;1687253920714000000;27.8;3D3B8F7A9F26C005;1;-115;-17;-132.09;12;868.3;1;71;011600c0fc59fe98fd9301180291ab78002e24951418;43.101048;3.024021;20;24;149.88;0.42;338.11;28;-0.935;-0.36;-0.621;-2.1;-5.47;-3.63
GNAT L082CZ - 05;3.92;23.06.20 - 11h40;23.06.20 - 11h40;112.99;1687254033708000000;28.7;3D3B8F7A9F26C005;2;-114;-13;-127.21;12;867.9;1;72;011f00c0fd72fdc902d101180291ab0c002e247c1318;43.10094;3.023996;19;24;12.18;0.11;188.38;28;-0.654;-0.567;0.721;-3.31;-3.82;4.21
GNAT L082CZ - 05;3.92;23.06.20 - 11h42;23.06.20 - 11h41;115.02;1687254148724000000;28.2;3D3B8F7A9F26C005;1;-114;-17;-131.09;12;868.5;2;73;011a00c0fbf0fe6f03a701180291aab0002e23e71415;43.100848;3.023847;20;21;15.84;0.14;225.85;28;-1.04;-0.401;0.935;-2.34;-6.09;5.47
GNAT L082CZ - 05;3.92;23.06.20 - 11h46;23.06.20 - 11h46;239.98;1687254388708000000;29.1;3D3B8F7A9F26C005;2;-112;-12;-124.27;12;868.3;1;75;012300c001dafce0feae01220291a934002e1f561317;43.100468;3.022678;19;23;103.89;0.43;242.9;29;0.474;-0.8;-0.338;-4.68;2.77;-1.97
GNAT L082CZ - 05;3.92;23.06.20 - 11h48;23.06.20 - 11h47;113.02;1687254501724000000;29.5;3D3B8F7A9F26C005;2;-113;-11;-124.33;12;867.1;1;76;012700c001d7fd0cfe6a01220291a9d0002e1bee1415;43.100624;3.021806;20;21;72.89;0.64;285.7;29;0.471;-0.756;-0.406;-4.42;2.75;-2.37
GNAT L082CZ - 05;3.92;23.06.20 - 11h56;23.06.20 - 11h55;466.66;1687254968386000000;28.2;3D3B8F7A9F26C005;1;-114;-21;-135.03;12;865.1;1;80;011a00c0fe9b0108fca101180291aba8002e20aa1312;43.101096;3.023018;19;18;111.52;0.24;58.55;28;-0.357;0.264;-0.863;1.54;-2.09;-5.05
GNAT L082CZ - 05;3.92;23.06.20 - 12h05;23.06.20 - 12h05;588.32;1687255556708000000;27.8;3D3B8F7A9F26C005;1;-114;-17;-131.09;12;868.5;1;85;011600c0feb101b2fcd701180291b984002e15bd1315;43.104644;3.020221;19;21;455.2;0.77;333.25;28;-0.335;0.434;-0.809;2.54;-1.96;-4.73
GNAT L082CZ - 05;3.92;23.06.20 - 12h11;23.06.20 - 12h11;341.01;1687255897718000000;27.8;3D3B8F7A9F26C005;2;-114;-15;-129.14;12;865.5;2;88;011600c0fef10183fcb201180291bb48002e0f311316;43.105096;3.018545;19;22;145.05;0.43;292.84;28;-0.271;0.387;-0.846;2.26;-1.58;-4.95
GNAT L082CZ - 05;3.92;23.06.20 - 12h23;23.06.20 - 12h22;702.01;1687256599725000000;28.2;3D3B8F7A9F26C005;1;-114;-20;-134.04;12;867.7;2;94;011a00c0febb01a3fcf501180291a728002e246b1417;43.099944;3.023979;20;23;723.06;1.03;146.21;28;-0.325;0.419;-0.779;2.45;-1.9;-4.55
GNAT L082CZ - 05;3.92;23.06.20 - 12h27;23.06.20 - 12h25;230;1687256829722000000;28.7;3D3B8F7A9F26C005;1;-114;-16;-130.11;12;867.1;2;96;011f00c0ff330149fc8a01180291a668002e1f621316;43.099752;3.02269;19;22;106.81;0.46;256.78;28;-0.205;0.329;-0.886;1.92;-1.2;-5.18
GNAT L082CZ - 05;3.92;23.06.20 - 12h29;23.06.20 - 12h28;112.02;1687256941740000000;28.2;3D3B8F7A9F26C005;1;-112;-22;-134.03;12;868.5;1;97;011a00c0fefa0158fca001180291ae70002e11de1616;43.101808;3.01923;22;22;362.19;3.23;312.98;28;-0.262;0.344;-0.864;2.01;-1.53;-5.05
GNAT L082CZ - 05;3.92;23.06.20 - 12h30;23.06.20 - 12h30;114.61;1687257056346000000;28.2;3D3B8F7A9F26C005;1;-116;-15.75;-131.86;12;865.9;2;98;011a00c0ff520229fcc901180291c1bc002df5d91816;43.106748;3.012057;24;22;800.53;6.98;317;28;-0.174;0.553;-0.823;3.23;-1.02;-4.81
GNAT L082CZ - 05;3.92;23.06.20 - 12h42;23.06.20 - 12h40;689.36;1687257745706000000;29.1;3D3B8F7A9F26C005;1;-114;-21;-135.03;12;867.1;1;104;012300c0fc1bfda7ff01012202920908002db26a1316;43.125;2.994794;19;22;2466.26;3.58;328.14;29;-0.997;-0.601;-0.255;-3.51;-5.83;-1.49