GNAT L082CZ - 06;3.97;23.06.20 - 09h52;23.06.20 - 09h52;221370.07;1687247553681000000;30.4;3D3B8F7A9F26C006;2;-115;-14;-129.17;12;867.3;1;0;013000c50071008b03b8011802910e58002dc3d10f17;43.060824;2.999249;15;23;87472.63;0.4;216.23;28;0.113;0.139;0.952;0.81;0.66;5.57
GNAT L082CZ - 06;3.97;23.06.20 - 09h58;23.06.20 - 09h57;351.01;1687247904695000000;30;3D3B8F7A9F26C006;3;-115;-8;-123.64;12;868.1;2;3;012c00c5ff23ff1f0383011802910d34002dbb0a1117;43.060532;2.997002;17;23;185.42;0.53;257.82;28;-0.221;-0.225;0.899;-1.31;-1.29;5.26
GNAT L082CZ - 06;3.96;23.06.20 - 10h04;23.06.20 - 10h03;365.99;1687248270682000000;29.5;3D3B8F7A9F26C006;3;-113;-10;-123.41;12;867.1;1;6;012700c40018fbc703a600fa029120f8002dabd50e17;43.065592;2.993109;14;23;645.44;1.76;334.9;25;0.024;-1.081;0.934;-6.33;0.14;5.46
GNAT L082CZ - 06;3.97;23.06.20 - 10h20;23.06.20 - 10h20;963.49;1687249234167000000;30.8;3D3B8F7A9F26C006;1;-114;-18;-132.07;12;865.1;1;14;013400c5fe7bfcdd03fa01180291bbb0002e1aab0f34;43.1052;3.021483;15;52;4970.57;5.16;24.72;28;-0.389;-0.803;1.018;-4.7;-2.27;5.96
GNAT L082CZ - 06;3.96;23.06.20 - 10h22;23.06.20 - 10h21;117.54;1687249351702000000;31.2;3D3B8F7A9F26C006;1;-113;-20;-133.04;12;868.3;1;15;013800c4fee0fe29048801180291ab90002e27bc1117;43.101072;3.024828;17;23;533.33;4.54;152.74;28;-0.288;-0.471;1.16;-2.75;-1.68;6.79
GNAT L082CZ - 06;3.97;23.06.20 - 10h28;23.06.20 - 10h27;343.61;1687249695315000000;30.4;3D3B8F7A9F26C006;1;-114;-17;-131.09;12;865.1;1;18;013000c500ab003bfd28010e0291b7d0002e14771118;43.104208;3.019895;17;24;531.03;1.55;314.81;27;0.171;0.059;-0.728;0.34;1;-4.26
GNAT L082CZ - 06;3.97;23.06.20 - 10h32;23.06.20 - 10h31;239;1687249934312000000;31.2;3D3B8F7A9F26C006;1;-114;-18;-132.07;12;866.7;1;20;013800c5fe6cff2d040b010e0291b308002e0c201211;43.102984;3.01776;18;17;220.38;0.92;228.02;27;-0.404;-0.211;1.035;-1.23;-2.36;6.06
GNAT L082CZ - 06;3.97;23.06.20 - 10h34;23.06.20 - 10h33;128.94;1687250063250000000;31.2;3D3B8F7A9F26C006;2;-118;-14;-132.17;12;868.3;1;21;013800c5fee6fe63042b01180291aae0002e23491116;43.100896;3.023689;17;22;534.43;4.14;119.07;28;-0.282;-0.413;1.067;-2.41;-1.65;6.24
GNAT L082CZ - 06;3.96;23.06.20 - 10h44;23.06.20 - 10h44;242;1687250666697000000;29.5;3D3B8F7A9F26C006;1;-114;-19;-133.05;12;865.3;1;26;012700c4ffc9ff560488010e0291ab08002e21561117;43.100936;3.02319;17;23;30.8;0.13;267.14;27;-0.055;-0.17;1.16;-0.99;-0.32;6.79
GNAT L082CZ - 06;3.96;23.06.20 - 10h48;23.06.20 - 10h48;244.01;1687250910705000000;28.7;3D3B8F7A9F26C006;1;-114;-23;-137.02;12;867.7;1;28;011f00c40014ff7b032501040291aadc002e21a11116;43.100892;3.023265;17;22;7.81;0.03;132.69;26;0.02;-0.133;0.805;-0.78;0.12;4.71
GNAT L082CZ - 06;3.96;23.06.20 - 10h52;23.06.20 - 10h52;243;1687251153701000000;28.7;3D3B8F7A9F26C006;1;-114;-18;-132.07;12;867.1;2;30;011f00c4ff8cff73049300fa0291aad8002e1fed1217;43.100888;3.022829;18;23;35.4;0.15;269.16;25;-0.116;-0.141;1.171;-0.82;-0.68;6.86
GNAT L082CZ - 06;3.96;23.06.20 - 10h54;23.06.20 - 10h52;111;1687251264703000000;28.7;3D3B8F7A9F26C006;1;-114;-19;-133.05;12;868.5;1;31;011f00c40045ff3303a100fa0291aae4002e206a1217;43.1009;3.022954;18;23;10.24;0.09;81.42;25;0.069;-0.205;0.929;-1.2;0.4;5.43
GNAT L082CZ - 06;3.96;23.06.20 - 11h08;23.06.20 - 11h08;849.45;1687252114155000000;27.4;3D3B8F7A9F26C006;2;-113;-15;-128.14;12;865.1;1;38;011200c4fd9cfced032100f00291ad3c002e1c660f1e;43.1015;3.021926;15;30;106.85;0.13;312.51;24;-0.612;-0.787;0.801;-4.6;-3.58;4.68
GNAT L082CZ - 06;3.96;23.06.20 - 11h12;23.06.20 - 11h11;240;1687252354154000000;27.4;3D3B8F7A9F26C006;1;-114;-19;-133.05;12;867.9;1;40;011200c4fdf3ffbd039d00f00291ae88002e21900e24;43.101832;3.023248;14;36;113.5;0.47;68.5;24;-0.525;-0.067;0.925;-0.39;-3.07;5.41
GNAT L082CZ - 06;3.96;23.06.20 - 11h14;23.06.20 - 11h12;100.11;1687252454265000000;27.4;3D3B8F7A9F26C006;1;-110;-24;-134.02;12;868.5;1;41;011200c4fe3fff1b03d400f00291b724002e07a90d10;43.104036;3.016617;13;16;591.51;5.91;297.38;24;-0.449;-0.229;0.98;-1.34;-2.62;5.73
GNAT L082CZ - 06;3.96;23.06.20 - 11h28;23.06.20 - 11h27;848.41;1687253302678000000;27;3D3B8F7A9F26C006;1;-113;-18;-131.07;12;867.3;2;48;010e00c4ffe7010a038d00e60291a230002e2a470f18;43.098672;3.025479;15;24;934.57;1.1;133.76;23;-0.025;0.266;0.909;1.55;-0.15;5.32
GNAT L082CZ - 06;3.96;23.06.20 - 11h30;23.06.20 - 11h28;129;1687253431679000000;27.4;3D3B8F7A9F26C006;1;-106;-21;-127.03;12;868.3;1;49;011200c400fa005f037700e60291a5cc002e264d0f16;43.099596;3.024461;15;22;131.86;1.02;325.01;23;0.25;0.095;0.887;0.55;1.46;5.19
GNAT L082CZ - 06;3.96;23.06.20 - 11h34;23.06.20 - 11h34;240.01;1687253671692000000;27.4;3D3B8F7A9F26C006;1;-113;-18;-131.07;12;868.1;1;51;011200c4ff500028039200e60291a6f4002e26811118;43.099892;3.024513;17;24;33.18;0.14;6.37;23;-0.176;0.04;0.914;0.23;-1.03;5.35
GNAT L082CZ - 06;3.96;23.06.20 - 11h36;23.06.20 - 11h35;102.61;1687253774300000000;27.4;3D3B8F7A9F26C006;2;-114;-11;-125.33;12;867.9;2;52;011200c4fef7001903ea00e60291b9ec002e2ade1210;43.104748;3.02563;18;16;547.52;5.34;8.36;23;-0.265;0.025;1.002;0.15;-1.55;5.86
GNAT L082CZ - 06;3.96;23.06.20 - 11h40;23.06.20 - 11h39;240.98;1687254015279000000;27.8;3D3B8F7A9F26C006;1;-116;-19;-135.05;12;867.7;1;54;011600c4fe67ff5b048000f00291db54002e2cdd0f11;43.1133;3.026141;15;17;951.84;3.95;2.21;24;-0.409;-0.165;1.152;-0.96;-2.39;6.74
GNAT L082CZ - 06;3.96;23.06.20 - 11h42;23.06.20 - 11h42;142.27;1687254157545000000;27.8;3D3B8F7A9F26C006;2;-114;-12;-126.27;12;868.5;2;55;011600c4fea3ffb403c800f00291aaa8002e23e6122e;43.10084;3.023846;18;46;1397.96;9.83;186.68;24;-0.349;-0.076;0.968;-0.44;-2.04;5.66
GNAT L082CZ - 06;3.96;23.06.20 - 11h56;23.06.20 - 11h56;834.16;1687254991704000000;27.8;3D3B8F7A9F26C006;1;-113;-19;-132.05;12;866.7;1;62;011600c4fee9ff05fcf800f00291b978002e246b1317;43.104632;3.023979;19;23;421.79;0.51;1.28;24;-0.279;-0.251;-0.776;-1.47;-1.63;-4.54
GNAT L082CZ - 06;3.96;23.06.20 - 12h00;23.06.20 - 12h00;239.99;1687255231698000000;27.8;3D3B8F7A9F26C006;1;-114;-17;-131.09;12;865.5;2;64;011600c4fe29ff6bfcd800f00291b978002e1f091217;43.104632;3.022601;18;23;111.87;0.47;269.97;24;-0.471;-0.149;-0.808;-0.87;-2.75;-4.72
GNAT L082CZ - 06;3.96;23.06.20 - 12h04;23.06.20 - 12h03;235;1687255466693000000;27.8;3D3B8F7A9F26C006;1;-114;-16;-130.11;12;865.1;2;66;011600c4fe52ff06fcdf00f00291b99c002e18891116;43.104668;3.020937;17;22;135.15;0.58;271.9;24;-0.43;-0.25;-0.801;-1.46;-2.51;-4.68
GNAT L082CZ - 06;3.96;23.06.20 - 12h06;23.06.20 - 12h06;122.01;1687255588705000000;27.8;3D3B8F7A9F26C006;1;-114;-17;-131.09;12;868.5;1;67;011600c4ff09fec2fd2d00f00291b994002e15f11317;43.10466;3.020273;19;23;53.91;0.44;268.91;24;-0.247;-0.318;-0.723;-1.86;-1.44;-4.23
GNAT L082CZ - 06;3.96;23.06.20 - 12h14;23.06.20 - 12h13;465.57;1687256054274000000;28.3;3D3B8F7A9F26C006;1;-106;-18;-124.07;12;868.3;1;71;011b00c4fe29ff3efcef00f00291bef0002e1b2f1115;43.106032;3.021615;17;21;187.47;0.4;32.06;24;-0.471;-0.194;-0.785;-1.13;-2.75;-4.59
GNAT L082CZ - 06;3.96;23.06.20 - 12h16;23.06.20 - 12h16;134.45;1687256188720000000;27.8;3D3B8F7A9F26C006;2;-114;-15;-129.14;12;867.3;2;72;011600c4ffebfe98023f00f00291af8c002e2b5d1518;43.102092;3.025757;21;24;552.28;4.11;146.22;24;-0.021;-0.36;0.575;-2.1;-0.12;3.36
GNAT L082CZ - 06;3.96;23.06.20 - 12h22;23.06.20 - 12h21;345.55;1687256534273000000;27.8;3D3B8F7A9F26C006;2;-112;-13;-125.21;12;868.1;2;75;011600c4ff9b004c038400f00291b408002e19721108;43.10324;3.02117;17;8;393.67;1.14;291.33;24;-0.101;0.076;0.9;0.44;-0.59;5.26
GNAT L082CZ - 06;3.96;23.06.20 - 12h28;23.06.20 - 12h27;366.45;1687256900720000000;28.7;3D3B8F7A9F26C006;2;-113;-11;-124.33;12;865.5;2;78;011f00c4ffec00ce038b00f00291a8dc002e1bb11518;43.10038;3.021745;21;24;321.43;0.88;172.72;24;-0.02;0.206;0.907;1.2;-0.12;5.3
GNAT L082CZ - 06;3.97;23.06.20 - 12h30;23.06.20 - 12h30;119.98;1687257020701000000;28.3;3D3B8F7A9F26C006;1;-111;-16;-127.11;12;868.1;1;79;011b00c5feef00b8042600f00291bb98002dfe741216;43.105176;3.01426;18;22;808.5;6.74;314.98;24;-0.273;0.184;1.062;1.07;-1.59;6.21
GNAT L082CZ - 06;3.96;23.06.20 - 12h32;23.06.20 - 12h32;115.03;1687257135729000000;28.3;3D3B8F7A9F26C006;1;-113;-23;-136.02;12;867.3;1;80;011b00c4004bfe8004d800f00291d028002de5331605;43.11044;3.007795;22;5;786.17;6.83;321.63;24;0.075;-0.384;1.24;-2.24;0.44;7.26