GNAT L082CZ - 08;3.94;23.06.20 - 09h19;23.06.19 - 10h40;219364.62;1687245574019000000;29.5;3D3B8F7A9F26C008;2;-115;-12;-127.27;12;867.3;1;0;012700c20021ff7003c001220291fb44002dbfb20d1a;43.121476;2.998194;13;26;83137.17;0.38;220.68;29;0.033;-0.144;0.96;-0.84;0.19;5.62
GNAT L082CZ - 08;3.93;23.06.20 - 09h21;23.06.20 - 09h21;116.66;1687245690678000000;30;3D3B8F7A9F26C008;2;-115;-11;-126.33;12;868.1;1;1;012c00c10094fe6f050e01040291dc5c002dc1050e18;43.113564;2.998533;14;24;880.2;7.55;178.42;26;0.148;-0.401;1.294;-2.34;0.86;7.58
GNAT L082CZ - 08;3.94;23.06.20 - 09h31;23.06.20 - 09h31;597.98;1687246288658000000;31.6;3D3B8F7A9F26C008;4;-113;-4;-118.46;12;867.7;2;6;013c00c200d3fdf104e0011802916044002db1ab0c17;43.081796;2.994603;12;23;3546.82;5.93;184.39;28;0.211;-0.527;1.248;-3.08;1.23;7.31
GNAT L082CZ - 08;3.94;23.06.20 - 09h33;23.06.20 - 09h33;118;1687246406660000000;31.6;3D3B8F7A9F26C008;3;-113;-9;-122.51;12;868.1;2;7;013c00c20105ff52022e0118029141e4002da7480c17;43.07402;2.991944;12;23;891.21;7.55;191.88;28;0.261;-0.174;0.558;-1.02;1.52;3.26
GNAT L082CZ - 08;3.94;23.06.20 - 09h35;23.06.20 - 09h34;126;1687246532664000000;31.2;3D3B8F7A9F26C008;3;-114;-10;-124.41;12;867.3;2;8;013800c2fdb1fe63059c011802912cd8002da8510d18;43.068632;2.992209;13;24;599.5;4.76;178.28;28;-0.591;-0.413;1.436;-2.41;-3.45;8.42
GNAT L082CZ - 08;3.94;23.06.20 - 09h39;23.06.20 - 09h39;240.01;1687246772671000000;31.2;3D3B8F7A9F26C008;3;-115;-8;-123.64;12;867.3;2;10;013800c2ff0c00970688011802911178002dcfc90e17;43.061624;3.002313;14;23;1131.8;4.72;138.99;28;-0.244;0.151;1.672;0.88;-1.43;9.81
GNAT L082CZ - 08;3.93;23.06.20 - 09h41;23.06.20 - 09h39;102.01;1687246874683000000;31.6;3D3B8F7A9F26C008;3;-113;-6.75;-120.58;12;868.3;2;11;013c00c10066002003dd011802912260002ddb410e0c;43.065952;3.005249;14;12;537.12;5.27;22.45;28;0.102;0.032;0.989;0.19;0.6;5.79
GNAT L082CZ - 08;3.93;23.06.20 - 09h47;23.06.20 - 09h47;381.88;1687247256560000000;30;3D3B8F7A9F26C008;1;-114;-16;-130.11;12;865.9;2;14;012c00c10136fea402f1010e02910fec002dccbb0c1e;43.061228;3.001531;12;30;605.93;1.59;205.45;27;0.31;-0.348;0.753;-2.03;1.81;4.4
GNAT L082CZ - 08;3.94;23.06.20 - 09h49;23.06.20 - 09h47;108.1;1687247364665000000;30.4;3D3B8F7A9F26C008;2;-115;-11;-126.33;12;868.5;1;15;013000c2001d045b00ef010e02910f84002dc9fa0d17;43.061124;3.000826;13;23;58.43;0.54;256.28;27;0.029;1.115;0.239;6.53;0.17;1.4
GNAT L082CZ - 08;3.93;23.06.20 - 09h51;23.06.20 - 09h51;126.02;1687247490685000000;30.8;3D3B8F7A9F26C008;3;-113;-10;-123.41;12;866.1;2;16;013400c10084025f037a010e02910d1c002dc4511018;43.060508;2.999377;16;24;136.2;1.08;234.86;27;0.132;0.607;0.89;3.55;0.77;5.21
GNAT L082CZ - 08;3.94;23.06.20 - 09h53;23.06.20 - 09h52;115.99;1687247606678000000;30.4;3D3B8F7A9F26C008;3;-114;-9;-123.51;12;868.5;2;17;013000c2008c023103b3010e02910e2c002dc2380e16;43.06078;2.99884;14;22;53.09;0.46;309.95;27;0.14;0.561;0.947;3.28;0.82;5.54
GNAT L082CZ - 08;3.93;23.06.20 - 09h55;23.06.20 - 09h55;125;1687247731683000000;30.4;3D3B8F7A9F26C008;1;-115;-16;-131.11;12;867.3;1;18;013000c10067022c0371010e02910bd8002dbb610f18;43.060184;2.997089;15;24;156.94;1.26;240.57;27;0.103;0.556;0.881;3.25;0.6;5.15
GNAT L082CZ - 08;3.94;23.06.20 - 09h57;23.06.20 - 09h56;102.45;1687247834130000000;31.6;3D3B8F7A9F26C008;3;-114;-9;-123.51;12;868.5;2;19;013c00c200a502390393011802911cec002dc1b90e0d;43.064556;2.998713;14;13;503.73;4.92;12.72;28;0.165;0.569;0.915;3.33;0.96;5.35
GNAT L082CZ - 08;3.94;23.06.20 - 09h59;23.06.20 - 09h59;138.55;1687247972681000000;31.6;3D3B8F7A9F26C008;4;-114;-4;-119.46;12;867.9;2;20;013c00c2fe190180033e011802910cc4002db9470f17;43.06042;2.996551;15;23;492.3;3.55;197.53;28;-0.487;0.384;0.83;2.24;-2.85;4.85
GNAT L082CZ - 08;3.94;23.06.20 - 10h01;23.06.20 - 10h01;101.44;1687248074116000000;31.6;3D3B8F7A9F26C008;4;-113;-4;-118.46;12;868.1;2;21;013c00c20050011a03ef011802911bac002db97c0b12;43.064236;2.996604;11;18;424.34;4.18;0.48;28;0.08;0.282;1.007;1.65;0.47;5.89
GNAT L082CZ - 08;3.94;23.06.20 - 10h03;23.06.20 - 10h03;140.55;1687248214667000000;31.2;3D3B8F7A9F26C008;1;-114;-16;-130.11;12;865.1;2;22;013800c20131008103b6011802911794002dafb30d17;43.063188;2.994099;13;23;234.51;1.67;235.36;28;0.305;0.129;0.95;0.75;1.78;5.56
GNAT L082CZ - 08;3.94;23.06.20 - 10h21;23.06.20 - 10h20;1071;1687249285664000000;31.6;3D3B8F7A9F26C008;1;-112;-18;-130.07;12;868.5;1;31;013c00c2fe8bfeed03bf01180291ac30002e27c90d18;43.101232;3.024841;13;24;4912.11;4.59;27.36;28;-0.373;-0.275;0.959;-1.61;-2.18;5.61
GNAT L082CZ - 08;3.94;23.06.20 - 10h27;23.06.20 - 10h26;357.02;1687249642679000000;31.6;3D3B8F7A9F26C008;1;-115;-19;-134.05;12;867.1;2;34;013c00c2fe11fe8d02b801180291aeb8002e21400f18;43.10188;3.023168;15;24;153.76;0.43;301.28;28;-0.495;-0.371;0.696;-2.17;-2.89;4.07
GNAT L082CZ - 08;3.94;23.06.20 - 10h29;23.06.20 - 10h29;130;1687249772677000000;32.5;3D3B8F7A9F26C008;2;-112;-11;-123.33;12;868.1;1;35;014500c2004afdda033b01180291abb8002e242d0e18;43.101112;3.023917;14;24;104.84;0.81;148.19;28;0.074;-0.55;0.827;-3.21;0.43;4.84
GNAT L082CZ - 08;3.93;23.06.20 - 10h31;23.06.20 - 10h31;112.03;1687249884710000000;32.5;3D3B8F7A9F26C008;1;-115;-17;-132.09;12;866.7;2;36;014500c1023a01f802dc01220291abe4002e21d00f17;43.101156;3.023312;15;23;49.36;0.44;276.51;29;0.57;0.504;0.732;2.94;3.33;4.28
GNAT L082CZ - 08;3.93;23.06.20 - 10h39;23.06.20 - 10h39;491.4;1687250376110000000;30;3D3B8F7A9F26C008;1;-118;-18.25;-136.31;12;866.1;2;40;012c00c1fe0d027a029f01180291ad40002e20ab0c23;43.101504;3.023019;12;35;45.42;0.09;331.81;28;-0.499;0.634;0.671;3.71;-2.92;3.92
GNAT L082CZ - 08;3.94;23.06.20 - 10h51;23.06.20 - 10h50;716.55;1687251092664000000;29.5;3D3B8F7A9F26C008;1;-113;-21;-134.03;12;867.9;1;46;012700c20061012103a201040291aaec002e22890d18;43.100908;3.023497;13;24;76.8;0.11;152.97;26;0.097;0.289;0.93;1.69;0.57;5.44
GNAT L082CZ - 08;3.93;23.06.20 - 11h03;23.06.20 - 11h01;708.47;1687251801132000000;28.7;3D3B8F7A9F26C008;1;-114;-19;-133.05;12;867.1;1;52;011f00c100780169046700fa0291b87c002e11b70e18;43.10438;3.019191;14;24;520.83;0.74;321.58;25;0.12;0.361;1.127;2.11;0.7;6.6
GNAT L082CZ - 08;3.93;23.06.20 - 11h23;23.06.20 - 11h23;1210.54;1687253011671000000;27.8;3D3B8F7A9F26C008;1;-113;-18;-131.07;12;866.1;1;62;011600c1ff47007803ee00f00291a428002e1e290e16;43.099176;3.022377;14;22;633.84;0.52;158.77;24;-0.185;0.12;1.006;0.7;-1.08;5.89
GNAT L082CZ - 08;3.94;23.06.20 - 11h33;23.06.20 - 11h32;597;1687253608670000000;27.4;3D3B8F7A9F26C008;1;-114;-16;-130.11;12;868.5;1;67;011200c2fd84004702f000f00291a6b0002e27a50e17;43.099824;3.024805;14;23;209.89;0.35;67.26;24;-0.636;0.071;0.752;0.41;-3.72;4.4
GNAT L082CZ - 08;3.93;23.06.20 - 11h35;23.06.20 - 11h34;121.01;1687253729676000000;28.3;3D3B8F7A9F26C008;1;-114;-16;-130.11;12;866.7;1;68;011b00c1fd90004402e800f00291a6c8002e265f0f18;43.099848;3.024479;15;24;26.6;0.22;276.6;24;-0.624;0.068;0.744;0.4;-3.65;4.35
GNAT L082CZ - 08;3.94;23.06.20 - 11h37;23.06.20 - 11h36;114.99;1687253844664000000;28.3;3D3B8F7A9F26C008;2;-107;-15;-122.14;12;868.3;2;69;011b00c2fd74005b02c000f00291a878002e23ee0d15;43.10028;3.023854;13;21;69.87;0.61;317.39;24;-0.652;0.091;0.704;0.53;-3.81;4.12
GNAT L082CZ - 08;3.94;23.06.20 - 11h39;23.06.20 - 11h38;125.02;1687253969683000000;28.7;3D3B8F7A9F26C008;1;-114;-22;-136.03;12;865.1;1;70;011f00c2fe0bffe902f700fa0291ab2c002e24881017;43.100972;3.024008;16;23;77.96;0.62;8.06;25;-0.501;-0.023;0.759;-0.13;-2.93;4.44
GNAT L082CZ - 08;3.94;23.06.20 - 11h43;23.06.20 - 11h42;236;1687254205683000000;29.1;3D3B8F7A9F26C008;1;-113;-17;-130.09;12;866.5;2;72;012300c2fd8cffac02b900fa0291a9d8002e23d71018;43.100632;3.023831;16;24;40.45;0.17;198.32;25;-0.628;-0.084;0.697;-0.49;-3.67;4.07
GNAT L082CZ - 08;3.94;23.06.20 - 11h49;23.06.20 - 11h48;348.45;1687254554131000000;29.5;3D3B8F7A9F26C008;1;-106;-24;-130.02;12;868.3;1;75;012700c2fd090070024b010402919d5c002e0cd20e10;43.097436;3.017938;14;16;596;1.71;229.35;26;-0.759;0.112;0.587;0.65;-4.44;3.43
GNAT L082CZ - 08;3.94;23.06.20 - 11h55;23.06.20 - 11h54;372.55;1687254926684000000;28.3;3D3B8F7A9F26C008;1;-113;-16;-129.11;12;867.7;2;78;011b00c2fe660300fe1800fa0291b8f8002e25821017;43.104504;3.024258;16;23;938.6;2.52;29.77;25;-0.41;0.768;-0.488;4.49;-2.4;-2.85
GNAT L082CZ - 08;3.94;23.06.20 - 11h57;23.06.20 - 11h56;124;1687255050682000000;28.7;3D3B8F7A9F26C008;1;-113;-21;-134.03;12;868.3;1;79;011f00c2fe440392fe1e00fa0291b96c002e22941018;43.10462;3.023508;16;24;62.24;0.5;283.59;25;-0.444;0.914;-0.482;5.35;-2.59;-2.82
GNAT L082CZ - 08;3.94;23.06.20 - 12h05;23.06.20 - 12h05;477.02;1687255527697000000;28.7;3D3B8F7A9F26C008;1;-110;-24;-134.02;12;868.3;1;83;011f00c2fed602ecfd9300fa0291b96c002e16f41218;43.10462;3.020532;18;24;241.6;0.51;269.93;25;-0.298;0.748;-0.621;4.37;-1.74;-3.63
GNAT L082CZ - 08;3.94;23.06.20 - 12h11;23.06.20 - 12h11;364.98;1687255892682000000;28.7;3D3B8F7A9F26C008;1;-114;-18;-132.07;12;866.1;1;86;011f00c2fe9e0298fd2900fa0291bb24002e0f841018;43.10506;3.018628;16;24;162.13;0.44;289.84;25;-0.354;0.664;-0.727;3.88;-2.07;-4.25
GNAT L082CZ - 08;3.93;23.06.20 - 12h13;23.06.20 - 12h13;121.34;1687256014020000000;28.3;3D3B8F7A9F26C008;2;-111;-13;-124.21;12;868.3;1;87;011b00c1febb02d1fcec00fa0291b8b4002e1cac1119;43.104436;3.021996;17;25;282.09;2.32;106.24;25;-0.325;0.721;-0.788;4.21;-1.9;-4.61
GNAT L082CZ - 08;3.94;23.06.20 - 12h15;23.06.20 - 12h15;116.65;1687256130670000000;29.1;3D3B8F7A9F26C008;3;-113;-8;-121.64;12;865.9;4;88;012300c2fdd301b3fd0a00fa0291b018002e2b0e0e18;43.102232;3.025678;14;24;386.55;3.31;133.26;25;-0.557;0.435;-0.758;2.54;-3.25;-4.43
GNAT L082CZ - 08;3.94;23.06.20 - 12h17;23.06.20 - 12h17;118.01;1687256248677000000;28.3;3D3B8F7A9F26C008;2;-113;-14;-127.17;12;868.5;1;89;011b00c201220216039300fa0291ae3c002e2bb00f16;43.101756;3.02584;15;22;54.54;0.46;167.77;25;0.29;0.534;0.915;3.12;1.69;5.35
GNAT L082CZ - 08;3.94;23.06.20 - 12h25;23.06.20 - 12h24;480.55;1687256729231000000;28.7;3D3B8F7A9F26C008;1;-118;-18;-136.07;12;868.3;1;93;011f00c2021501fb031f00fa0291a6b0002e21cb1016;43.099824;3.023307;16;22;297.4;0.62;219.77;25;0.533;0.507;0.799;2.96;3.11;4.67
GNAT L082CZ - 08;3.94;23.06.20 - 12h29;23.06.20 - 12h29;239.47;1687256968697000000;29.1;3D3B8F7A9F26C008;2;-114;-14;-128.17;12;868.5;2;95;012300c202550199030a00fa0291b24c002e0b031218;43.102796;3.017475;18;24;577.41;2.41;308.56;25;0.597;0.409;0.778;2.39;3.49;4.55
GNAT L082CZ - 08;3.93;23.06.20 - 12h31;23.06.20 - 12h30;122;1687257090698000000;28.7;3D3B8F7A9F26C008;2;-113;-15;-128.14;12;865.1;2;96;011f00c10211019e026700fa0291c79c002dee831217;43.108252;3.010179;18;23;847.88;6.95;319.3;25;0.529;0.414;0.615;2.42;3.09;3.59
GNAT L082CZ - 08;3.94;23.06.20 - 12h33;23.06.20 - 12h32;123.32;1687257214020000000;29.1;3D3B8F7A9F26C008;1;-115;-20;-135.04;12;868.3;1;97;012300c20177024b024d01040291e2a0002dd3981223;43.115168;3.003288;18;35;950.95;7.71;327.15;26;0.375;0.587;0.589;3.43;2.19;3.44
GNAT L082CZ - 08;3.93;23.06.20 - 12h43;23.06.20 - 12h42;590.66;1687257804685000000;30;3D3B8F7A9F26C008;1;-114;-17;-131.09;12;865.1;2;102;012c00c1ff02027c0345010e02920984002db21b1018;43.125124;2.994715;16;24;1307.57;2.21;330.55;27;-0.254;0.636;0.837;3.72;-1.48;4.89