GNAT L082CZ - 03;3.91;23.06.20 - 09h54;23.06.20 - 09h53;221451.26;1687247665661000000;29.1;3D3B8F7A9F26C003;1;-112;-18;-130.07;12;868.5;2;1;012300bf004400970394011802910df4002dc11e0c18;43.060724;2.998558;12;24;87644.77;0.4;216.14;28;0.068;0.151;0.916;0.88;0.4;5.36
GNAT L082CZ - 03;3.91;23.06.20 - 09h56;23.06.20 - 09h56;120.01;1687247785668000000;30;3D3B8F7A9F26C003;2;-115;-12;-127.27;12;866.7;2;2;012c00bf006900da02df011802910d80002dbe4e0c18;43.060608;2.997838;12;24;59.9;0.5;255.06;28;0.105;0.218;0.735;1.27;0.61;4.3
GNAT L082CZ - 03;3.91;23.06.20 - 09h58;23.06.20 - 09h58;123.01;1687247908680000000;28.7;3D3B8F7A9F26C003;2;-114;-13;-127.21;12;868.3;2;3;011f00bffe00ff4a049f012202910d38002dbaf00f18;43.060536;2.996976;15;24;70.49;0.57;262.11;29;-0.512;-0.182;1.183;-1.06;-2.99;6.93
GNAT L082CZ - 03;3.91;23.06.20 - 10h00;23.06.20 - 10h00;123;1687248031681000000;28.7;3D3B8F7A9F26C003;2;-114;-15;-129.14;12;867.3;2;4;011f00bffd5bfcda045a011802910c88002db7a40f18;43.06036;2.996132;15;24;71.31;0.58;250.94;28;-0.677;-0.806;1.114;-4.71;-3.96;6.52
GNAT L082CZ - 03;3.91;23.06.20 - 10h02;23.06.20 - 10h02;124.26;1687248155945000000;28.7;3D3B8F7A9F26C003;2;-115;-13;-128.21;12;868.3;1;5;011f00bffc0bfe69038b01180291111c002db3670d1b;43.061532;2.995047;13;27;157.33;1.27;330.73;28;-1.013;-0.407;0.907;-2.38;-5.93;5.3
GNAT L082CZ - 03;3.91;23.06.20 - 10h04;23.06.20 - 10h04;120;1687248275945000000;29.1;3D3B8F7A9F26C003;1;-110;-16;-126.11;12;866.3;2;6;012300bffc9cfc7f03e5010e02912204002dab950d25;43.06586;2.993045;13;37;507.99;4.23;344.27;27;-0.868;-0.897;0.997;-5.25;-5.08;5.83
GNAT L082CZ - 03;3.91;23.06.20 - 10h28;23.06.20 - 10h28;1425.73;1687249701676000000;28.7;3D3B8F7A9F26C003;1;-114;-17;-131.09;12;865.1;1;18;011f00bf00b5ff6d03cc010e0291abe8002e24e30e15;43.10116;3.024099;14;21;4665.55;3.27;29.41;27;0.181;-0.147;0.972;-0.86;1.06;5.69
GNAT L082CZ - 03;3.91;23.06.20 - 10h30;23.06.20 - 10h29;120.99;1687249822669000000;28.7;3D3B8F7A9F26C003;2;-114;-13;-127.21;12;868.3;1;19;011f00bffe6efc9c03f2010e0291ab28002e227d0d17;43.100968;3.023485;13;23;54.23;0.45;243.81;27;-0.402;-0.868;1.01;-5.08;-2.35;5.91
GNAT L082CZ - 03;3.91;23.06.20 - 10h32;23.06.20 - 10h32;121.02;1687249943688000000;29.1;3D3B8F7A9F26C003;1;-114;-19;-133.05;12;865.9;2;20;012300bf01a9fb05009e01180291ab38002e22390f16;43.100984;3.023417;15;22;5.8;0.05;290.3;28;0.425;-1.275;0.158;-7.47;2.48;0.92
GNAT L082CZ - 03;3.91;23.06.20 - 10h40;23.06.20 - 10h40;478.01;1687250421695000000;28.2;3D3B8F7A9F26C006;1;-114;-20;-134.04;12;865.5;1;24;011a00bffe62ff7304f0010e0291aaf0002e20061018;43.100912;3.022854;16;24;46.41;0.1;258.62;27;-0.414;-0.141;1.264;-0.82;-2.42;7.4
GNAT L082CZ - 03;3.91;23.06.20 - 10h44;23.06.20 - 10h43;233;1687250654700000000;28.2;3D3B8F7A9F26C003;1;-114;-20;-134.04;12;866.1;1;26;011a00bffeb1fe390584010e0291aab8002e1f40100d;43.100856;3.022656;16;13;17.24;0.07;246.02;27;-0.335;-0.455;1.412;-2.66;-1.96;8.28
GNAT L082CZ - 03;3.91;23.06.20 - 10h50;23.06.20 - 10h50;380.86;1687251035564000000;27;3D3B8F7A9F26C003;1;-114;-22;-136.03;12;868.5;1;29;010e00bffe20fed404c301040291aa88002e1cd21225;43.100808;3.022034;18;37;50.78;0.13;263.07;26;-0.48;-0.3;1.219;-1.75;-2.8;7.14
GNAT L082CZ - 03;3.91;23.06.20 - 11h04;23.06.20 - 11h04;819.48;1687251855046000000;26.5;3D3B8F7A9F26C003;1;-113;-21;-134.03;12;866.1;1;36;010900bffea5fe86049200fa0291a018002e317c0d16;43.098136;3.027324;13;22;522.25;0.64;128.62;25;-0.347;-0.378;1.17;-2.21;-2.03;6.85
GNAT L082CZ - 03;3.91;23.06.20 - 11h08;23.06.20 - 11h07;256.64;1687252111691000000;27;3D3B8F7A9F26C003;1;-114;-20;-134.04;12;867.7;1;38;010e00bffec4fe8a052400fa0291aa68002e1a071117;43.100776;3.021319;17;23;569.11;2.22;304.57;25;-0.316;-0.374;1.316;-2.18;-1.85;7.71
GNAT L082CZ - 03;3.91;23.06.20 - 11h14;23.06.20 - 11h14;357.55;1687252469238000000;26.5;3D3B8F7A9F26C003;1;-114;-18;-132.07;12;868.1;1;41;010900bffe80fe7104a300fa0291aa54002e18d11116;43.100756;3.021009;17;22;25.27;0.07;264.2;25;-0.384;-0.399;1.187;-2.33;-2.24;6.95
GNAT L082CZ - 03;3.91;23.06.20 - 11h16;23.06.20 - 11h14;120.45;1687252589684000000;26.5;3D3B8F7A9F26C003;1;-114;-20;-134.04;12;867.1;1;42;010900bffee6fe6f04e400fa0291aa2c002e18611018;43.100716;3.020897;16;24;10.12;0.08;240.68;25;-0.282;-0.401;1.252;-2.34;-1.65;7.33
GNAT L082CZ - 03;3.91;23.06.20 - 11h18;23.06.20 - 11h17;121.02;1687252710702000000;26.1;3D3B8F7A9F26C003;1;-113;-22;-135.03;12;868.5;1;43;010500bffe8bfe46047100fa0291aa30002e17df1316;43.10072;3.020767;19;22;10.56;0.09;272.77;25;-0.373;-0.442;1.137;-2.58;-2.18;6.66
GNAT L082CZ - 03;3.91;23.06.20 - 11h32;23.06.20 - 11h31;839;1687253549698000000;25.7;3D3B8F7A9F26C003;1;-114;-18;-132.07;12;867.1;1;50;010100bf003c005dfe1e00f00291a6ec002e28301216;43.099884;3.024944;18;22;351.64;0.42;107.57;24;0.06;0.093;-0.482;0.54;0.35;-2.82
GNAT L082CZ - 03;3.92;23.06.20 - 11h34;23.06.20 - 11h33;116;1687253665698000000;26.1;3D3B8F7A9F26C003;1;-111;-22;-133.03;12;868.5;1;51;010500c00119fb63ff0600f00291a698002e27831216;43.0998;3.024771;18;22;16.87;0.15;232.6;24;0.281;-1.181;-0.25;-6.91;1.64;-1.46
GNAT L082CZ - 03;3.91;23.06.20 - 11h36;23.06.20 - 11h36;122.99;1687253788691000000;26.5;3D3B8F7A9F26C003;1;-114;-17;-131.09;12;866.7;2;52;010900bf0108fbaafe7600fa0291a650002e26881117;43.099728;3.02452;17;23;21.9;0.18;245.69;25;0.264;-1.11;-0.394;-6.5;1.54;-2.3
GNAT L082CZ - 03;3.91;23.06.20 - 11h38;23.06.20 - 11h37;121.54;1687253910233000000;27;3D3B8F7A9F26C003;1;-119;-19.25;-138.3;12;868.5;1;53;010e00bf01abfb80ff5400fa0291ab9c002e24b21018;43.101084;3.02405;16;24;155.53;1.28;347.56;25;0.427;-1.152;-0.172;-6.74;2.49;-1
GNAT L082CZ - 03;3.91;23.06.20 - 11h40;23.06.20 - 11h40;115.45;1687254025686000000;27.4;3D3B8F7A9F26C003;2;-114;-14;-128.17;12;866.7;2;54;011200bffdf8fd92047d00fa0291ab5c002e24b91017;43.10102;3.024057;16;23;7.14;0.06;176.02;25;-0.52;-0.622;1.149;-3.64;-3.04;6.73
GNAT L082CZ - 03;3.91;23.06.20 - 11h46;23.06.20 - 11h45;360;1687254385686000000;27.8;3D3B8F7A9F26C003;1;-112;-18;-130.07;12;868.5;1;57;011600bffd81001b03da01040291a948002e1f5c1017;43.100488;3.022684;16;23;126.2;0.35;238.62;26;-0.639;0.027;0.986;0.16;-3.73;5.77
GNAT L082CZ - 03;3.91;23.06.20 - 11h48;23.06.20 - 11h48;122.02;1687254507706000000;27.8;3D3B8F7A9F26C003;2;-114;-15;-129.14;12;865.1;1;58;011600bffd53002f03a901040291a9f8002e1ba81318;43.100664;3.021736;19;24;79.42;0.65;286.26;26;-0.685;0.047;0.937;0.27;-4;5.48
GNAT L082CZ - 03;3.91;23.06.20 - 11h56;23.06.20 - 11h56;476.99;1687254984691000000;27;3D3B8F7A9F26C003;1;-114;-17;-131.09;12;865.1;2;62;010e00bffc14fed9034d01040291b96c002e24491118;43.10462;3.023945;17;24;475.04;1;19.64;26;-1.004;-0.295;0.845;-1.72;-5.87;4.94
GNAT L082CZ - 03;3.91;23.06.20 - 11h58;23.06.20 - 11h58;123.01;1687255107697000000;27;3D3B8F7A9F26C003;2;-114;-14;-128.17;12;868.5;1;63;010e00bffc22fe6e03d700fa0291b9c0002e21d71217;43.104704;3.023319;18;23;51.67;0.42;281.85;25;-0.99;-0.402;0.983;-2.35;-5.79;5.75
GNAT L082CZ - 03;3.91;23.06.20 - 12h00;23.06.20 - 11h59;117.01;1687255224705000000;27.4;3D3B8F7A9F26C003;1;-114;-16;-130.11;12;865.5;2;64;011200bffc95feca03b700fa0291b93c002e1fe51316;43.104572;3.022821;19;22;43.01;0.37;247.46;25;-0.875;-0.31;0.951;-1.81;-5.12;5.56
GNAT L082CZ - 03;3.91;23.06.20 - 12h02;23.06.20 - 12h01;124.53;1687255349239000000;26.5;3D3B8F7A9F26C003;2;-111;-14.25;-125.41;12;868.3;1;65;010900bffc49febb03a400fa0291b9c4002e1c2b1117;43.104708;3.021867;17;23;78.91;0.63;282.56;25;-0.951;-0.325;0.932;-1.9;-5.56;5.45
GNAT L082CZ - 03;3.91;23.06.20 - 12h06;23.06.20 - 12h05;236.45;1687255585693000000;27;3D3B8F7A9F26C003;1;-111;-16;-127.11;12;868.1;2;67;010e00bffc8cfe1c039900fa0291ba5c002e11261117;43.10486;3.019046;17;23;229.64;0.97;274.76;25;-0.884;-0.484;0.921;-2.83;-5.17;5.39
GNAT L082CZ - 03;3.91;23.06.20 - 12h08;23.06.20 - 12h08;118;1687255703693000000;27;3D3B8F7A9F26C003;2;-113;-12;-125.27;12;865.1;2;68;010e00bffc6ffe33043e01040291b9d0002e12f31118;43.10472;3.019507;17;24;40.53;0.34;115.43;26;-0.913;-0.461;1.086;-2.69;-5.34;6.36
GNAT L082CZ - 03;3.91;23.06.20 - 12h14;23.06.20 - 12h14;360.01;1687256063702000000;27;3D3B8F7A9F26C003;1;-114;-16;-130.11;12;868.5;1;71;010e00bffc9ffe62048f00fa0291b13c002e29c41217;43.102524;3.025348;18;23;533.38;1.48;120.63;25;-0.865;-0.414;1.167;-2.42;-5.06;6.83
GNAT L082CZ - 03;3.91;23.06.20 - 12h16;23.06.20 - 12h15;121.02;1687256184719000000;26.5;3D3B8F7A9F26C003;2;-114;-13;-127.21;12;866.1;2;72;010900bffdfbfdc202b200fa0291afe0002e27031518;43.102176;3.024643;21;24;69.09;0.57;232.22;25;-0.517;-0.574;0.69;-3.35;-3.02;4.03
GNAT L082CZ - 03;3.91;23.06.20 - 12h18;23.06.20 - 12h18;118;1687256302715000000;26.5;3D3B8F7A9F26C003;2;-114;-15;-129.14;12;868.1;2;73;010900bffc67fddf03e100fa0291ad4c002e2ac01416;43.101516;3.0256;20;22;106.88;0.91;137.3;25;-0.921;-0.545;0.993;-3.18;-5.39;5.81
GNAT L082CZ - 03;3.91;23.06.20 - 12h22;23.06.20 - 12h22;237.98;1687256540696000000;27;3D3B8F7A9F26C003;1;-112;-16;-128.11;12;868.3;2;75;010e00bfff29fe5304dc00fa0291a7bc002e26471115;43.100092;3.024455;17;21;183.61;0.77;207.06;25;-0.215;-0.429;1.244;-2.51;-1.26;7.29
GNAT L082CZ - 03;3.91;23.06.20 - 12h24;23.06.20 - 12h23;121.02;1687256661715000000;27.8;3D3B8F7A9F26C003;1;-113;-18;-131.07;12;866.7;1;76;011600bfff4efe1904da00fa0291a6bc002e23061417;43.099836;3.023622;20;23;73.38;0.61;244.17;25;-0.178;-0.487;1.242;-2.85;-1.04;7.27
GNAT L082CZ - 03;3.91;23.06.20 - 12h28;23.06.20 - 12h28;243.99;1687256905708000000;27.4;3D3B8F7A9F26C003;2;-114;-14;-128.17;12;867.7;2;78;011200bfff5cfdbb04c701040291a95c002e1a7b1316;43.100508;3.021435;19;22;192.64;0.79;295.76;26;-0.164;-0.581;1.223;-3.4;-0.96;7.16
GNAT L082CZ - 03;3.91;23.06.20 - 12h30;23.06.20 - 12h30;120.02;1687257025723000000;27.8;3D3B8F7A9F26C003;1;-111;-18;-129.07;12;868.1;1;79;011600bfffaefe11047d00fa0291bc3c002dfd351516;43.10534;3.013941;21;22;811.7;6.76;315.15;25;-0.082;-0.495;1.149;-2.89;-0.48;6.73