GNAT L082CZ - 04;3.95;23.06.20 - 09h52;23.06.20 - 09h52;221461.13;1687247546670000000;29.1;3D3B8F7A9F26C004;2;-114;-13;-127.21;12;867.9;2;0;012300c3ff8effe003e7012202910e80002dc4540d17;43.060864;2.99938;13;23;87534.46;0.4;216.16;29;-0.114;-0.032;0.999;-0.19;-0.67;5.84
GNAT L082CZ - 04;3.95;23.06.20 - 09h54;23.06.20 - 09h54;124.48;1687247671152000000;29.5;3D3B8F7A9F26C004;3;-113;-10;-123.41;12;868.5;2;1;012700c3ffc9ff7203e1010e02910e48002dc17c0d1f;43.060808;2.998652;13;31;59.47;0.48;262.73;27;-0.055;-0.142;0.993;-0.83;-0.32;5.81
GNAT L082CZ - 04;3.95;23.06.20 - 09h56;23.06.20 - 09h56;124;1687247795152000000;29.5;3D3B8F7A9F26C004;2;-112;-14;-126.17;12;867.5;1;2;012700c3ffb7ff5a03bb010e02910d84002dbe6b0d1b;43.060612;2.997867;13;27;67.4;0.54;247.54;27;-0.073;-0.166;0.955;-0.97;-0.43;5.59
GNAT L082CZ - 04;3.95;23.06.20 - 09h58;23.06.20 - 09h58;123.52;1687247918677000000;30;3D3B8F7A9F26C004;3;-115;-7;-122.79;12;868.1;2;3;012c00c3ff82ffee03f0010e02910d38002dbac10e17;43.060536;2.996929;14;23;76.67;0.62;262.34;27;-0.126;-0.018;1.008;-0.11;-0.74;5.9
GNAT L082CZ - 04;3.95;23.06.20 - 10h00;23.06.20 - 10h00;123.48;1687248042152000000;30;3D3B8F7A9F26C004;2;-115;-11;-126.33;12;867.3;2;4;012c00c3006f004703f4011802910c98002db7330c20;43.060376;2.996019;12;32;76.04;0.62;253.76;28;0.111;0.071;1.012;0.41;0.65;5.92
GNAT L082CZ - 04;3.95;23.06.20 - 10h02;23.06.20 - 10h02;120.52;1687248162672000000;30;3D3B8F7A9F26C004;3;-115;-8;-123.64;12;868.5;2;5;012c00c3007d002203e70118029111ec002db3010e18;43.06174;2.994945;14;24;174.98;1.45;334.51;28;0.125;0.034;0.999;0.2;0.73;5.84
GNAT L082CZ - 04;3.95;23.06.20 - 10h04;23.06.20 - 10h04;118.01;1687248280680000000;30;3D3B8F7A9F26C004;4;-113;-5;-119.19;12;867.7;2;6;012c00c303c9007d018a011802912310002daa660e17;43.066128;2.992742;14;23;519.71;4.4;343;28;0.969;0.125;0.394;0.73;5.67;2.3
GNAT L082CZ - 04;3.95;23.06.20 - 10h18;23.06.20 - 10h05;821.48;1687249102156000000;31.2;3D3B8F7A9F26C004;1;-115;-17;-132.09;12;867.9;1;14;013800c301c5070b019a01360291a8c8002e2ae70c27;43.10036;3.025639;12;39;4650.44;5.66;31.62;31;0.453;1.803;0.41;10.59;2.65;2.4
GNAT L082CZ - 04;3.95;23.06.20 - 10h20;23.06.20 - 10h18;124.05;1687249226208000000;31.2;3D3B8F7A9F26C004;1;-116;-17.5;-133.58;12;868.3;1;15;013800c300d703db006e01220291ab7c002e29ef0c16;43.101052;3.025391;12;22;79.54;0.64;347.16;29;0.215;0.987;0.11;5.77;1.26;0.64
GNAT L082CZ - 04;3.95;23.06.20 - 10h24;23.06.20 - 10h22;239.02;1687249465228000000;30.8;3D3B8F7A9F26C004;2;-117;-12;-129.27;12;868.1;4;17;013400c3fe4dfe0202b901220291aa78002e25570e16;43.100792;3.024215;14;22;99.76;0.42;250.81;29;-0.435;-0.51;0.697;-2.98;-2.54;4.07
GNAT L082CZ - 04;3.95;23.06.20 - 10h26;23.06.20 - 10h24;120.44;1687249585667000000;30.4;3D3B8F7A9F26C004;2;-114;-15;-129.14;12;867.3;2;18;013000c30092fffe03ec01220291ab54002e25120c17;43.101012;3.024146;12;23;25.1;0.21;348.72;29;0.146;-0.002;1.004;-0.01;0.85;5.87
GNAT L082CZ - 04;3.95;23.06.20 - 10h33;23.06.20 - 10h33;428.6;1687250014265000000;29.5;3D3B8F7A9F26C004;1;-113;-16;-129.11;12;866.7;1;22;012700c3ffc2ff5f043e01180291af7c002e27ac0d4b;43.102076;3.024812;13;75;130.08;0.3;21.74;28;-0.062;-0.161;1.086;-0.94;-0.36;6.36
GNAT L082CZ - 04;3.95;23.06.20 - 10h36;23.06.20 - 10h36;181.11;1687250195373000000;29.1;3D3B8F7A9F26C004;1;-114;-16;-130.11;12;865.5;2;24;012300c30072ff32041a01180291b3ac002e27ff0dd5;43.103148;3.024895;13;213;119.39;0.66;2.83;28;0.114;-0.206;1.05;-1.2;0.67;6.14
GNAT L082CZ - 04;3.95;23.06.20 - 10h40;23.06.20 - 10h39;205.77;1687250401141000000;28.3;3D3B8F7A9F26C004;1;-114;-22;-136.03;12;867.9;1;26;011b00c3ff84fdc102cd01040291aba8002e25290d81;43.101096;3.024169;13;129;235.66;1.15;192.68;26;-0.124;-0.575;0.717;-3.36;-0.72;4.19
GNAT L082CZ - 04;3.95;23.06.20 - 10h48;23.06.20 - 10h46;496.02;1687250897158000000;28.3;3D3B8F7A9F26C004;1;-114;-17;-131.09;12;867.1;2;30;011b00c3008ffe6603bc01040291a8b0002e25920d92;43.100336;3.024274;13;146;84.94;0.17;174.98;26;0.143;-0.41;0.956;-2.4;0.84;5.59
GNAT L082CZ - 04;3.95;23.06.20 - 10h50;23.06.20 - 10h48;124.55;1687251021706000000;28.3;3D3B8F7A9F26C004;1;-116;-18.25;-134.31;12;868.1;2;31;011b00c3002a004d04e701040291abe8002e24f70fa3;43.10116;3.024119;15;163;92.48;0.74;353.17;26;0.042;0.077;1.255;0.45;0.25;7.35
GNAT L082CZ - 04;3.95;23.06.20 - 10h52;23.06.20 - 10h51;123.45;1687251145158000000;27.8;3D3B8F7A9F26C004;1;-114;-19;-133.05;12;867.3;1;32;011600c30096ff0703fa00fa0291a620002e265e0e52;43.09968;3.024478;14;82;167.13;1.35;171.24;25;0.15;-0.249;1.018;-1.45;0.88;5.96
GNAT L082CZ - 04;3.95;23.06.20 - 10h56;23.06.20 - 10h56;248;1687251393158000000;28.3;3D3B8F7A9F26C004;1;-114;-18;-132.07;12;867.1;1;34;011b00c3ffddfe22031f00fa0291a714002e26200e3a;43.099924;3.024416;14;58;27.59;0.11;350.83;25;-0.035;-0.478;0.799;-2.79;-0.2;4.67
GNAT L082CZ - 04;3.95;23.06.20 - 10h58;23.06.20 - 10h56;124;1687251517158000000;27.8;3D3B8F7A9F26C004;1;-109;-21;-130.03;12;868.3;1;35;011600c30091ff39048000fa02919eec002e28630d6c;43.097836;3.024995;13;108;236.89;1.91;170.03;25;0.145;-0.199;1.152;-1.16;0.85;6.74
GNAT L082CZ - 04;3.95;23.06.20 - 11h00;23.06.20 - 11h00;124;1687251641158000000;27.4;3D3B8F7A9F26C004;1;-114;-18;-132.07;12;866.1;1;36;011200c3ffaefe8702a500fa02917c48002e30cb0cd3;43.088968;3.027147;12;211;1001.44;8.08;171.35;25;-0.082;-0.377;0.677;-2.2;-0.48;3.96
GNAT L082CZ - 04;3.95;23.06.20 - 11h01;23.06.20 - 11h01;57.11;1687251698266000000;29.1;3D3B8F7A9F26C004;1;-114;-17;-131.09;12;868.5;1;37;012300c3ffe2fd72025000fa02915d8c002e3bb60c7b;43.0811;3.029942;12;123;903.85;15.83;167.57;25;-0.03;-0.654;0.592;-3.82;-0.18;3.46
GNAT L082CZ - 04;3.95;23.06.20 - 11h06;23.06.20 - 11h04;305.11;1687252003373000000;27.8;3D3B8F7A9F26C004;1;-114;-16;-130.11;12;865.9;1;40;011600c30026fe7503550104029189e8002e2f880d5e;43.092456;3.026824;13;94;1287.87;4.22;350.19;26;0.038;-0.395;0.853;-2.31;0.22;4.99
GNAT L082CZ - 04;3.95;23.06.20 - 11h07;23.06.20 - 11h06;58.11;1687252061484000000;28.7;3D3B8F7A9F26C004;1;-114;-18;-132.07;12;868.1;1;41;011f00c30037fea0031d00fa0291a654002e27280e53;43.099732;3.02468;14;83;827.57;14.24;349.4;25;0.055;-0.352;0.797;-2.06;0.32;4.66
GNAT L082CZ - 04;3.95;23.06.20 - 11h10;23.06.20 - 11h09;181.11;1687252242591000000;28.7;3D3B8F7A9F26C004;1;-108;-23;-131.02;12;868.5;1;43;011f00c30079fe07030500fa02917d58002e31e20fe3;43.08924;3.027426;15;227;1187.77;6.56;170.68;25;0.121;-0.505;0.773;-2.95;0.71;4.52
GNAT L082CZ - 04;3.95;23.06.20 - 11h23;23.06.20 - 11h20;749.1;1687252991691000000;27.4;3D3B8F7A9F26C004;1;-105;-15.5;-120.62;12;868.5;1;51;011200c3001ffeee035800fa02914260002e3e2c0f1c;43.074144;3.030572;15;28;1697.93;2.27;172.69;25;0.031;-0.274;0.856;-1.6;0.18;5.01
GNAT L082CZ - 04;3.95;23.06.20 - 11h24;23.06.20 - 11h23;98.33;1687253090019000000;28.7;3D3B8F7A9F26C004;1;-114;-18;-132.07;12;866.1;2;52;011f00c3ff32ff8603f900fa02910294002c99300f15;43.057812;2.9228;15;21;8941.27;90.93;253.58;25;-0.206;-0.122;1.017;-0.71;-1.2;5.95
GNAT L082CZ - 04;3.95;23.06.20 - 11h32;23.06.20 - 11h32;469.66;1687253559679000000;27;3D3B8F7A9F26C004;1;-114;-16;-130.11;12;868.5;1;57;010e00c3ffd0ff7503c200fa0291aa30002e26520f17;43.10072;3.024466;15;23;9536.43;20.3;58.04;25;-0.048;-0.139;0.962;-0.81;-0.28;5.63
GNAT L082CZ - 04;3.95;23.06.20 - 11h34;23.06.20 - 11h34;123.48;1687253683159000000;27;3D3B8F7A9F26C004;2;-114;-14;-128.17;12;867.1;1;58;010e00c3005eff17040900fa0291a9a8002e26c60f1e;43.100584;3.024582;15;30;17.82;0.14;151.53;25;0.094;-0.233;1.033;-1.36;0.55;6.04
GNAT L082CZ - 04;3.95;23.06.20 - 11h37;23.06.20 - 11h37;181.11;1687253864267000000;29.1;3D3B8F7A9F26C004;2;-114;-15;-129.14;12;865.1;2;60;012300c30075fd8302fe00fa0291a970002e27160c3a;43.100528;3.024662;12;58;9;0.05;137.75;25;0.117;-0.637;0.766;-3.72;0.68;4.48
GNAT L082CZ - 04;3.95;23.06.20 - 11h40;23.06.20 - 11h40;181.11;1687254045376000000;28.3;3D3B8F7A9F26C004;1;-114;-17;-131.09;12;865.1;1;62;011b00c300c2ff7b045700fa0291ab58002e249f0d24;43.101016;3.024031;13;36;74.63;0.41;320.55;25;0.194;-0.133;1.111;-0.78;1.13;6.5
GNAT L082CZ - 04;3.95;23.06.20 - 11h47;23.06.20 - 11h47;421.31;1687254466682000000;27.8;3D3B8F7A9F26C004;1;-114;-19;-133.05;12;867.1;1;66;011600c3ff58032afdc400fa0291a9b4002e1ce60f16;43.100596;3.022054;15;22;167.17;0.4;251.49;25;-0.168;0.81;-0.572;4.74;-0.98;-3.34
GNAT L082CZ - 04;3.95;23.06.20 - 11h49;23.06.20 - 11h49;123.01;1687254589687000000;27.8;3D3B8F7A9F26C004;1;-114;-17;-131.09;12;868.5;2;67;011600c3ff570334fdeb00fa0291ac64002e19d91015;43.101284;3.021273;16;21;99.36;0.81;324.15;25;-0.169;0.82;-0.533;4.79;-0.99;-3.11
GNAT L082CZ - 04;3.95;23.06.20 - 11h51;23.06.20 - 11h49;123.47;1687254713159000000;27.4;3D3B8F7A9F26C004;1;-113;-19;-132.05;12;866.7;1;68;011200c302d300befccb00fa0291b514002e1b841219;43.103508;3.0217;18;25;249.72;2.02;6.98;25;0.723;0.19;-0.821;1.11;4.23;-4.8
GNAT L082CZ - 04;3.95;23.06.20 - 11h55;23.06.20 - 11h55;237.53;1687254950686000000;27.4;3D3B8F7A9F26C004;2;-113;-13;-126.21;12;865.1;2;70;011200c3028300a4fd0d00fa0291b958002e25761016;43.1046;3.024246;16;22;239.72;1.01;56.17;25;0.643;0.164;-0.755;0.96;3.76;-4.41
GNAT L082CZ - 04;3.95;23.06.20 - 11h59;23.06.20 - 11h59;230;1687255180689000000;27;3D3B8F7A9F26C004;2;-112;-11;-123.33;12;867.5;2;72;010e00c3025900c4fcfc00f00291b954002e1ff31017;43.104596;3.022835;16;23;114.55;0.5;269.71;24;0.601;0.196;-0.772;1.14;3.51;-4.51
GNAT L082CZ - 04;3.95;23.06.20 - 12h01;23.06.20 - 12h01;123;1687255303687000000;27;3D3B8F7A9F26C004;2;-114;-15;-129.14;12;868.5;1;73;010e00c301b400c4fcb200f00291b948002e1d601017;43.104584;3.022176;16;23;53.52;0.44;268.35;24;0.436;0.196;-0.846;1.14;2.55;-4.95
GNAT L082CZ - 04;3.95;23.06.20 - 12h03;23.06.20 - 12h02;123.03;1687255426715000000;27.4;3D3B8F7A9F26C004;2;-114;-14;-128.17;12;867.9;2;74;011200c30267006ffcbd00f00291b90c002e1a251318;43.104524;3.021349;19;24;67.47;0.55;263.5;24;0.615;0.111;-0.835;0.65;3.59;-4.88
GNAT L082CZ - 04;3.95;23.06.20 - 12h05;23.06.20 - 12h05;120.99;1687255547701000000;27.4;3D3B8F7A9F26C004;2;-114;-12;-126.27;12;868.5;2;75;011200c302150001fc8200fa0291b980002e168d1116;43.10464;3.020429;17;22;75.8;0.63;281.14;25;0.533;0.001;-0.894;0.01;3.11;-5.23
GNAT L082CZ - 04;3.95;23.06.20 - 12h07;23.06.20 - 12h07;103.59;1687255651291000000;27.4;3D3B8F7A9F26C004;2;-114;-11;-125.33;12;867.3;2;76;011200c301ef0052fc9b00fa0291ae3c002e04a81017;43.101756;3.015848;16;23;491.08;4.74;225.27;25;0.495;0.082;-0.869;0.48;2.89;-5.08
GNAT L082CZ - 04;3.95;23.06.20 - 12h08;23.06.20 - 12h08;77.52;1687255728809000000;27.8;3D3B8F7A9F26C004;1;-116;-20;-136.04;12;868.1;1;77;011600c302460071fcb300fa0291b9b8002e13911117;43.104696;3.019665;17;23;450.45;5.81;39.71;25;0.582;0.113;-0.845;0.66;3.4;-4.94
GNAT L082CZ - 04;3.95;23.06.20 - 12h10;23.06.20 - 12h09;103.59;1687255832398000000;27.8;3D3B8F7A9F26C004;2;-114;-11;-125.33;12;867.7;2;78;011600c302570082fcb000fa0291ba5c002e10321217;43.10486;3.018802;18;23;72.4;0.7;286.54;25;0.599;0.13;-0.848;0.76;3.5;-4.96
GNAT L082CZ - 04;3.95;23.06.20 - 12h11;23.06.20 - 12h11;77.52;1687255909916000000;27.4;3D3B8F7A9F26C004;2;-112;-12;-124.27;12;868.1;1;79;011200c302340060fc8e00fa0291bb88002e0f8a1115;43.10516;3.018634;17;21;36.04;0.46;340.3;25;0.564;0.096;-0.882;0.56;3.3;-5.16
GNAT L082CZ - 04;3.95;23.06.20 - 12h13;23.06.20 - 12h13;111.78;1687256021696000000;27.4;3D3B8F7A9F26C004;2;-114;-15;-129.14;12;867.1;2;80;011200c30241000ffcb200fa0291b6c8002e1dd61117;43.103944;3.022294;17;23;326.45;2.92;117.56;25;0.577;0.015;-0.846;0.09;3.37;-4.95
GNAT L082CZ - 04;3.95;23.06.20 - 12h15;23.06.20 - 12h15;117.03;1687256138726000000;27;3D3B8F7A9F26C004;3;-114;-9;-123.51;12;868.5;2;81;010e00c301a100dd02ae00fa0291afc8002e2af41415;43.102152;3.025652;20;21;337.68;2.89;130;25;0.417;0.221;0.686;1.29;2.44;4.01
GNAT L082CZ - 04;3.95;23.06.20 - 12h17;23.06.20 - 12h17;116;1687256254723000000;27.4;3D3B8F7A9F26C004;2;-114;-15;-129.14;12;865.5;1;82;011200c30239ffdefcaa00f00291adf8002e2be11314;43.101688;3.025889;19;20;55.07;0.47;161.99;24;0.569;-0.034;-0.854;-0.2;3.33;-4.99
GNAT L082CZ - 04;3.95;23.06.20 - 12h27;23.06.20 - 12h27;595.19;1687256849916000000;27.8;3D3B8F7A9F26C004;2;-114;-15;-129.14;12;865.5;2;88;011600c301d800fbfc8900fa0291a65c002e1f601118;43.09974;3.022688;17;24;338.32;0.57;226.19;25;0.472;0.251;-0.887;1.47;2.76;-5.19
GNAT L082CZ - 04;3.95;23.06.20 - 12h30;23.06.20 - 12h30;180.11;1687257030025000000;28.7;3D3B8F7A9F26C004;1;-114;-17;-131.09;12;866.7;2;90;011f00c3019a0041fc5f00fa0291b2b8002e0a911217;43.102904;3.017361;18;23;557.52;3.1;312.91;25;0.41;0.065;-0.929;0.38;2.4;-5.43w