GNAT L082CZ - 07;3.95;23.06.20 - 09h21;23.06.20 - 09h19;219585.04;1687245667558000000;29.1;3D3B8F7A9F26C007;2;-115;-13;-128.21;12;866.7;1;0;012300c3009aff7303f600fa0291eafc002dc20c0c84;43.117308;2.998796;12;132;83361.96;0.38;220.3;25;0.154;-0.141;1.014;-0.82;0.9;5.93
GNAT L082CZ - 07;3.95;23.06.20 - 09h25;23.06.20 - 09h22;267.11;1687245934673000000;29.5;3D3B8F7A9F26C007;1;-114;-18;-132.07;12;867.9;1;2;012700c3001dff9803b900fa0291a188002dc1e90e10;43.098504;2.998761;14;16;2090.91;7.83;180.07;25;0.029;-0.104;0.953;-0.61;0.17;5.57
GNAT L082CZ - 07;3.95;23.06.20 - 09h29;23.06.20 - 09h26;229;1687246163671000000;30;3D3B8F7A9F26C007;1;-114;-18;-132.07;12;867.9;1;4;012c00c300c9ffef043d010402917cec002dbd300d18;43.089132;2.997552;13;24;1046.73;4.57;184.62;26;0.201;-0.017;1.085;-0.1;1.17;6.35
GNAT L082CZ - 07;3.95;23.06.20 - 09h31;23.06.20 - 09h30;119;1687246282670000000;30;3D3B8F7A9F26C007;3;-113;-8;-121.64;12;868.5;2;5;012c00c300cfff55048a0104029161fc002db2db0d18;43.082236;2.994907;13;24;796.32;6.69;193.41;26;0.207;-0.171;1.162;-1;1.21;6.8
GNAT L082CZ - 07;3.95;23.06.20 - 09h33;23.06.20 - 09h31;120.99;1687246403665000000;30;3D3B8F7A9F26C007;4;-112;-5;-118.19;12;865.3;2;6;012c00c30146fef9043a010402914270002da9270c16;43.07416;2.992423;12;22;920.39;7.61;190.71;26;0.326;-0.263;1.082;-1.54;1.9;6.33
GNAT L082CZ - 07;3.95;23.06.20 - 09h37;23.06.20 - 09h37;232.86;1687246636523000000;30.4;3D3B8F7A9F26C007;2;-113;-11;-124.33;12;865.3;2;8;013000c300f50045041c0104029119fc002dc2c30c13;43.063804;2.998979;12;19;1268.72;5.45;159;26;0.245;0.069;1.052;0.4;1.43;6.16
GNAT L082CZ - 07;3.95;23.06.20 - 09h39;23.06.20 - 09h37;129.7;1687246766220000000;30;3D3B8F7A9F26C007;1;-116;-17;-133.09;12;868.5;2;9;012c00c303650158072f0104029111e0002dd0f70d17;43.061728;3.002615;13;23;374.89;2.89;133.37;26;0.869;0.344;1.839;2.01;5.08;10.8
GNAT L082CZ - 07;3.95;23.06.20 - 09h45;23.06.20 - 09h45;371.34;1687247137558000000;28.7;3D3B8F7A9F26C007;2;-114;-15;-129.14;12;865.3;1;12;011f00c3015effd90463010402910f5c002dd1180d28;43.061084;3.002648;13;40;71.66;0.19;178.22;26;0.35;-0.039;1.123;-0.23;2.04;6.57
GNAT L082CZ - 07;3.95;23.06.20 - 09h49;23.06.20 - 09h49;237.86;1687247375418000000;28.3;3D3B8F7A9F26C007;3;-113;-9;-122.51;12;865.3;2;14;011b00c301af026002d400f00291182c002dd5030f3f;43.06334;3.003651;15;63;263.76;1.11;15.1;24;0.431;0.608;0.724;3.55;2.52;4.23
GNAT L082CZ - 07;3.95;23.06.20 - 09h53;23.06.20 - 09h53;235.26;1687247610679000000;29.5;3D3B8F7A9F26C007;2;-114;-13;-127.21;12;865.1;2;16;012700c3003cffd8042100f002910e14002dc22a0f17;43.060756;2.998826;15;23;486.01;2.07;228.4;24;0.06;-0.04;1.057;-0.23;0.35;6.19
GNAT L082CZ - 07;3.95;23.06.20 - 09h57;23.06.20 - 09h57;245.01;1687247855693000000;30;3D3B8F7A9F26C007;2;-115;-11;-126.33;12;865.9;2;18;012c00c3fffefffc041500fa02910d60002dbc681016;43.060576;2.997352;16;22;121.41;0.5;258.55;25;-0.002;-0.004;1.045;-0.02;-0.01;6.11
GNAT L082CZ - 07;3.95;23.06.20 - 10h01;23.06.20 - 10h01;232.99;1687248088681000000;30.4;3D3B8F7A9F26C007;1;-114;-23;-137.02;12;867.7;1;20;013000c3003dfbdd02a5010e02910c48002db59d0f18;43.060296;2.995613;15;24;144.67;0.62;255.04;27;0.061;-1.059;0.677;-6.2;0.36;3.96
GNAT L082CZ - 07;3.95;23.06.20 - 10h29;23.06.20 - 10h28;1679.01;1687249767695000000;31.6;3D3B8F7A9F26C007;1;-114;-18;-132.07;12;867.1;1;34;013c00c3ff7201de0267010e0291ab5c002e22cb1018;43.10102;3.023563;16;24;5065.41;3.02;23.69;27;-0.142;0.478;0.615;2.79;-0.83;3.59
GNAT L082CZ - 07;3.95;23.06.20 - 10h33;23.06.20 - 10h32;233.55;1687250001243000000;31.6;3D3B8F7A9F26C007;1;-116;-18.25;-134.31;12;867.9;1;36;013c00c3ffbafd36037301180291aaf4002e23741117;43.100916;3.023732;17;23;17.94;0.08;134.05;28;-0.07;-0.714;0.883;-4.17;-0.41;5.16
GNAT L082CZ - 07;3.95;23.06.20 - 10h37;23.06.20 - 10h36;246.45;1687250247694000000;32.1;3D3B8F7A9F26C007;1;-114;-16;-130.11;12;867.1;1;38;014100c30032fd25038101180291aacc002e23311118;43.100876;3.023665;17;24;7.03;0.03;226.81;28;0.05;-0.731;0.897;-4.27;0.29;5.25
GNAT L082CZ - 07;3.95;23.06.20 - 10h39;23.06.20 - 10h38;117.55;1687250365244000000;32.1;3D3B8F7A9F26C007;2;-117;-13.25;-130.45;12;868.1;2;39;014100c3ffddfd92039b01180291acd8002e26461118;43.1014;3.024454;17;24;86.59;0.74;43.79;28;-0.035;-0.622;0.923;-3.64;-0.2;5.4
GNAT L082CZ - 07;3.95;23.06.20 - 10h43;23.06.20 - 10h42;240.99;1687250606238000000;32.5;3D3B8F7A9F26C007;1;-118;-18;-136.07;12;868.3;1;41;014500c305e7ff43ff2f01180291ada0002e23561017;43.1016;3.023702;16;23;64.98;0.27;292.66;28;1.511;-0.189;-0.209;-1.1;8.86;-1.22
GNAT L082CZ - 07;3.95;23.06.20 - 11h17;23.06.20 - 11h16;2047.45;1687252653687000000;27.8;3D3B8F7A9F26C007;1;-114;-20;-134.04;12;867.3;1;58;011600c301d1ff22041e00e60291a9fc002e16061017;43.100668;3.020294;16;23;295.46;0.14;246.67;23;0.465;-0.222;1.054;-1.3;2.72;6.17
GNAT L082CZ - 07;3.95;23.06.20 - 11h31;23.06.20 - 11h30;822.88;1687253476566000000;27;3D3B8F7A9F26C007;1;-112;-18;-130.07;12;868.3;1;65;010e00c30353fdc7037a00e60291c3d0002e30871017;43.10728;3.027079;16;23;918.68;1.12;33.38;23;0.851;-0.569;0.89;-3.33;4.98;5.21
GNAT L082CZ - 07;3.95;23.06.20 - 11h33;23.06.20 - 11h33;139.12;1687253615686000000;27.4;3D3B8F7A9F26C007;1;-113;-18;-131.07;12;865.9;2;66;011200c30278019d03b700e60291a6bc002e27991018;43.099836;3.024793;16;24;848.29;6.1;191.04;23;0.632;0.413;0.951;2.41;3.69;5.56
GNAT L082CZ - 07;3.95;23.06.20 - 11h35;23.06.20 - 11h35;120.29;1687253735976000000;27.8;3D3B8F7A9F26C007;1;-116;-18.75;-134.81;12;868.1;1;67;011600c301ab017603b500e60291a6dc002e2669111b;43.099868;3.024489;17;27;24.94;0.21;279.4;23;0.427;0.374;0.949;2.18;2.49;5.55
GNAT L082CZ - 07;3.95;23.06.20 - 11h41;23.06.20 - 11h40;358.71;1687254094687000000;28.7;3D3B8F7A9F26C007;1;-114;-16;-130.11;12;867.1;2;70;011f00c301ce013203dc00f00291ab10002e24431016;43.100944;3.023939;16;22;127.71;0.36;341.99;24;0.462;0.306;0.988;1.79;2.7;5.78
GNAT L082CZ - 07;3.95;23.06.20 - 11h47;23.06.20 - 11h47;356.01;1687254450700000000;29.1;3D3B8F7A9F26C007;1;-114;-21;-135.03;12;868.5;1;73;012300c30313fdaafd4900fa0291a9a0002e1d4f1218;43.100576;3.022159;18;24;150.2;0.42;251.95;25;0.787;-0.598;-0.695;-3.49;4.6;-4.06
GNAT L082CZ - 07;3.95;23.06.20 - 11h49;23.06.20 - 11h49;113;1687254563701000000;29.5;3D3B8F7A9F26C007;1;-115;-21;-136.03;12;867.3;1;74;012700c3030efda2fd4800fa0291aaac002e18941216;43.100844;3.020948;18;22;102.74;0.91;289.16;25;0.782;-0.606;-0.696;-3.54;4.57;-4.07
GNAT L082CZ - 07;3.95;23.06.20 - 11h59;23.06.20 - 11h58;608;1687255171696000000;28.7;3D3B8F7A9F26C007;1;-114;-19;-133.05;12;868.1;1;79;011f00c301b302f7fea300fa0291b99c002e1ff21118;43.104668;3.022834;17;24;451.94;0.74;17.5;25;0.435;0.759;-0.349;4.44;2.54;-2.04
GNAT L082CZ - 07;3.95;23.06.20 - 12h01;23.06.20 - 12h00;119;1687255290696000000;28.7;3D3B8F7A9F26C007;1;-114;-18;-132.07;12;865.1;2;80;011f00c3fe89ffa1fdc800f00291b990002e1db11118;43.104656;3.022257;17;24;46.86;0.39;268.12;24;-0.375;-0.095;-0.568;-0.55;-2.19;-3.32
GNAT L082CZ - 07;3.95;23.06.20 - 12h05;23.06.20 - 12h04;227;1687255517695000000;28.3;3D3B8F7A9F26C007;1;-114;-17;-131.09;12;866.7;1;82;011b00c3fed3ff8bfd7a00fa0291b998002e1744110c;43.104664;3.020612;17;12;133.55;0.59;270.4;25;-0.301;-0.117;-0.646;-0.68;-1.76;-3.78
GNAT L082CZ - 07;3.95;23.06.20 - 12h07;23.06.20 - 12h07;133.01;1687255650701000000;28.3;3D3B8F7A9F26C007;1;-111;-18;-129.07;12;868.1;1;83;011b00c3fe8cff6afd3300f00291b9c0002e14ad1218;43.104704;3.019949;18;24;54.01;0.41;275.38;24;-0.372;-0.15;-0.717;-0.88;-2.17;-4.19
GNAT L082CZ - 07;3.95;23.06.20 - 12h09;23.06.20 - 12h08;119;1687255769697000000;28.7;3D3B8F7A9F26C007;2;-114;-13;-127.21;12;865.1;2;84;011f00c3fe93ff1efdc100f00291ba40002e10f11117;43.104832;3.018993;17;23;78.91;0.66;281.81;24;-0.365;-0.226;-0.575;-1.32;-2.13;-3.36
GNAT L082CZ - 07;3.95;23.06.20 - 12h13;23.06.20 - 12h13;245.02;1687256014717000000;28.7;3D3B8F7A9F26C007;1;-114;-16;-130.11;12;866.7;2;86;011f00c3fe69fe8ffddd00f00291b928002e1d3d1418;43.104552;3.022141;20;24;257.46;1.05;97.99;24;-0.407;-0.369;-0.547;-2.16;-2.38;-3.2
GNAT L082CZ - 07;3.95;23.06.20 - 12h19;23.06.20 - 12h19;356;1687256370717000000;28.3;3D3B8F7A9F26C007;1;-114;-17;-131.09;12;868.1;1;89;011b00c3015c004a043700fa0291ab98002e2a211418;43.10108;3.025441;20;24;469.92;1.32;148.86;25;0.348;0.074;1.079;0.43;2.03;6.31
GNAT L082CZ - 07;3.95;23.06.20 - 12h21;23.06.20 - 12h20;113;1687256483718000000;28.7;3D3B8F7A9F26C007;1;-115;-21;-136.03;12;867.7;1;90;011f00c3ff72fccb034000f00291a864002e268d1415;43.10026;3.024525;20;21;117.66;1.04;215.37;24;-0.142;-0.821;0.832;-4.8;-0.83;4.87
GNAT L082CZ - 07;3.95;23.06.20 - 12h27;23.06.20 - 12h27;360.99;1687256844706000000;29.1;3D3B8F7A9F26C007;1;-114;-20;-134.04;12;868.5;1;93;012300c301e0fd1f03a300fa0291a66c002e1f7b1317;43.099756;3.022715;19;23;157.28;0.44;246.29;25;0.48;-0.737;0.931;-4.31;2.8;5.45