GNAT L082CZ - 01;3.96;23.06.20 - 10h54;23.06.20 - 10h54;408042.39;1687251268291000000;34.6;3D3B8F7A9F26C001;1;-114;-17;-131.09;12;867.7;2;2;015a00c4fd3103cfffce01680291b0dc002e27b60f1a;43.102428;3.024822;15;26;89026.53;0.22;218.8;36;-0.719;0.975;-0.05;5.7;-4.2;-0.29
GNAT L082CZ - 01;3.96;23.06.20 - 10h59;23.06.20 - 10h58;276.94;1687251545232000000;35;3D3B8F7A9F26C001;1;-112;-19;-131.05;12;868.3;1;5;015e00c400bd0016037e014a0291afa8002e21dd113d;43.10212;3.023325;17;61;126.27;0.46;252.07;33;0.189;0.022;0.894;0.13;1.1;5.23
GNAT L082CZ - 01;3.96;23.06.20 - 11h01;23.06.20 - 11h00;117.07;1687251662306000000;35.4;3D3B8F7A9F26C001;1;-114;-18;-132.07;12;867.3;1;6;016200c400af001f03be01540291ad60002e1e741146;43.101536;3.022452;17;70;96.13;0.82;223.57;34;0.175;0.031;0.958;0.18;1.02;5.6
GNAT L082CZ - 01;3.94;23.06.20 - 11h04;23.06.20 - 11h03;181.11;1687251843414000000;35;3D3B8F7A9F26C001;1;-114;-18;-132.07;12;867.3;2;8;015e00c20078ffb403cb014a0291abe8002e226c0f1c;43.10116;3.023468;15;28;92.48;0.51;120.2;33;0.12;-0.076;0.971;-0.44;0.7;5.68
GNAT L082CZ - 01;3.96;23.06.20 - 11h09;23.06.20 - 11h08;325.83;1687252169242000000;33.3;3D3B8F7A9F26C001;1;-114;-18.5;-132.56;12;868.3;1;11;014d00c40077ffce03c301400291adbc002e1e460f0c;43.101628;3.022406;15;12;100.71;0.31;304.68;32;0.119;-0.05;0.963;-0.29;0.7;5.63
GNAT L082CZ - 01;3.96;23.06.20 - 11h11;23.06.20 - 11h10;117.43;1687252286669000000;33.7;3D3B8F7A9F26C001;1;-114;-17;-131.09;12;866.7;1;12;015100c40123ffa6039001400291ae44002e24260d18;43.101764;3.02391;13;24;123.04;1.05;81.95;32;0.291;-0.09;0.912;-0.53;1.7;5.33
GNAT L082CZ - 01;3.96;23.06.20 - 11h20;23.06.20 - 11h20;543.32;1687252829991000000;33.7;3D3B8F7A9F26C001;1;-113;-18;-131.07;12;865.1;2;18;015100c400e8ffd2037e01400291a898002e19f30f16;43.100312;3.021299;15;22;266.47;0.49;228.78;32;0.232;-0.046;0.894;-0.27;1.36;5.23
GNAT L082CZ - 01;3.96;23.06.20 - 11h23;23.06.20 - 11h23;205.72;1687253035710000000;32.1;3D3B8F7A9F26C001;1;-114;-18;-132.07;12;865.1;1;20;014100c40115ff79037201400291a38c002e1f231218;43.09902;3.022627;18;24;179.62;0.87;146.89;32;0.277;-0.135;0.882;-0.79;1.62;5.16
GNAT L082CZ - 01;3.96;23.06.20 - 11h27;23.06.20 - 11h27;241;1687253276709000000;32.5;3D3B8F7A9F26C001;1;-114;-21;-135.03;12;866.1;1;22;014500c40104fff203b801360291a158002e29a21215;43.098456;3.025314;18;21;227;0.94;108.37;31;0.26;-0.014;0.952;-0.08;1.52;5.57
GNAT L082CZ - 01;3.96;23.06.20 - 11h42;23.06.20 - 11h42;899;1687254175705000000;32.5;3D3B8F7A9F26C001;1;-114;-18;-132.07;12;865.3;2;30;014500c400e7ffb003aa01360291aa58002e23a91117;43.10076;3.023785;17;23;284.69;0.32;337.11;31;0.231;-0.08;0.938;-0.47;1.35;5.49
GNAT L082CZ - 01;3.96;23.06.20 - 11h54;23.06.20 - 11h51;719.02;1687254894720000000;32.5;3D3B8F7A9F26C001;1;-114;-19;-133.05;12;865.9;1;36;014500c400b0003003c9012c0291b920002e26cc1417;43.104544;3.024588;20;23;425.78;0.59;7.72;30;0.176;0.048;0.969;0.28;1.03;5.67
GNAT L082CZ - 01;3.96;23.06.20 - 11h58;23.06.20 - 11h58;228.99;1687255123710000000;31.6;3D3B8F7A9F26C001;1;-114;-17;-131.09;12;865.5;2;38;013c00c400ce00a103b101360291b994002e215a1218;43.10466;3.023194;18;24;113.9;0.5;277.39;31;0.206;0.161;0.945;0.94;1.2;5.53
GNAT L082CZ - 01;3.96;23.06.20 - 12h00;23.06.20 - 12h00;119.02;1687255242732000000;31.6;3D3B8F7A9F26C001;1;-112;-17;-129.09;12;868.3;1;39;013c00c400d8006103d2012c0291b970002e1f181316;43.104624;3.022616;19;22;47.09;0.4;264.42;30;0.216;0.097;0.978;0.57;1.26;5.72
GNAT L082CZ - 01;3.96;23.06.20 - 12h02;23.06.20 - 12h02;114.02;1687255356755000000;31.2;3D3B8F7A9F26C001;1;-114;-18;-132.07;12;867.5;1;40;013800c400f10057039a012c0291b9c4002e1bc51317;43.104708;3.021765;19;23;69.72;0.61;278.76;30;0.241;0.087;0.922;0.51;1.41;5.39
GNAT L082CZ - 01;3.96;23.06.20 - 12h04;23.06.20 - 12h04;118.96;1687255475716000000;31.2;3D3B8F7A9F26C001;1;-113;-16;-129.11;12;868.3;1;41;013800c400e4004b03a0012c0291b99c002e183d1316;43.104668;3.020861;19;22;73.53;0.62;266.02;30;0.228;0.075;0.928;0.44;1.33;5.43
GNAT L082CZ - 01;3.96;23.06.20 - 12h06;23.06.20 - 12h06;117.99;1687255593710000000;31.2;3D3B8F7A9F26C001;1;-116;-19;-135.05;12;867.7;2;42;013800c4011b002d0358012c0291b96c002e15df1216;43.10462;3.020255;18;22;49.49;0.42;262.92;30;0.283;0.045;0.856;0.26;1.65;5.01
GNAT L082CZ - 01;3.96;23.06.20 - 12h08;23.06.20 - 12h07;103.73;1687255697441000000;30.8;3D3B8F7A9F26C001;1;-115;-19;-134.05;12;868.3;2;43;013400c40121ffa503fc01220291c4d0002dfa921218;43.107536;3.013266;18;24;653.5;6.3;302.94;29;0.289;-0.091;1.02;-0.53;1.69;5.97
GNAT L082CZ - 01;3.95;23.06.20 - 12h09;23.06.20 - 12h09;77.38;1687255774817000000;32.1;3D3B8F7A9F26C001;1;-114;-18;-132.07;12;867.3;2;44;014100c30127000c037101220291ba04002e12301241;43.104772;3.019312;18;65;579.11;7.48;125.67;29;0.295;0.012;0.881;0.07;1.72;5.15
GNAT L082CZ - 01;3.96;23.06.20 - 12h14;23.06.20 - 12h14;285.84;1687256060657000000;31.2;3D3B8F7A9F26C001;2;-112;-13;-125.21;12;868.3;2;47;013800c40147ffe8037d012c0291c354002e05271316;43.107156;3.015975;19;22;379.03;1.33;318.07;30;0.327;-0.024;0.893;-0.14;1.91;5.22
GNAT L082CZ - 01;3.96;23.06.20 - 12h18;23.06.20 - 12h18;256.48;1687256317139000000;31.2;3D3B8F7A9F26C001;2;-114;-13;-127.21;12;865.3;3;50;013800c40085fe9a033a01220291af3c002e2c9c1345;43.102012;3.026076;19;69;999.82;3.9;128.78;29;0.133;-0.358;0.826;-2.09;0.78;4.83
GNAT L082CZ - 01;3.96;23.06.20 - 12h20;23.06.20 - 12h20;105.73;1687256422871000000;31.6;3D3B8F7A9F26C001;1;-113;-18;-131.07;12;868.1;2;51;013c00c4004dfe77033f012c0291ad88002e2c33131d;43.101576;3.025971;19;29;49.22;0.47;188.72;30;0.077;-0.393;0.831;-2.3;0.45;4.86
GNAT L082CZ - 01;3.96;23.06.20 - 12h21;23.06.20 - 12h21;95.41;1687256518285000000;30.8;3D3B8F7A9F26C001;3;-113;-10;-123.41;12;865.3;2;52;013400c40008fee603b3012c0291a80c002e266c131c;43.100172;3.024492;19;28;196.96;2.06;213.79;30;0.008;-0.282;0.947;-1.65;0.05;5.54
GNAT L082CZ - 01;3.95;23.06.20 - 12h23;23.06.20 - 12h23;85.24;1687256603527000000;32.5;3D3B8F7A9F26C001;1;-114;-17;-131.09;12;868.5;1;53;014500c3ffbefe42036901220291a7b8002e25f41317;43.100088;3.024372;19;23;13.5;0.16;222.23;29;-0.066;-0.446;0.873;-2.61;-0.39;5.11
GNAT L082CZ - 01;3.96;23.06.20 - 12h30;23.06.20 - 12h29;406.2;1687257009727000000;30.8;3D3B8F7A9F26C001;1;-110;-17;-127.09;12;868.3;1;57;013400c4fff4fea9039f01220291b724002dfe2e1417;43.104036;3.01419;20;23;935.99;2.3;301.11;29;-0.012;-0.343;0.927;-2;-0.07;5.42
GNAT L082CZ - 01;3.96;23.06.20 - 12h32;23.06.20 - 12h31;120.08;1687257129807000000;30.8;3D3B8F7A9F26C001;2;-113;-15;-128.14;12;866.7;2;58;013400c4004afee004c801220291cefc002de6001518;43.11014;3.008;21;24;844.51;7.03;326.85;29;0.074;-0.288;1.224;-1.68;0.43;7.17
GNAT L082CZ - 01;3.96;23.06.20 - 12h34;23.06.20 - 12h33;120.92;1687257250725000000;30.8;3D3B8F7A9F26C001;2;-112;-12;-124.27;12;868.1;1;59;013400c40005ff3d02e801220291ec3c002dcc0f1518;43.117628;3.001359;21;24;991.9;8.2;330.04;29;0.005;-0.195;0.744;-1.14;0.03;4.35