GNAT L082CZ - 08;3.93;23.06.21 - 11h55;23.06.21 - 11h54;129.45;1687341334694000000;29.5;3D3B8F7A9F26C008;2;-114;-13;-127.21;12;867.3;2;88;012700c1fe4b01f7035401040291acb0002e1b3d1117;43.10136;3.021629;17;23;24.31;0.19;192.36;26;-0.437;0.503;0.852;2.94;-2.55;4.98
GNAT L082CZ - 08;3.94;23.06.21 - 11h57;23.06.21 - 11h57;111.55;1687341446243000000;30.4;3D3B8F7A9F26C008;1;-116;-17;-133.09;12;868.3;1;89;013000c2013302a502df010e0291ac78002e1ae51116;43.101304;3.021541;17;22;9.48;0.08;225;27;0.307;0.677;0.735;3.96;1.79;4.3
GNAT L082CZ - 08;3.94;23.06.21 - 11h59;23.06.21 - 11h58;118.45;1687341564694000000;30;3D3B8F7A9F26C008;1;-114;-20;-134.04;12;867.3;1;90;012c00c2ff9400c403d6010e0291ac8c002e1a771117;43.101324;3.021431;17;23;9.2;0.08;285.94;27;-0.108;0.196;0.982;1.14;-0.63;5.75
GNAT L082CZ - 08;3.94;23.06.21 - 12h01;23.06.21 - 12h00;123;1687341687693000000;30;3D3B8F7A9F26C008;1;-113;-18;-131.07;12;868.5;1;91;012c00c2ffae014203c4010e0291ac64002e1a6a1118;43.101284;3.021418;17;24;4.57;0.04;191.69;27;-0.082;0.322;0.964;1.88;-0.48;5.64
GNAT L082CZ - 08;3.94;23.06.21 - 12h03;23.06.21 - 12h02;116.55;1687341804242000000;30;3D3B8F7A9F26C008;1;-116;-18;-134.07;12;867.3;1;92;012c00c2fffa00fb03c9010e0291ac90002e19791116;43.101328;3.021177;17;22;20.17;0.17;286;27;-0.006;0.251;0.969;1.47;-0.04;5.67
GNAT L082CZ - 08;3.93;23.06.21 - 12h07;23.06.21 - 12h06;240.46;1687342044700000000;30;3D3B8F7A9F26C008;1;-114;-19;-133.05;12;867.5;1;94;012c00c1000901800427010e0291ac78002e18311218;43.101304;3.020849;18;24;26.76;0.11;263.43;27;0.009;0.384;1.063;2.24;0.05;6.22
GNAT L082CZ - 08;3.94;23.06.21 - 12h11;23.06.21 - 12h10;241.99;1687342286694000000;30;3D3B8F7A9F26C008;1;-114;-18;-132.07;12;865.3;2;96;012c00c2ffe2010f03e5010e0291ac80002e178e1117;43.101312;3.020686;17;23;13.26;0.05;274.41;27;-0.03;0.271;0.997;1.58;-0.18;5.83
GNAT L082CZ - 08;3.94;23.06.21 - 12h15;23.06.21 - 12h14;242.01;1687342528702000000;30.8;3D3B8F7A9F26C008;1;-114;-17;-131.09;12;867.1;2;98;013400c2ffce00dd038e010e0291ac0c002e19331218;43.101196;3.021107;18;24;36.53;0.15;113.42;27;-0.05;0.221;0.91;1.29;-0.29;5.32
GNAT L082CZ - 08;3.94;23.06.21 - 12h27;23.06.21 - 12h26;715.01;1687343243709000000;30;3D3B8F7A9F26C008;1;-112;-20;-132.04;12;866.5;1;104;012c00c20002011f037201180291ac90002e138b1316;43.101328;3.019659;19;22;118.47;0.17;278.12;28;0.002;0.287;0.882;1.68;0.01;5.16
GNAT L082CZ - 08;3.94;23.06.21 - 12h31;23.06.21 - 12h30;239;1687343482710000000;30.8;3D3B8F7A9F26C008;1;-114;-22;-136.03;12;866.7;1;106;013400c2002500c9048b010e0291acb8002e12ba1317;43.101368;3.01945;19;23;17.54;0.07;286.73;27;0.037;0.201;1.163;1.17;0.22;6.81
GNAT L082CZ - 08;3.94;23.06.21 - 12h35;23.06.21 - 12h34;241;1687343723715000000;30.4;3D3B8F7A9F26C008;1;-114;-21;-135.03;12;865.5;1;108;013000c2ffeb010a034c010e0291aca8002e11ea1418;43.101352;3.019242;20;24;16.98;0.07;263.1;27;-0.021;0.266;0.844;1.55;-0.12;4.94
GNAT L082CZ - 08;3.94;23.06.21 - 12h39;23.06.21 - 12h38;238.99;1687343962709000000;30;3D3B8F7A9F26C008;1;-114;-18;-132.07;12;867.3;1;110;012c00c2ffdc013b03fa010e0291acac002e10d61315;43.101356;3.018966;19;21;22.41;0.09;271.3;27;-0.036;0.315;1.018;1.84;-0.21;5.96
GNAT L082CZ - 08;3.93;23.06.21 - 12h49;23.06.21 - 12h49;597;1687344559709000000;30.8;3D3B8F7A9F26C008;1;-114;-19;-133.05;12;868.5;1;115;013400c1ffd200b103e0010e0291ab84002e0f461317;43.10106;3.018566;19;23;46.24;0.08;220.68;27;-0.046;0.177;0.992;1.03;-0.27;5.8