GNAT L082CZ - 07;3.95;23.06.21 - 09h16;23.06.21 - 09h16;124.27;1687331795906000000;27.4;3D3B8F7A9F26C007;2;-114;-14;-128.17;12;868.5;2;3;011200c300faffc5040800e60291a6a4002e27630b1f;43.099812;3.024739;11;31;42.07;0.34;143.46;23;0.25;-0.059;1.032;-0.34;1.46;6.04
GNAT L082CZ - 07;3.95;23.06.21 - 09h18;23.06.21 - 09h16;120;1687331915906000000;27.8;3D3B8F7A9F26C007;1;-113;-23;-136.02;12;866.7;1;4;011600c30113fdcb048b00e60291ad80002e2fe9083c;43.101568;3.026921;8;60;263.65;2.2;38.36;23;0.275;-0.565;1.163;-3.3;1.61;6.81
GNAT L082CZ - 07;3.95;23.06.21 - 09h20;23.06.21 - 09h20;119.66;1687332035566000000;28.3;3D3B8F7A9F26C007;1;-113;-19;-132.05;12;868.1;1;5;011b00c3fea5ff8e039100f00291a754002e285e0921;43.099988;3.02499;9;33;235.47;1.97;217.81;24;-0.347;-0.114;0.913;-0.67;-2.03;5.34
GNAT L082CZ - 07;3.95;23.06.21 - 09h22;23.06.21 - 09h22;100.4;1687332135969000000;27.8;3D3B8F7A9F26C007;1;-114;-17;-131.09;12;865.5;3;6;011600c30041fef1042200f00291ac98002e2e670818;43.101336;3.026535;8;24;195.45;1.95;36.12;24;0.065;-0.271;1.058;-1.58;0.38;6.19
GNAT L082CZ - 07;3.95;23.06.21 - 09h30;23.06.21 - 09h29;480.67;1687332616642000000;27.4;3D3B8F7A9F26C007;1;-114;-19;-133.05;12;867.9;1;10;011200c30058fe8d04ad00dc0291c1b4002e4b330a14;43.10674;3.033907;10;20;848.1;1.76;41.22;22;0.088;-0.371;1.197;-2.17;0.51;7.01
GNAT L082CZ - 07;3.95;23.06.21 - 09h50;23.06.21 - 09h50;1222.24;1687333838886000000;27;3D3B8F7A9F26C007;1;-115;-20;-135.04;12;865.9;1;20;010e00c3006dfe97046000e60291a60c002e23d10920;43.09966;3.023825;9;32;1135.67;0.93;222.03;23;0.109;-0.361;1.12;-2.11;0.64;6.56
GNAT L082CZ - 07;3.95;23.06.21 - 09h54;23.06.21 - 09h54;226.75;1687334065638000000;27.4;3D3B8F7A9F26C007;1;-116;-17;-133.09;12;865.1;2;22;011200c3006cfea2044c00e60291a740002e23590917;43.099968;3.023705;9;23;35.61;0.16;346.1;23;0.108;-0.35;1.1;-2.04;0.63;6.44
GNAT L082CZ - 07;3.95;23.06.21 - 10h26;23.06.21 - 10h26;1910.37;1687335976008000000;27.8;3D3B8F7A9F26C007;1;-114;-21;-135.03;12;867.3;1;38;011600c30056fe7904dc00e60291ac50002e18160b18;43.101264;3.020822;11;24;274.87;0.14;305.2;23;0.086;-0.391;1.244;-2.28;0.5;7.29
GNAT L082CZ - 07;3.95;23.06.21 - 10h42;23.06.21 - 10h41;976.66;1687336952670000000;28.3;3D3B8F7A9F26C007;1;-114;-19;-133.05;12;867.3;2;46;011b00c30021fe37048300e60291a300002e214e0e17;43.09888;3.023182;14;23;327.09;0.33;147.88;23;0.033;-0.457;1.155;-2.67;0.19;6.76
GNAT L082CZ - 07;3.95;23.06.21 - 10h50;23.06.21 - 10h50;483.24;1687337435907000000;27.8;3D3B8F7A9F26C007;2;-114;-15;-129.14;12;867.3;2;50;011600c30038fe4e04f200e60291a0a4002e230d0f1d;43.098276;3.023629;15;29;76.34;0.16;154.86;23;0.056;-0.434;1.266;-2.54;0.33;7.41
GNAT L082CZ - 07;3.95;23.06.21 - 10h52;23.06.21 - 10h52;120;1687337555907000000;27.8;3D3B8F7A9F26C007;1;-114;-17;-131.09;12;868.5;1;51;011600c30059fe7804c100e60291a108002e229b0d41;43.098376;3.023515;13;65;14.47;0.12;324.14;23;0.089;-0.392;1.217;-2.29;0.52;7.13
