GNAT L082CZ - 03;3.92;23.06.21 - 10h56;23.06.21 - 10h56;249;1687337791699000000;27.4;3D3B8F7A9F26C003;2;-113;-15;-128.14;12;865.1;1;2;011200c0ff63fe9f03d201040291a534002e24971016;43.099444;3.024023;16;22;106.56;0.43;32.99;26;-0.157;-0.353;0.978;-2.06;-0.92;5.72
GNAT L082CZ - 03;3.91;23.06.21 - 10h58;23.06.21 - 10h58;115;1687337906696000000;27.4;3D3B8F7A9F26C003;2;-111;-12;-123.27;12;868.5;1;3;011200bfff40ffcf042501040291a4b4002e24e10d18;43.099316;3.024097;13;24;15.45;0.13;159.85;26;-0.192;-0.049;1.061;-0.29;-1.12;6.21
GNAT L082CZ - 03;3.91;23.06.21 - 11h04;23.06.21 - 11h04;362;1687338268699000000;27.4;3D3B8F7A9F26C003;1;-114;-16;-130.11;12;867.7;2;6;011200bfff1e002f041a01040291a420002e25071018;43.099168;3.024135;16;24;16.74;0.05;170.74;26;-0.226;0.047;1.05;0.27;-1.32;6.14
GNAT L082CZ - 03;3.91;23.06.21 - 11h06;23.06.21 - 11h06;119.55;1687338388245000000;27.4;3D3B8F7A9F26C003;2;-116;-13.75;-129.93;12;868.1;1;7;011200bffefe006003b301040291a3d8002e251d1118;43.099096;3.024157;17;24;8.2;0.07;169.02;26;-0.258;0.096;0.947;0.56;-1.51;5.54
GNAT L082CZ - 03;3.91;23.06.21 - 11h14;23.06.21 - 11h14;479.44;1687338867686000000;27;3D3B8F7A9F26C003;1;-112;-21;-133.03;12;868.3;1;11;010e00bffedc003603ad00fa0291a330002e25900f18;43.098928;3.024272;15;24;20.88;0.04;156.52;25;-0.292;0.054;0.941;0.32;-1.71;5.5
GNAT L082CZ - 03;3.91;23.06.21 - 11h16;23.06.21 - 11h16;122.01;1687338989699000000;27;3D3B8F7A9F26C003;2;-113;-15;-128.14;12;866.7;2;12;010e00bfff32002a03ca01040291a2e8002e25a31117;43.098856;3.024291;17;23;8.15;0.07;170.49;26;-0.206;0.042;0.97;0.25;-1.2;5.67
GNAT L082CZ - 03;3.91;23.06.21 - 11h18;23.06.21 - 11h18;118.02;1687339107719000000;27.4;3D3B8F7A9F26C003;1;-113;-19;-132.05;12;868.3;1;13;011200bffee1008c039901040291a2c4002e25871416;43.09882;3.024263;20;22;4.6;0.04;206.27;26;-0.287;0.14;0.921;0.82;-1.68;5.39
GNAT L082CZ - 03;3.91;23.06.21 - 11h22;23.06.21 - 11h22;240.56;1687339348278000000;27.8;3D3B8F7A9F26C003;1;-113;-16.5;-129.6;12;868.1;2;15;011600bffec0007a03fb01040291a270002e25c51518;43.098736;3.024325;21;24;10.61;0.04;154.91;26;-0.32;0.122;1.019;0.71;-1.87;5.96
GNAT L082CZ - 03;3.91;23.06.21 - 11h24;23.06.21 - 11h24;120.45;1687339468724000000;27;3D3B8F7A9F26C003;2;-114;-15;-129.14;12;867.9;1;16;010e00bffef9006c03e601040291a248002e25cd1518;43.098696;3.024333;21;24;4.49;0.04;172.77;26;-0.263;0.108;0.998;0.63;-1.54;5.84
GNAT L082CZ - 03;3.91;23.06.21 - 11h26;23.06.21 - 11h26;119.54;1687339588266000000;27.4;3D3B8F7A9F26C003;1;-116;-17;-133.09;12;868.5;2;17;011200bffef800b603fc01040291a218002e25f21416;43.098648;3.02437;20;22;6.12;0.05;153.94;26;-0.264;0.182;1.02;1.06;-1.54;5.97
GNAT L082CZ - 03;3.91;23.06.21 - 11h28;23.06.21 - 11h28;121.45;1687339709718000000;27.4;3D3B8F7A9F26C003;2;-114;-15;-129.14;12;866.7;2;18;011200bffee9005603bc01040291a1f8002e25e01418;43.098616;3.024352;20;24;3.85;0.03;199.64;26;-0.279;0.086;0.956;0.5;-1.63;5.59
GNAT L082CZ - 03;3.91;23.06.21 - 11h30;23.06.21 - 11h30;118.56;1687339828274000000;27.8;3D3B8F7A9F26C003;1;-116;-16.5;-132.6;12;868.3;1;19;011600bfff10002b03cd01040291a1cc002e26101518;43.098572;3.0244;21;24;6.26;0.05;145.32;26;-0.24;0.043;0.973;0.25;-1.4;5.69
GNAT L082CZ - 03;3.91;23.06.21 - 11h32;23.06.21 - 11h32;124.76;1687339953033000000;27.8;3D3B8F7A9F26C003;1;-114;-17;-131.09;12;865.3;1;20;011600bfff150092041201040291a254002e24ed121d;43.098708;3.024109;18;29;28.05;0.22;306.38;26;-0.235;0.146;1.042;0.85;-1.37;6.1