GNAT L082CZ - 08;3.93;23.06.21 - 09h11;23.06.21 - 09h10;246.01;1687331488677000000;27.4;3D3B8F7A9F26C008;4;-112;-3;-116.76;12;865.1;2;6;011200c10013017103c800f00291a80c002e27e80f18;43.100172;3.024872;15;24;59.61;0.24;21.6;24;0.019;0.369;0.968;2.16;0.11;5.66
GNAT L082CZ - 08;3.93;23.06.21 - 09h15;23.06.21 - 09h14;237.54;1687331726218000000;27.4;3D3B8F7A9F26C008;1;-116;-19;-135.05;12;867.3;1;8;011200c1ffcc00e803d100f00291a7dc002e270f0d17;43.100124;3.024655;13;23;18.41;0.08;250.8;24;-0.052;0.232;0.977;1.36;-0.3;5.72
GNAT L082CZ - 08;3.94;23.06.21 - 09h25;23.06.21 - 09h25;607.47;1687332333685000000;27.4;3D3B8F7A9F26C008;1;-114;-23;-137.02;12;868.3;1;13;011200c2ff8c0153041200e60291a77c002e23fa0f18;43.100028;3.023866;15;24;64.94;0.11;259.14;23;-0.116;0.339;1.042;1.98;-0.68;6.1
GNAT L082CZ - 08;3.93;23.06.21 - 09h31;23.06.21 - 09h31;359;1687332692686000000;27;3D3B8F7A9F26C008;1;-114;-20;-134.04;12;866.7;1;16;010e00c1ffdb00f303d700f00291a73c002e23900f18;43.099964;3.02376;15;24;11.17;0.03;226.46;24;-0.037;0.243;0.983;1.42;-0.22;5.75
GNAT L082CZ - 08;3.93;23.06.21 - 09h43;23.06.21 - 09h43;714;1687333406689000000;27.4;3D3B8F7A9F26C008;1;-114;-20;-134.04;12;866.7;1;22;011200c1ffba00d003a900f00291a670002e22a61018;43.09976;3.023526;16;24;29.59;0.04;216.08;24;-0.07;0.208;0.937;1.21;-0.41;5.48
GNAT L082CZ - 08;3.93;23.06.21 - 09h47;23.06.21 - 09h47;246;1687333652686000000;27.8;3D3B8F7A9F26C008;1;-114;-20;-134.04;12;865.9;1;24;011600c1ffca013f03d100f00291a624002e22260f18;43.099684;3.023398;15;24;13.39;0.05;226.93;24;-0.054;0.319;0.977;1.86;-0.32;5.72
GNAT L082CZ - 08;3.93;23.06.21 - 09h59;23.06.21 - 09h59;716;1687334368686000000;27.4;3D3B8F7A9F26C008;1;-114;-19;-133.05;12;867.3;2;30;011200c1ffd900f2038d00f00291a564002e21700f16;43.099492;3.023216;15;22;25.96;0.04;211.04;24;-0.039;0.242;0.909;1.41;-0.23;5.32
GNAT L082CZ - 08;3.93;23.06.21 - 10h03;23.06.21 - 10h02;245.99;1687334614675000000;27.4;3D3B8F7A9F26C008;1;-114;-18;-132.07;12;867.1;1;32;011200c1fff6017403ee00f00291a4f0002e213d0e18;43.099376;3.023165;14;24;13.55;0.06;195.6;24;-0.01;0.372;1.006;2.17;-0.06;5.89
GNAT L082CZ - 08;3.93;23.06.21 - 10h05;23.06.21 - 10h05;115.55;1687334730225000000;27.8;3D3B8F7A9F26C008;1;-116;-16.75;-132.84;12;868.3;1;33;011600c1ffeb011f040c00f00291a4c8002e21230f16;43.099336;3.023139;15;22;4.92;0.04;202.42;24;-0.021;0.287;1.036;1.68;-0.12;6.06
GNAT L082CZ - 08;3.93;23.06.21 - 10h07;23.06.21 - 10h06;119.45;1687334849678000000;27.8;3D3B8F7A9F26C008;1;-115;-19;-134.05;12;865.3;2;34;011600c1ffce00e703e800f00291a4a4002e21060f18;43.0993;3.02311;15;24;4.64;0.04;207.08;24;-0.05;0.231;1;1.35;-0.29;5.85
GNAT L082CZ - 08;3.93;23.06.21 - 10h09;23.06.21 - 10h08;120.55;1687334970225000000;27.8;3D3B8F7A9F26C008;1;-114;-19;-133.05;12;868.3;1;35;011600c1ffd900f7042000f00291a478002e20fa0f16;43.099256;3.023098;15;22;4.99;0.04;189.82;24;-0.039;0.247;1.056;1.44;-0.23;6.18