GNAT L082CZ - 09;3.78;23.06.22 - 15h20;23.06.22 - 15h20;151219.21;1687440036337000000;26.5;3D3B8F7A9F26C009;1;-116;-16.25;-132.35;12;868.1;1;630;010900b20022027704f500fa0291a288002d95620be7;43.09876;2.987362;11;231;1460.14;0.01;227.08;25;0.034;0.631;1.269;3.69;0.2;7.43
GNAT L082CZ - 09;3.77;23.06.22 - 15h45;23.06.22 - 15h44;1500.45;1687441536788000000;25.3;3D3B8F7A9F26C009;1;-114;-20;-134.04;12;867.3;2;635;00fd00b1fda302a900ab00e60291a288002d95620ee7;43.09876;2.987362;14;231;0;0;0;23;-0.605;0.681;0.171;3.98;-3.54;1
GNAT L082CZ - 09;3.77;23.06.22 - 15h50;23.06.22 - 15h50;300;1687441836788000000;25.7;3D3B8F7A9F26C009;1;-114;-18;-132.07;12;865.5;1;636;010100b100300240047f00e60291a288002d95620de7;43.09876;2.987362;13;231;0;0;0;23;0.048;0.576;1.151;3.37;0.28;6.74
GNAT L082CZ - 09;3.78;23.06.22 - 15h55;23.06.22 - 15h54;300;1687442136787000000;25.3;3D3B8F7A9F26C009;1;-114;-18;-132.07;12;865.9;1;637;00fd00b200160281047b00e60291a288002d95620ce7;43.09876;2.987362;12;231;0;0;0;23;0.022;0.641;1.147;3.75;0.13;6.71
GNAT L082CZ - 09;3.78;23.06.22 - 16h00;23.06.22 - 16h00;300;1687442436787000000;26.1;3D3B8F7A9F26C009;1;-114;-17;-131.09;12;865.3;1;638;010500b2fe36039902fb00e60291a288002d956209e7;43.09876;2.987362;9;231;0;0;0;23;-0.458;0.921;0.763;5.39;-2.68;4.46
GNAT L082CZ - 09;3.78;23.06.22 - 16h20;23.06.22 - 16h18;1200;1687443636786000000;25.3;3D3B8F7A9F26C009;1;-114;-18;-132.07;12;867.3;1;642;00fd00b2000f025e04eb00e60291a288002d95620ee7;43.09876;2.987362;14;231;0;0;0;23;0.015;0.606;1.259;3.54;0.09;7.37
GNAT L082CZ - 09;3.78;23.06.22 - 16h45;23.06.22 - 16h42;1500;1687445136785000000;27.4;3D3B8F7A9F26C009;2;-114;-15;-129.14;12;865.5;2;647;011200b200a20296048800fa0291a288002d95620ce7;43.09876;2.987362;12;231;0;0;0;25;0.162;0.662;1.16;3.87;0.95;6.79
GNAT L082CZ - 09;3.77;23.06.22 - 17h05;23.06.22 - 17h00;1200;1687446336784000000;27.4;3D3B8F7A9F26C009;1;-106;-24;-130.02;12;867.3;1;651;011200b1ff51029f057500f00291a288002d95620ce7;43.09876;2.987362;12;231;0;0;0;24;-0.175;0.671;1.397;3.92;-1.02;8.19
GNAT L082CZ - 09;3.78;23.06.22 - 17h15;23.06.22 - 17h05;600;1687446936784000000;27;3D3B8F7A9F26C009;1;-114;-16;-130.11;12;865.9;1;653;010e00b2fe890363035000fa0291a288002d95620ee7;43.09876;2.987362;14;231;0;0;0;25;-0.375;0.867;0.848;5.07;-2.19;4.96
GNAT L082CZ - 09;3.78;23.06.22 - 17h30;23.06.22 - 17h22;900;1687447836783000000;27.4;3D3B8F7A9F26C009;1;-114;-16;-130.11;12;867.7;2;656;011200b2ff0e029c02fe00f00291a288002d95620ee7;43.09876;2.987362;14;231;0;0;0;24;-0.242;0.668;0.766;3.9;-1.41;4.48
GNAT L082CZ - 09;3.77;23.06.22 - 18h05;23.06.22 - 17h30;2100;1687449936782000000;27.8;3D3B8F7A9F26C009;1;-114;-18;-132.07;12;865.5;2;663;011600b1fddf02a901da00fa0291a288002d95620be7;43.09876;2.987362;11;231;0;0;0;25;-0.545;0.681;0.474;3.98;-3.18;2.77
GNAT L082CZ - 09;3.77;23.06.22 - 20h05;23.06.22 - 19h36;7199.99;1687457136777000000;25.7;3D3B8F7A9F26C009;1;-113;-19;-132.05;12;868.3;1;687;010100b1ffe602b103e900e60291a288002d95620ce7;43.09876;2.987362;12;231;0;0;0;23;-0.026;0.689;1.001;4.03;-0.15;5.86
GNAT L082CZ - 09;3.76;23.06.22 - 20h15;23.06.22 - 20h12;600;1687457736776000000;25.3;3D3B8F7A9F26C009;1;-114;-19;-133.05;12;867.9;1;689;00fd00b0fe6d031d01d800e60291a288002d95620de7;43.09876;2.987362;13;231;0;0;0;23;-0.403;0.797;0.472;4.66;-2.35;2.76
GNAT L082CZ - 09;3.77;23.06.22 - 20h20;23.06.22 - 20h15;300;1687458036776000000;25.7;3D3B8F7A9F26C009;1;-114;-16;-130.11;12;867.1;1;690;010100b1ffc6024c031500e60291a288002d95620ce7;43.09876;2.987362;12;231;0;0;0;23;-0.058;0.588;0.789;3.44;-0.34;4.61
GNAT L082CZ - 09;3.76;23.06.22 - 20h30;23.06.22 - 20h24;600;1687458636775000000;25.3;3D3B8F7A9F26C009;1;-114;-17;-131.09;12;866.7;1;692;00fd00b0002b027e04a300e60291a288002d95620de7;43.09876;2.987362;13;231;0;0;0;23;0.043;0.638;1.187;3.73;0.25;6.95
GNAT L082CZ - 09;3.76;23.06.22 - 20h35;23.06.22 - 20h30;300;1687458936775000000;25.3;3D3B8F7A9F26C009;2;-114;-15;-129.14;12;866.7;1;693;00fd00b0ffda022604be00dc0291a288002d95620ce7;43.09876;2.987362;12;231;0;0;0;22;-0.038;0.55;1.214;3.21;-0.22;7.11
GNAT L082CZ - 09;3.76;23.06.22 - 21h20;23.06.22 - 20h35;2700;1687461636773000000;24.4;3D3B8F7A9F26C009;1;-114;-16;-130.11;12;865.3;1;702;00f400b0ff9d02b5046b00d20291a288002d956209e7;43.09876;2.987362;9;231;0;0;0;21;-0.099;0.693;1.131;4.05;-0.58;6.62
GNAT L082CZ - 09;3.76;23.06.22 - 21h50;23.06.22 - 21h20;1800;1687463436771000000;24;3D3B8F7A9F26C009;1;-114;-21;-135.03;12;866.7;1;708;00f000b0ff7e02ba039200d20291a288002d956207e7;43.09876;2.987362;7;231;0;0;0;21;-0.13;0.698;0.914;4.08;-0.76;5.35
GNAT L082CZ - 09;3.76;23.06.22 - 22h05;23.06.22 - 21h50;900;1687464336770000000;24.4;3D3B8F7A9F26C009;1;-114;-17;-131.09;12;865.3;1;711;00f400b0005202bf04d700d20291a288002d95620ae7;43.09876;2.987362;10;231;0;0;0;21;0.082;0.703;1.239;4.11;0.48;7.26
GNAT L082CZ - 09;3.76;23.06.22 - 22h25;23.06.22 - 22h05;1200;1687465536769000000;24.4;3D3B8F7A9F26C009;1;-114;-16;-130.11;12;867.7;2;715;00f400b00139019f04be00d20291a288002d956208e7;43.09876;2.987362;8;231;0;0;0;21;0.313;0.415;1.214;2.42;1.83;7.11
GNAT L082CZ - 09;3.76;23.06.22 - 22h40;23.06.22 - 22h25;900;1687466436768000000;24;3D3B8F7A9F26C009;1;-114;-17;-131.09;12;865.1;2;718;00f000b0fe550394037100d20291a288002d956209e7;43.09876;2.987362;9;231;0;0;0;21;-0.427;0.916;0.881;5.36;-2.49;5.15
GNAT L082CZ - 09;3.75;23.06.22 - 23h15;23.06.22 - 22h40;2100;1687468536766000000;24;3D3B8F7A9F26C009;1;-114;-18;-132.07;12;867.1;1;725;00f000afffc70181045700d20291a288002d956209e7;43.09876;2.987362;9;231;0;0;0;21;-0.057;0.385;1.111;2.25;-0.33;6.5
GNAT L082CZ - 09;3.75;23.06.22 - 23h40;23.06.22 - 23h15;1500;1687470036764000000;23.6;3D3B8F7A9F26C009;1;-111;-17;-128.09;12;866.3;1;730;00ec00affe38034302d000d20291a288002d95620ae7;43.09876;2.987362;10;231;0;0;0;21;-0.456;0.835;0.72;4.88;-2.66;4.21
GNAT L082CZ - 09;3.75;23.06.22 - 23h55;23.06.22 - 23h48;900;1687470936764000000;24;3D3B8F7A9F26C009;1;-114;-21;-135.03;12;865.9;1;733;00f000af005302d404f300d20291a288002d956208e7;43.09876;2.987362;8;231;0;0;0;21;0.083;0.724;1.267;4.23;0.48;7.42
GNAT L082CZ - 09;3.75;23.06.23 - 00h00;23.06.22 - 23h55;300;1687471236763000000;23.6;3D3B8F7A9F26C009;2;-114;-15;-129.14;12;865.1;2;734;00ec00af0033024f042c00d20291a288002d956207e7;43.09876;2.987362;7;231;0;0;0;21;0.051;0.591;1.068;3.45;0.3;6.25
GNAT L082CZ - 09;3.75;23.06.23 - 00h40;23.06.23 - 00h00;2400;1687473636761000000;24;3D3B8F7A9F26C009;1;-113;-17;-130.09;12;868.1;2;742;00f000afff55028302e800c80291a288002d956206e7;43.09876;2.987362;6;231;0;0;0;20;-0.171;0.643;0.744;3.76;-1;4.35
GNAT L082CZ - 09;3.75;23.06.23 - 00h45;23.06.23 - 00h40;300;1687473936761000000;24;3D3B8F7A9F26C009;2;-113;-15;-128.14;12;865.5;1;743;00f000af0046024e040d00d20291a288002d956204e7;43.09876;2.987362;4;231;0;0;0;21;0.07;0.59;1.037;3.45;0.41;6.07
GNAT L082CZ - 09;3.75;23.06.23 - 01h05;23.06.23 - 00h45;1200;1687475136760000000;24;3D3B8F7A9F26C009;1;-114;-16;-130.11;12;867.3;2;747;00f000af0002021b048f00c80291a288002d956205e7;43.09876;2.987362;5;231;0;0;0;20;0.002;0.539;1.167;3.15;0.01;6.83
GNAT L082CZ - 09;3.75;23.06.23 - 01h10;23.06.23 - 01h05;300;1687475436759000000;23.6;3D3B8F7A9F26C009;1;-114;-16;-130.11;12;865.5;2;748;00ec00afff8602c1044500c80291a288002d956205e7;43.09876;2.987362;5;231;0;0;0;20;-0.122;0.705;1.093;4.12;-0.71;6.4
GNAT L082CZ - 09;3.75;23.06.23 - 01h15;23.06.23 - 01h12;299.55;1687475736307000000;23.6;3D3B8F7A9F26C009;2;-116;-14.5;-130.65;12;866.1;1;749;00ec00afffec0238054e00c80291a288002d956206e7;43.09876;2.987362;6;231;0;0;0;20;-0.02;0.568;1.358;3.32;-0.12;7.96
GNAT L082CZ - 09;3.75;23.06.23 - 01h35;23.06.23 - 01h34;1200.45;1687476936758000000;23.1;3D3B8F7A9F26C009;1;-114;-16;-130.11;12;865.1;1;753;00e700affd1f032c005100c80291a288002d956206e7;43.09876;2.987362;6;231;0;0;0;20;-0.737;0.812;0.081;4.75;-4.31;0.47
GNAT L082CZ - 09;3.75;23.06.23 - 01h55;23.06.23 - 01h52;1200;1687478136757000000;23.6;3D3B8F7A9F26C009;1;-114;-16;-130.11;12;866.7;2;757;00ec00afff1f02a003ee00c80291a288002d956207e7;43.09876;2.987362;7;231;0;0;0;20;-0.225;0.672;1.006;3.93;-1.31;5.89
GNAT L082CZ - 09;3.75;23.06.23 - 02h00;23.06.23 - 02h00;300;1687478436757000000;23.1;3D3B8F7A9F26C009;1;-113;-21;-134.03;12;868.1;1;758;00e700afffae0298039f00c80291a288002d956206e7;43.09876;2.987362;6;231;0;0;0;20;-0.082;0.664;0.927;3.88;-0.48;5.42
GNAT L082CZ - 09;3.75;23.06.23 - 02h25;23.06.23 - 02h24;1500;1687479936756000000;22.7;3D3B8F7A9F26C009;2;-114;-14;-128.17;12;867.3;1;763;00e300af003702eb02f700c80291a288002d956207e7;43.09876;2.987362;7;231;0;0;0;20;0.055;0.747;0.759;4.37;0.32;4.44
GNAT L082CZ - 09;3.75;23.06.23 - 02h30;23.06.23 - 02h30;300;1687480236755000000;23.1;3D3B8F7A9F26C009;1;-114;-16;-130.11;12;865.5;2;764;00e700affe2e03d1037400c80291a288002d956207e7;43.09876;2.987362;7;231;0;0;0;20;-0.466;0.977;0.884;5.72;-2.72;5.17
GNAT L082CZ - 09;3.74;23.06.23 - 02h40;23.06.23 - 02h36;600;1687480836755000000;22.3;3D3B8F7A9F26C009;2;-113;-13;-126.21;12;865.1;2;766;00df00aeffc102c002f300c80291a288002d956207e7;43.09876;2.987362;7;231;0;0;0;20;-0.063;0.704;0.755;4.12;-0.37;4.41
GNAT L082CZ - 09;3.74;23.06.23 - 02h45;23.06.23 - 02h40;300;1687481136754000000;23.1;3D3B8F7A9F26C009;1;-114;-19;-133.05;12;868.5;1;767;00e700ae007b0283043e00be0291a288002d956207e7;43.09876;2.987362;7;231;0;0;0;19;0.123;0.643;1.086;3.76;0.72;6.36
GNAT L082CZ - 09;3.74;23.06.23 - 02h50;23.06.23 - 02h46;300;1687481436754000000;23.1;3D3B8F7A9F26C009;1;-114;-16;-130.11;12;867.7;2;768;00e700ae0063022104e000c80291a288002d956207e7;43.09876;2.987362;7;231;0;0;0;20;0.099;0.545;1.248;3.18;0.58;7.31
GNAT L082CZ - 09;3.75;23.06.23 - 02h55;23.06.23 - 02h50;300;1687481736754000000;22.7;3D3B8F7A9F26C009;2;-114;-15;-129.14;12;865.1;2;769;00e300af002d029603a300be0291a288002d956208e7;43.09876;2.987362;8;231;0;0;0;19;0.045;0.662;0.931;3.87;0.26;5.45
GNAT L082CZ - 09;3.75;23.06.23 - 03h00;23.06.23 - 02h55;300;1687482036754000000;23.1;3D3B8F7A9F26C009;1;-113;-16;-129.11;12;867.3;1;770;00e700affedb02db035300be0291a288002d956207e7;43.09876;2.987362;7;231;0;0;0;19;-0.293;0.731;0.851;4.27;-1.71;4.98
GNAT L082CZ - 09;3.75;23.06.23 - 03h05;23.06.23 - 03h00;300;1687482336754000000;23.1;3D3B8F7A9F26C009;2;-112;-15;-127.14;12;866.5;1;771;00e700af0051021f040100be0291a288002d956207e7;43.09876;2.987362;7;231;0;0;0;19;0.081;0.543;1.025;3.17;0.47;6
GNAT L082CZ - 09;3.74;23.06.23 - 03h10;23.06.23 - 03h05;300;1687482636753000000;22.7;3D3B8F7A9F26C009;2;-113;-13;-126.21;12;866.7;2;772;00e300ae001101f604c400be0291a288002d956207e7;43.09876;2.987362;7;231;0;0;0;19;0.017;0.502;1.22;2.93;0.1;7.14
GNAT L082CZ - 09;3.74;23.06.23 - 03h15;23.06.23 - 03h10;300;1687482936753000000;22.7;3D3B8F7A9F26C009;2;-114;-15;-129.14;12;866.7;2;773;00e300ae000401d3045d00be0291a288002d956207e7;43.09876;2.987362;7;231;0;0;0;19;0.004;0.467;1.117;2.73;0.02;6.54
GNAT L082CZ - 09;3.75;23.06.23 - 03h25;23.06.23 - 03h15;600;1687483536752000000;22.7;3D3B8F7A9F26C009;2;-113;-15;-128.14;12;865.3;2;775;00e300af0039021f048500be0291a288002d956209e7;43.09876;2.987362;9;231;0;0;0;19;0.057;0.543;1.157;3.17;0.33;6.77
GNAT L082CZ - 09;3.74;23.06.23 - 03h30;23.06.23 - 03h25;300;1687483836752000000;22.7;3D3B8F7A9F26C009;1;-112;-17;-129.09;12;866.5;1;776;00e300aeff92025804b500be0291a288002d956208e7;43.09876;2.987362;8;231;0;0;0;19;-0.11;0.6;1.205;3.51;-0.64;7.06
GNAT L082CZ - 09;3.74;23.06.23 - 03h45;23.06.23 - 03h30;899.55;1687484736300000000;22.7;3D3B8F7A9F26C009;1;-119;-16.75;-135.84;12;867.7;2;779;00e300aeffb00219047600c80291a288002d956209e7;43.09876;2.987362;9;231;0;0;0;20;-0.08;0.537;1.142;3.14;-0.47;6.69
GNAT L082CZ - 09;3.74;23.06.23 - 03h50;23.06.23 - 03h45;300.45;1687485036751000000;22.3;3D3B8F7A9F26C009;2;-113;-14;-127.17;12;865.5;1;780;00df00ae001501f0041100be0291a288002d95620ae7;43.09876;2.987362;10;231;0;0;0;19;0.021;0.496;1.041;2.9;0.12;6.09
GNAT L082CZ - 09;3.74;23.06.23 - 03h55;23.06.23 - 03h50;300;1687485336751000000;22.7;3D3B8F7A9F26C009;1;-113;-19;-132.05;12;865.9;2;781;00e300aeff62026c045800be0291a288002d95620be7;43.09876;2.987362;11;231;0;0;0;19;-0.158;0.62;1.112;3.62;-0.92;6.51
GNAT L082CZ - 09;3.74;23.06.23 - 04h00;23.06.23 - 03h55;300;1687485636751000000;22.3;3D3B8F7A9F26C009;1;-113;-16;-129.11;12;865.1;2;782;00df00ae001d029e049400be0291a288002d95620ae7;43.09876;2.987362;10;231;0;0;0;19;0.029;0.67;1.172;3.92;0.17;6.86
GNAT L082CZ - 09;3.74;23.06.23 - 04h05;23.06.23 - 04h00;300;1687485936750000000;22.7;3D3B8F7A9F26C009;1;-113;-18;-131.07;12;868.3;1;783;00e300aeffd1021e038d00be0291a288002d956209e7;43.09876;2.987362;9;231;0;0;0;19;-0.047;0.542;0.909;3.17;-0.27;5.32
GNAT L082CZ - 09;3.74;23.06.23 - 04h10;23.06.23 - 04h05;300;1687486236750000000;22.7;3D3B8F7A9F26C009;2;-114;-14;-128.17;12;867.7;2;784;00e300aeff870327036100be0291a288002d95620be7;43.09876;2.987362;11;231;0;0;0;19;-0.121;0.807;0.865;4.72;-0.71;5.06
GNAT L082CZ - 09;3.74;23.06.23 - 04h15;23.06.23 - 04h10;300;1687486536750000000;22.7;3D3B8F7A9F26C009;2;-114;-15;-129.14;12;865.1;2;785;00e300aeff5002a5036900be0291a288002d956209e7;43.09876;2.987362;9;231;0;0;0;19;-0.176;0.677;0.873;3.96;-1.03;5.11
GNAT L082CZ - 09;3.74;23.06.23 - 04h20;23.06.23 - 04h15;300;1687486836750000000;22.3;3D3B8F7A9F26C009;1;-114;-17;-131.09;12;867.3;1;786;00df00aeffe8024c042800be0291a288002d95620ae7;43.09876;2.987362;10;231;0;0;0;19;-0.024;0.588;1.064;3.44;-0.14;6.23
GNAT L082CZ - 09;3.74;23.06.23 - 04h30;23.06.23 - 04h20;600;1687487436749000000;22.7;3D3B8F7A9F26C009;2;-114;-15;-129.14;12;868.5;1;788;00e300aeff0202e9030d00be02916e4c002e161c0b9a;43.085388;3.020316;11;154;3061.25;5.1;123.55;19;-0.254;0.745;0.781;4.36;-1.48;4.57
GNAT L082CZ - 09;3.74;23.06.23 - 04h35;23.06.23 - 04h30;300;1687487736749000000;22.7;3D3B8F7A9F26C009;2;-113;-14;-127.17;12;866.7;2;789;00e300aeffd9029a050500be02916e58002e16310d4b;43.0854;3.020337;13;75;2.17;0.01;47.52;19;-0.039;0.666;1.285;3.89;-0.23;7.53
GNAT L082CZ - 09;3.74;23.06.23 - 04h40;23.06.23 - 04h35;299.97;1687488036722000000;22.3;3D3B8F7A9F26C009;1;-110;-22;-132.03;12;868.3;1;790;00df00aeffce0223051e00be02916de0002e13890a6c;43.08528;3.019657;10;108;56.81;0.19;254.19;19;-0.05;0.547;1.31;3.2;-0.29;7.67
GNAT L082CZ - 09;3.74;23.06.23 - 04h45;23.06.23 - 04h40;296.92;1687488333646000000;22.3;3D3B8F7A9F26C009;1;-114;-16;-130.11;12;865.3;2;791;00df00ae00070258042900be02916d64002e13a30a18;43.085156;3.019683;10;24;13.95;0.05;172.55;19;0.007;0.6;1.065;3.51;0.04;6.23
GNAT L082CZ - 09;3.74;23.06.23 - 04h50;23.06.23 - 04h45;303.07;1687488636721000000;22.3;3D3B8F7A9F26C009;2;-114;-15;-129.14;12;867.5;1;792;00df00ae0073027c03e100be02916e2c002e14980e1d;43.085356;3.019928;14;29;29.84;0.1;37.4;19;0.115;0.636;0.993;3.72;0.67;5.81
GNAT L082CZ - 09;3.74;23.06.23 - 05h00;23.06.23 - 04h50;600;1687489236719000000;22.7;3D3B8F7A9F26C009;2;-113;-15;-128.14;12;866.3;1;794;00e300ae00760311045100be02916d84002e15190ad8;43.085188;3.020057;10;216;21.42;0.04;154.4;19;0.118;0.785;1.105;4.59;0.69;6.47
GNAT L082CZ - 09;3.73;23.06.23 - 05h10;23.06.23 - 05h00;600;1687489836719000000;22.7;3D3B8F7A9F26C009;1;-114;-18;-132.07;12;865.5;2;796;00e300ad001302b0043200be02916d68002e15b90d78;43.08516;3.020217;13;120;13.36;0.02;105.67;19;0.019;0.688;1.074;4.02;0.11;6.29
GNAT L082CZ - 09;3.73;23.06.23 - 05h15;23.06.23 - 05h10;300;1687490136717000000;21.9;3D3B8F7A9F26C009;1;-114;-17;-131.09;12;865.9;2;797;00db00ad0029027f042100be02916c44002e14ec0b6b;43.084868;3.020012;11;107;36.49;0.12;203.64;19;0.041;0.639;1.057;3.73;0.24;6.19
GNAT L082CZ - 09;3.74;23.06.23 - 05h20;23.06.23 - 05h15;300;1687490436717000000;22.3;3D3B8F7A9F26C009;2;-113;-15;-128.14;12;865.3;2;798;00df00ae003b021c042500be02916c20002e15480a5a;43.084832;3.020104;10;90;8.48;0.03;122.11;19;0.059;0.54;1.061;3.16;0.34;6.21
GNAT L082CZ - 09;3.73;23.06.23 - 05h25;23.06.23 - 05h20;300;1687490736717000000;21.9;3D3B8F7A9F26C009;1;-109;-21;-130.03;12;868.3;1;799;00db00adff5d0236036600be02916c9c002e15f00c4a;43.084956;3.020272;12;74;19.4;0.06;40.2;19;-0.163;0.566;0.87;3.31;-0.95;5.09
GNAT L082CZ - 09;3.73;23.06.23 - 05h40;23.06.23 - 05h25;900;1687491636715000000;22.3;3D3B8F7A9F26C009;1;-114;-16;-130.11;12;867.1;2;802;00df00ad00480294048f00be02916c38002e16250b2e;43.084856;3.020325;11;46;11.92;0.01;161.71;19;0.072;0.66;1.167;3.86;0.42;6.83
GNAT L082CZ - 09;3.73;23.06.23 - 05h50;23.06.23 - 05h40;586.93;1687492223642000000;22.3;3D3B8F7A9F26C009;2;-114;-15;-129.14;12;866.7;2;804;00df00ad0050023204e000b402916c48002e16bb0a18;43.084872;3.020475;10;24;12.31;0.02;80.3;18;0.08;0.562;1.248;3.28;0.47;7.31
GNAT L082CZ - 09;3.73;23.06.23 - 05h55;23.06.23 - 05h50;301.99;1687492525629000000;22.3;3D3B8F7A9F26C009;1;-113;-19;-132.05;12;866.7;1;805;00df00ad007002b2040800b402916e78002e16900817;43.085432;3.020432;8;23;62.37;0.21;357.26;18;0.112;0.69;1.032;4.03;0.65;6.04
GNAT L082CZ - 09;3.73;23.06.23 - 06h00;23.06.23 - 05h55;294.17;1687492819796000000;22.3;3D3B8F7A9F26C009;1;-112;-21;-133.03;12;868.1;1;806;00df00adffd601ae045b00b4029172c8002e16200917;43.086536;3.02032;9;23;123.1;0.42;356.37;18;-0.042;0.43;1.115;2.51;-0.25;6.53
GNAT L082CZ - 09;3.73;23.06.23 - 06h05;23.06.23 - 06h00;316.76;1687493136552000000;21.9;3D3B8F7A9F26C009;2;-113;-14;-127.17;12;865.3;1;807;00db00ad000c021c043d00b402916c78002e17990b1b;43.08492;3.020697;11;27;182.28;0.58;171.72;18;0.012;0.54;1.085;3.16;0.07;6.35
GNAT L082CZ - 09;3.73;23.06.23 - 06h15;23.06.23 - 06h05;586.24;1687493722797000000;21.9;3D3B8F7A9F26C009;1;-110;-20;-130.04;12;868.1;2;809;00db00adfdd90375033400be02917350002e157a0918;43.086672;3.020154;9;24;199.74;0.34;349.04;19;-0.551;0.885;0.82;5.18;-3.22;4.79
GNAT L082CZ - 09;3.73;23.06.23 - 06h25;23.06.23 - 06h15;609.85;1687494332648000000;21.9;3D3B8F7A9F26C009;1;-114;-17;-131.09;12;867.7;2;811;00db00adffdc025f03f100b402916f74002e16450b18;43.085684;3.020357;11;24;111.09;0.18;172.69;18;-0.036;0.607;1.009;3.55;-0.21;5.9
GNAT L082CZ - 09;3.73;23.06.23 - 06h30;23.06.23 - 06h25;296;1687494628648000000;21.9;3D3B8F7A9F26C009;2;-113;-15;-128.14;12;865.5;2;812;00db00ad00a80309040300b402916e6c002e170c0b18;43.08542;3.020556;11;24;33.51;0.11;154.81;18;0.168;0.777;1.027;4.54;0.98;6.01
GNAT L082CZ - 09;3.73;23.06.23 - 06h35;23.06.23 - 06h30;303.99;1687494932637000000;21.9;3D3B8F7A9F26C009;2;-113;-15;-128.14;12;866.1;1;813;00db00ad00db030603b300be02916fb0002e16930918;43.085744;3.020435;9;24;37.34;0.12;346.88;19;0.219;0.774;0.947;4.53;1.28;5.54
GNAT L082CZ - 09;3.73;23.06.23 - 06h40;23.06.23 - 06h35;301.02;1687495233654000000;21.9;3D3B8F7A9F26C009;1;-113;-17;-130.09;12;865.3;2;814;00db00ad0009032903d700b402916f24002e171c0c18;43.085604;3.020572;12;24;19.13;0.06;148.58;18;0.009;0.809;0.983;4.73;0.05;5.75
GNAT L082CZ - 09;3.73;23.06.23 - 06h45;23.06.23 - 06h40;298.54;1687495532192000000;21.9;3D3B8F7A9F26C009;2;-114;-14.25;-128.41;12;868.3;1;815;00db00ad0128032004ae00b402916eec002e174b0a18;43.085548;3.020619;10;24;7.3;0.02;152.35;18;0.296;0.8;1.198;4.68;1.73;7.01
GNAT L082CZ - 09;3.73;23.06.23 - 06h50;23.06.23 - 06h45;300.46;1687495832653000000;22.3;3D3B8F7A9F26C009;1;-114;-18;-132.07;12;867.9;2;816;00df00ad0013029403e100b402916ef8002e17a00b18;43.08556;3.020704;11;24;7.03;0.02;77.26;18;0.019;0.66;0.993;3.86;0.11;5.81
GNAT L082CZ - 09;3.73;23.06.23 - 06h55;23.06.23 - 06h50;301;1687496133649000000;21.9;3D3B8F7A9F26C009;2;-113;-14;-127.17;12;865.1;1;817;00db00ad00c302bf047600b402916d40002e19070b18;43.08512;3.021063;11;24;56.95;0.19;153.03;18;0.195;0.703;1.142;4.11;1.14;6.69
GNAT L082CZ - 09;3.73;23.06.23 - 07h10;23.06.23 - 06h55;903.06;1687497036706000000;22.3;3D3B8F7A9F26C009;2;-113;-15;-128.14;12;866.7;1;820;00df00ad001e02ec045b00be02916df8002e1a220b25;43.085304;3.021346;11;37;30.77;0.03;43.82;19;0.03;0.748;1.115;4.37;0.18;6.53
GNAT L082CZ - 09;3.73;23.06.23 - 07h15;23.06.23 - 07h10;300;1687497336705000000;22.7;3D3B8F7A9F26C009;1;-114;-19;-133.05;12;867.1;1;821;00e300ad007102bc04a100be02916e00002e1adc0b19;43.085312;3.021532;11;25;15.13;0.05;86.06;19;0.113;0.7;1.185;4.09;0.66;6.94
GNAT L082CZ - 09;3.73;23.06.23 - 07h25;23.06.23 - 07h15;586.92;1687497923628000000;22.7;3D3B8F7A9F26C009;2;-114;-15;-129.14;12;865.5;2;823;00e300ad004101f7048700be02916d90002e1bed0817;43.0852;3.021805;8;23;25.43;0.04;123.33;19;0.065;0.503;1.159;2.94;0.38;6.79
GNAT L082CZ - 09;3.73;23.06.23 - 07h30;23.06.23 - 07h25;298;1687498221623000000;22.3;3D3B8F7A9F26C009;1;-112;-18;-130.07;12;866.5;1;824;00df00adffbc0251046600be02916d84002e1c730718;43.085188;3.021939;7;24;10.96;0.04;98.17;19;-0.068;0.593;1.126;3.47;-0.4;6.59
GNAT L082CZ - 09;3.73;23.06.23 - 07h35;23.06.23 - 07h30;314.02;1687498535648000000;21.9;3D3B8F7A9F26C009;2;-112;-15;-127.14;12;867.5;1;825;00db00ad00000233036500be02916d98002e1d400b18;43.085208;3.022144;11;24;16.8;0.05;81.12;19;0;0.563;0.869;3.29;0;5.08
GNAT L082CZ - 09;3.73;23.06.23 - 07h40;23.06.23 - 07h35;301.06;1687498836703000000;21.4;3D3B8F7A9F26C009;3;-113;-10;-123.41;12;866.1;2;826;00d600adfef60353049f00b402916f8c002e1b4b0a23;43.085708;3.021643;10;35;68.89;0.23;327.97;18;-0.266;0.851;1.183;4.98;-1.55;6.93
GNAT L082CZ - 09;3.73;23.06.23 - 07h45;23.06.23 - 07h40;299.86;1687499136563000000;21.9;3D3B8F7A9F26C009;2;-114;-13;-127.21;12;867.7;1;827;00db00ad003d020c036200b40291708c002e15ac081e;43.085964;3.020204;8;30;120.28;0.4;285.87;18;0.061;0.524;0.866;3.06;0.36;5.06
GNAT L082CZ - 09;3.73;23.06.23 - 08h20;23.06.23 - 07h45;2101.12;1687501237684000000;22.3;3D3B8F7A9F26C009;1;-114;-17;-131.09;12;867.1;2;834;00df00ad00e20346040300be02917098002e15a30ae7;43.085976;3.020195;10;231;1.52;0;334.9;19;0.226;0.838;1.027;4.9;1.32;6.01
GNAT L082CZ - 09;3.72;23.06.23 - 08h50;23.06.23 - 08h20;1800;1687503037682000000;23.1;3D3B8F7A9F26C009;2;-112;-15;-127.14;12;866.5;1;840;00e700acffdf0200041e00c802917098002e15a308e7;43.085976;3.020195;8;231;0;0;0;20;-0.033;0.512;1.054;2.99;-0.19;6.17
GNAT L082CZ - 09;3.72;23.06.23 - 09h10;23.06.23 - 08h50;1199.55;1687504237229000000;22.7;3D3B8F7A9F26C009;2;-118;-13.75;-131.93;12;865.5;2;844;00e300ac012602f2fca100be02917098002e15a308e7;43.085976;3.020195;8;231;0;0;0;19;0.294;0.754;-0.863;4.41;1.72;-5.05
GNAT L082CZ - 09;3.72;23.06.23 - 09h35;23.06.23 - 09h10;1500.45;1687505737680000000;23.6;3D3B8F7A9F26C009;2;-114;-15;-129.14;12;867.9;1;849;00ec00ac015e022d03e600c802917098002e15a307e7;43.085976;3.020195;7;231;0;0;0;20;0.35;0.557;0.998;3.25;2.04;5.84
GNAT L082CZ - 09;3.72;23.06.23 - 09h55;23.06.23 - 09h35;1200;1687506937678000000;24.4;3D3B8F7A9F26C009;1;-114;-17;-131.09;12;867.1;1;853;00f400acffba01b4044600d202917098002e15a30ae7;43.085976;3.020195;10;231;0;0;0;21;-0.07;0.436;1.094;2.55;-0.41;6.4
GNAT L082CZ - 09;3.72;23.06.23 - 10h40;23.06.23 - 09h55;2700;1687509637676000000;24;3D3B8F7A9F26C009;1;-114;-19;-133.05;12;865.1;1;862;00f000acfe9502affd2e00d202917098002e15a309e7;43.085976;3.020195;9;231;0;0;0;21;-0.363;0.687;-0.722;4.02;-2.12;-4.22
GNAT L082CZ - 09;3.71;23.06.23 - 11h00;23.06.23 - 10h40;1200;1687510837675000000;25.7;3D3B8F7A9F26C009;2;-114;-14;-128.17;12;867.1;1;866;010100abff49ff29fd9600dc02917098002e15a30ae7;43.085976;3.020195;10;231;0;0;0;22;-0.183;-0.215;-0.618;-1.26;-1.07;-3.61
GNAT L082CZ - 09;3.71;23.06.23 - 11h20;23.06.23 - 11h00;1200;1687512037673000000;25.7;3D3B8F7A9F26C009;1;-110;-19;-129.05;12;868.3;1;870;010100abfe7f0003fd4100dc02917098002e15a30de7;43.085976;3.020195;13;231;0;0;0;22;-0.385;0.003;-0.703;0.02;-2.25;-4.11
GNAT L082CZ - 09;3.7;23.06.23 - 13h05;23.06.23 - 11h20;6300;1687518337670000000;28.2;3D3B8F7A9F26C009;2;-114;-13;-127.21;12;867.7;1;891;011a00aaffa801d4049c010402917098002e15a30ce7;43.085976;3.020195;12;231;0;0;0;26;-0.088;0.468;1.18;2.73;-0.51;6.91
GNAT L082CZ - 09;3.69;23.06.23 - 13h50;23.06.23 - 13h05;2700;1687521037669000000;28.7;3D3B8F7A9F26C009;2;-114;-14;-128.17;12;868.5;1;900;011f00a9004e043b030800fa02917098002e15a30de7;43.085976;3.020195;13;231;0;0;0;25;0.078;1.083;0.776;6.34;0.46;4.54
GNAT L082CZ - 09;3.69;23.06.23 - 14h20;23.06.23 - 13h50;1800;1687522837667000000;29.5;3D3B8F7A9F26C009;2;-113;-11;-124.33;12;866.1;1;906;012700a9fffa01a203a200fa02917098002e15a30ce7;43.085976;3.020195;12;231;0;0;0;25;-0.006;0.418;0.93;2.44;-0.04;5.44
GNAT L082CZ - 09;3.68;23.06.23 - 16h00;23.06.23 - 14h20;6000;1687528837666000000;29.1;3D3B8F7A9F26C009;2;-113;-14;-127.17;12;865.1;1;926;012300a80073038503be010e02917098002e15a309e7;43.085976;3.020195;9;231;0;0;0;27;0.115;0.901;0.958;5.27;0.67;5.6
GNAT L082CZ - 09;3.67;23.06.23 - 16h20;23.06.23 - 16h00;1199.54;1687530037207000000;27.8;3D3B8F7A9F26C009;1;-115;-17;-132.09;12;867.1;1;930;011600a700e002acfcd200fa02917098002e15a30ae7;43.085976;3.020195;10;231;0;0;0;25;0.224;0.684;-0.814;4;1.31;-4.76
GNAT L082CZ - 09;3.68;23.06.23 - 17h00;23.06.23 - 16h20;2400.46;1687532437666000000;29.1;3D3B8F7A9F26C009;1;-113;-19;-132.05;12;866.1;1;938;012300a8fed901ae03f1010e02917098002e15a30ce7;43.085976;3.020195;12;231;0;0;0;27;-0.295;0.43;1.009;2.51;-1.72;5.9
GNAT L082CZ - 09;3.67;23.06.23 - 17h30;23.06.23 - 17h00;1800;1687534237666000000;28.2;3D3B8F7A9F26C009;1;-115;-16;-131.11;12;867.9;1;944;011a00a7009801420415010402917098002e15a30ae7;43.085976;3.020195;10;231;0;0;0;26;0.152;0.322;1.045;1.88;0.89;6.11
GNAT L082CZ - 09;3.67;23.06.23 - 19h50;23.06.23 - 17h30;8400;1687542637662000000;26.5;3D3B8F7A9F26C009;2;-112;-11;-123.33;12;865.9;1;972;010900a700a802befcc400f002917098002e15a309e7;43.085976;3.020195;9;231;0;0;0;24;0.168;0.702;-0.828;4.1;0.98;-4.84
GNAT L082CZ - 09;3.67;23.06.23 - 20h10;23.06.23 - 19h50;1200;1687543837661000000;26.5;3D3B8F7A9F26C009;1;-113;-17;-130.09;12;867.7;1;976;010900a701340330fcf100f002917098002e15a309e7;43.085976;3.020195;9;231;0;0;0;24;0.308;0.816;-0.783;4.77;1.8;-4.58
GNAT L082CZ - 09;3.66;23.06.23 - 21h25;23.06.23 - 20h10;4500;1687548337657000000;24.4;3D3B8F7A9F26C009;2;-113;-12;-125.27;12;868.3;1;991;00f400a6011802aefcb000d202917098002e15a308e7;43.085976;3.020195;8;231;0;0;0;21;0.28;0.686;-0.848;4.01;1.64;-4.96
GNAT L082CZ - 09;3.66;23.06.23 - 21h30;23.06.23 - 21h25;299.55;1687548637205000000;23.6;3D3B8F7A9F26C009;2;-118;-12.75;-130.97;12;867.7;2;992;00ec00a600ee0289fcaf00d202917098002e15a307e7;43.085976;3.020195;7;231;0;0;0;21;0.238;0.649;-0.849;3.79;1.39;-4.96
GNAT L082CZ - 09;3.66;23.06.23 - 21h35;23.06.23 - 21h30;300.45;1687548937656000000;23.6;3D3B8F7A9F26C009;2;-113;-13;-126.21;12;865.1;2;993;00ec00a600fd02cffcb700d202917098002e15a308e7;43.085976;3.020195;8;231;0;0;0;21;0.253;0.719;-0.841;4.2;1.48;-4.92
GNAT L082CZ - 09;3.66;23.06.23 - 21h55;23.06.23 - 21h35;1200;1687550137655000000;23.6;3D3B8F7A9F26C009;1;-114;-17;-131.09;12;866.7;2;997;00ec00a600c20283fca700c802917098002e15a309e7;43.085976;3.020195;9;231;0;0;0;20;0.194;0.643;-0.857;3.76;1.13;-5.01
GNAT L082CZ - 09;3.53;23.06.24 - 01h20;23.06.23 - 21h55;12299.99;1687562437643000000;21.9;3D3B8F7A9F26C009;2;-114;-12;-126.27;12;865.1;2;1038;00db0099011a033bfce800be02917098002e15a305e7;43.085976;3.020195;5;231;0;0;0;19;0.282;0.827;-0.792;4.84;1.65;-4.63
GNAT L082CZ - 09;3.52;23.06.24 - 01h30;23.06.24 - 01h20;600;1687563037643000000;21.9;3D3B8F7A9F26C009;3;-114;-10;-124.41;12;867.7;1;1040;00db0098007b0315fcb000b402917098002e15a305e7;43.085976;3.020195;5;231;0;0;0;18;0.123;0.789;-0.848;4.61;0.72;-4.96
GNAT L082CZ - 09;3.51;23.06.24 - 01h35;23.06.24 - 01h30;300;1687563337643000000;21.4;3D3B8F7A9F26C009;1;-114;-17;-131.09;12;867.9;2;1041;00d600970076029bfcf200b402917098002e15a308e7;43.085976;3.020195;8;231;0;0;0;18;0.118;0.667;-0.782;3.9;0.69;-4.57
