GNAT L082CZ - 05;3.92;23.06.21 - 09h10;23.06.21 - 09h10;122.62;1687331435706000000;26.5;3D3B8F7A9F26C005;1;-112;-20;-132.04;12;868.3;1;7;010900c00072027c028c01040291a860002e26e91217;43.100256;3.024617;18;23;298.34;2.43;68.62;26;0.114;0.636;0.652;3.72;0.67;3.81
GNAT L082CZ - 05;3.92;23.06.21 - 09h16;23.06.21 - 09h15;342;1687331777705000000;26.9;3D3B8F7A9F26C005;1;-115;-18;-133.07;12;867.1;1;10;010d00c0fffefffb051e010e0291a868002e25ee1216;43.100264;3.024366;18;22;20.4;0.06;272.87;27;-0.002;-0.005;1.31;-0.03;-0.01;7.67
GNAT L082CZ - 05;3.92;23.06.21 - 09h20;23.06.21 - 09h19;231.02;1687332008721000000;26.5;3D3B8F7A9F26C005;1;-114;-18;-132.07;12;866.7;1;12;010900c0ff77007d03aa01040291a828002e26511316;43.1002;3.024465;19;22;10.74;0.05;135.49;26;-0.137;0.125;0.938;0.73;-0.8;5.49
GNAT L082CZ - 05;3.92;23.06.21 - 09h22;23.06.21 - 09h20;119.99;1687332128707000000;26.9;3D3B8F7A9F26C005;1;-113;-21;-134.03;12;868.1;1;13;010d00c0ff75ffff03f801040291a84c002e26201218;43.100236;3.024416;18;24;5.64;0.05;319.14;26;-0.139;-0.001;1.016;-0.01;-0.81;5.94
GNAT L082CZ - 05;3.92;23.06.21 - 09h24;23.06.21 - 09h22;120;1687332248702000000;26.5;3D3B8F7A9F26C005;1;-114;-18;-132.07;12;867.9;2;14;010900c0ffae009903c201040291a844002e260f1118;43.100228;3.024399;17;24;1.64;0.01;233.48;26;-0.082;0.153;0.962;0.89;-0.48;5.63
GNAT L082CZ - 05;3.92;23.06.21 - 09h28;23.06.21 - 09h26;235;1687332483699000000;26.1;3D3B8F7A9F26C005;1;-114;-18;-132.07;12;867.3;1;16;010500c0ff7b0016042901040291a83c002e26361017;43.10022;3.024438;16;23;3.29;0.01;107.89;26;-0.133;0.022;1.065;0.13;-0.78;6.23
GNAT L082CZ - 05;3.92;23.06.21 - 09h29;23.06.21 - 09h29;112.01;1687332595708000000;26.5;3D3B8F7A9F26C005;1;-115;-20;-135.04;12;868.1;2;17;010900c0ff69009d036001040291a850002e261e1117;43.10024;3.024414;17;23;2.96;0.03;322.67;26;-0.151;0.157;0.864;0.92;-0.88;5.05
GNAT L082CZ - 05;3.92;23.06.21 - 09h31;23.06.21 - 09h31;114;1687332709706000000;26.5;3D3B8F7A9F26C005;1;-114;-19;-133.05;12;867.3;1;18;010900c0ff1f004303fa01040291a850002e261e1116;43.10024;3.024414;17;22;0;0;0;26;-0.225;0.067;1.018;0.39;-1.31;5.96
GNAT L082CZ - 05;3.92;23.06.21 - 09h33;23.06.21 - 09h33;113.99;1687332823697000000;26.5;3D3B8F7A9F26C005;1;-113;-20;-133.04;12;868.1;1;19;010900c0ff4b00a5036d01040291a858002e26101116;43.100248;3.0244;17;22;1.44;0.01;311.96;26;-0.181;0.165;0.877;0.96;-1.06;5.13
GNAT L082CZ - 05;3.92;23.06.21 - 09h37;23.06.21 - 09h37;229;1687333052699000000;26.5;3D3B8F7A9F26C005;1;-114;-17;-131.09;12;868.5;1;21;010900c0ff3d00b2035a01040291a824002e264c1117;43.100196;3.02446;17;23;7.56;0.03;143.75;26;-0.195;0.178;0.858;1.04;-1.14;5.02
GNAT L082CZ - 05;3.92;23.06.21 - 09h39;23.06.21 - 09h39;119;1687333171701000000;26.9;3D3B8F7A9F26C005;1;-113;-17;-130.09;12;866.1;2;22;010d00c0ffa1003a041f01040291a868002e25f21216;43.100264;3.02437;18;22;10.52;0.09;319.93;26;-0.095;0.058;1.055;0.34;-0.55;6.17
GNAT L082CZ - 05;3.92;23.06.21 - 09h41;23.06.21 - 09h41;113;1687333284706000000;26.5;3D3B8F7A9F26C005;1;-112;-20;-132.04;12;868.3;1;23;010900c0ff670076039101040291a888002e25c31116;43.100296;3.024323;17;22;5.22;0.05;316.97;26;-0.153;0.118;0.913;0.69;-0.89;5.34
GNAT L082CZ - 05;3.92;23.06.21 - 09h43;23.06.21 - 09h42;115;1687333399701000000;26.5;3D3B8F7A9F26C005;1;-114;-20;-134.04;12;867.3;1;24;010900c0ff9f00c2035801040291a878002e25dc1016;43.10028;3.024348;16;22;2.7;0.02;135.2;26;-0.097;0.194;0.856;1.13;-0.57;5.01
GNAT L082CZ - 05;3.92;23.06.21 - 09h47;23.06.21 - 09h47;227;1687333626705000000;26.9;3D3B8F7A9F26C005;1;-114;-16;-130.11;12;867.3;1;26;010d00c0ff99004803cd01040291a864002e25ea1216;43.10026;3.024362;18;22;2.5;0.01;156.02;26;-0.103;0.072;0.973;0.42;-0.6;5.69
GNAT L082CZ - 05;3.92;23.06.21 - 09h48;23.06.21 - 09h47;113;1687333739705000000;26.5;3D3B8F7A9F26C005;1;-113;-17;-130.09;12;868.3;2;27;010900c0ff9a004f03c601040291a8e4002e251d1115;43.100388;3.024157;17;21;21.9;0.19;314.48;26;-0.102;0.079;0.966;0.46;-0.6;5.65
GNAT L082CZ - 05;3.92;23.06.21 - 09h50;23.06.21 - 09h50;112;1687333851704000000;26.5;3D3B8F7A9F26C005;1;-114;-18;-132.07;12;865.9;2;28;010900c0ff78006103dc01040291a82c002e26361116;43.100204;3.024438;17;22;30.64;0.27;135.86;26;-0.136;0.097;0.988;0.57;-0.79;5.78
GNAT L082CZ - 05;3.92;23.06.21 - 09h52;23.06.21 - 09h52;115.99;1687333967691000000;26.5;3D3B8F7A9F26C005;1;-113;-21;-134.03;12;868.1;1;29;010900c0ff72007703bc01040291a97c002e23f21017;43.10054;3.023858;16;23;60.11;0.52;312.33;26;-0.142;0.119;0.956;0.7;-0.83;5.59
GNAT L082CZ - 05;3.92;23.06.21 - 09h54;23.06.21 - 09h54;104.38;1687334072070000000;26.5;3D3B8F7A9F26C005;1;-114;-18;-132.07;12;867.9;2;30;010900c0ff48006a03c201040291b0fc002e19721018;43.10246;3.02117;16;24;305.3;2.92;318.23;26;-0.184;0.106;0.962;0.62;-1.07;5.63
GNAT L082CZ - 05;3.92;23.06.21 - 10h00;23.06.21 - 09h59;336;1687334408074000000;26.5;3D3B8F7A9F26C005;1;-114;-19;-133.05;12;868.5;1;33;010900c0ff1000290415010e0291b090002e19ab0f15;43.102352;3.021227;15;21;12.87;0.04;161.41;27;-0.24;0.041;1.045;0.24;-1.4;6.11
GNAT L082CZ - 05;3.92;23.06.21 - 10h02;23.06.21 - 10h02;124.47;1687334532547000000;26.5;3D3B8F7A9F26C005;1;-114;-19;-133.05;12;866.5;1;34;010900c0ff510030045701040291a850002e260b121a;43.10024;3.024395;18;26;348.29;2.8;136.4;26;-0.175;0.048;1.111;0.28;-1.02;6.5
GNAT L082CZ - 05;3.92;23.06.21 - 10h05;23.06.21 - 10h05;220.15;1687334752698000000;26.9;3D3B8F7A9F26C005;1;-114;-17;-131.09;12;866.1;2;36;010d00c0ff3d008d0370010e0291a858002e26051018;43.100248;3.024389;16;24;1.01;0;334.51;27;-0.195;0.141;0.88;0.82;-1.14;5.15