GNAT L082CZ - 04;3.95;23.06.21 - 10h47;23.06.21 - 10h46;419.7;1687337266152000000;28.7;3D3B8F7A9F26C004;1;-115;-20;-135.04;12;867.7;1;58;011f00c3ffd3ff20038100fa0291ab3c002e1dc21716;43.100988;3.022274;23;22;130.71;0.31;193.05;25;-0.045;-0.224;0.897;-1.31;-0.26;5.25
GNAT L082CZ - 04;3.95;23.06.21 - 10h49;23.06.21 - 10h48;123.17;1687337389322000000;29.1;3D3B8F7A9F26C004;2;-116;-15;-131.14;12;868.5;1;59;012300c301b20219038000fa0291ad20002e1f8f1718;43.101472;3.022735;23;24;65.55;0.53;31.23;25;0.434;0.537;0.896;3.14;2.54;5.24
GNAT L082CZ - 04;3.95;23.06.21 - 10h50;23.06.21 - 10h50;57.94;1687337447259000000;28.7;3D3B8F7A9F26C004;2;-114;-15;-129.14;12;865.9;2;60;011f00c3ff5f012b040901040291ad48002e1f481716;43.101512;3.022664;23;22;7.28;0.13;311.51;26;-0.161;0.299;1.033;1.75;-0.94;6.04
GNAT L082CZ - 04;3.94;23.06.21 - 10h52;23.06.21 - 10h52;123.62;1687337570881000000;28.7;3D3B8F7A9F26C004;1;-113;-17;-130.09;12;868.1;2;61;011f00c2ff2d013603a101040291ad24002e1f511716;43.101476;3.022673;23;22;4.07;0.03;170.96;26;-0.211;0.31;0.929;1.81;-1.23;5.43
GNAT L082CZ - 04;3.95;23.06.21 - 10h53;23.06.21 - 10h52;57.49;1687337628367000000;28.7;3D3B8F7A9F26C004;2;-113;-13;-126.21;12;865.1;2;62;011f00c3ff4b0141040d01040291ad4c002e1f771716;43.101516;3.022711;23;22;5.41;0.09;31.16;26;-0.181;0.321;1.037;1.88;-1.06;6.07
GNAT L082CZ - 04;3.95;23.06.21 - 10h56;23.06.21 - 10h56;182.11;1687337810474000000;28.7;3D3B8F7A9F26C004;2;-114;-14;-128.17;12;865.1;2;64;011f00c3ff33014f03fe01040291ad0c002e1fc71615;43.101452;3.022791;22;21;9.63;0.05;141.49;26;-0.205;0.335;1.022;1.96;-1.2;5.98
GNAT L082CZ - 04;3.95;23.06.21 - 10h59;23.06.21 - 10h59;181.11;1687337991581000000;29.1;3D3B8F7A9F26C004;1;-114;-17;-131.09;12;867.1;1;66;012300c3ff2b013003ce01040291aa94002e1dc31416;43.10082;3.022275;20;22;81.81;0.45;207.44;26;-0.213;0.304;0.974;1.78;-1.24;5.7
GNAT L082CZ - 04;3.95;23.06.21 - 11h01;23.06.21 - 11h01;122.17;1687338113751000000;28.7;3D3B8F7A9F26C004;1;-113;-16.5;-129.6;12;868.5;2;67;011f00c3ff0e012203bb00fa0291acb8002e1fec1418;43.101368;3.022828;20;24;75.69;0.62;32.71;25;-0.242;0.29;0.955;1.69;-1.41;5.59
GNAT L082CZ - 04;3.95;23.06.21 - 11h02;23.06.21 - 11h02;58.94;1687338172689000000;28.7;3D3B8F7A9F26C004;2;-114;-14;-128.17;12;865.5;2;68;011f00c3ff5a014e041001040291a9b0002e1d051418;43.100592;3.022085;20;24;105.28;1.79;211.33;26;-0.166;0.334;1.04;1.95;-0.97;6.09
GNAT L082CZ - 04;3.95;23.06.21 - 11h04;23.06.21 - 11h04;121.62;1687338294310000000;28.7;3D3B8F7A9F26C004;2;-113;-15;-128.14;12;868.1;1;69;011f00c3ff7c012a03b600fa0291ac08002e20061418;43.101192;3.022854;20;24;91.37;0.75;39.2;25;-0.132;0.298;0.95;1.74;-0.77;5.56
GNAT L082CZ - 04;3.95;23.06.21 - 11h05;23.06.21 - 11h05;59.49;1687338353796000000;28.7;3D3B8F7A9F26C004;2;-114;-14;-128.17;12;865.1;2;70;011f00c3ff3d012e03d901040291abe4002e1f801317;43.101156;3.02272;19;23;11.59;0.19;247.11;26;-0.195;0.302;0.985;1.76;-1.14;5.76
GNAT L082CZ - 04;3.95;23.06.21 - 11h07;23.06.21 - 11h07;121.62;1687338475417000000;29.1;3D3B8F7A9F26C004;1;-113;-16;-129.11;12;868.5;1;71;012300c3ff58015c03e701040291abd0002e205a1318;43.101136;3.022938;19;24;17.84;0.15;98.21;26;-0.168;0.348;0.999;2.03;-0.98;5.84
GNAT L082CZ - 04;3.95;23.06.21 - 11h08;23.06.21 - 11h08;59.49;1687338534904000000;29.1;3D3B8F7A9F26C004;1;-113;-16;-129.11;12;867.9;2;72;012300c3ff43015b03d301040291ac0c002e20a11317;43.101196;3.023009;19;23;8.82;0.15;36.98;26;-0.189;0.347;0.979;2.03;-1.1;5.73
GNAT L082CZ - 04;3.95;23.06.21 - 11h10;23.06.21 - 11h10;122.62;1687338657524000000;29.1;3D3B8F7A9F26C004;2;-114;-15;-129.14;12;868.5;2;73;012300c3ff63013703f4010402919ff8002e17761317;43.098104;3.020662;19;23;393.09;3.21;205.69;26;-0.157;0.311;1.012;1.82;-0.92;5.92
GNAT L082CZ - 04;3.94;23.06.21 - 11h11;23.06.21 - 11h11;57.49;1687338715012000000;28.3;3D3B8F7A9F26C004;2;-114;-15;-129.14;12;865.1;2;74;011b00c2ff32013603f701040291abbc002e20b21316;43.101116;3.023026;19;22;386.02;6.71;26.55;26;-0.206;0.31;1.015;1.81;-1.2;5.94
GNAT L082CZ - 04;3.95;23.06.21 - 11h13;23.06.21 - 11h12;123.62;1687338838631000000;29.1;3D3B8F7A9F26C004;1;-112;-16;-128.11;12;868.3;2;75;012300c3ff56012f03c100fa02919f8c002e16d61318;43.097996;3.020502;19;24;402.93;3.26;207.13;25;-0.17;0.303;0.961;1.77;-0.99;5.62
GNAT L082CZ - 04;3.95;23.06.21 - 11h14;23.06.21 - 11h14;57.49;1687338896119000000;27.8;3D3B8F7A9F26C004;1;-114;-16;-130.11;12;865.9;2;76;011600c3ff4f012a03e101040291aba8002e20e3141b;43.101096;3.023075;20;27;403.07;7.01;27.85;26;-0.177;0.298;0.993;1.74;-1.03;5.81
GNAT L082CZ - 04;3.95;23.06.21 - 11h16;23.06.21 - 11h16;123.62;1687339019739000000;29.1;3D3B8F7A9F26C004;2;-113;-15;-128.14;12;868.1;1;77;012300c3ff46012a03cc00fa0291ab68002e202b1415;43.101032;3.022891;20;21;16.55;0.13;241.33;25;-0.186;0.298;0.972;1.74;-1.09;5.69
GNAT L082CZ - 04;3.95;23.06.21 - 11h17;23.06.21 - 11h17;57.49;1687339077226000000;29.1;3D3B8F7A9F26C004;2;-114;-15;-129.14;12;865.1;2;78;012300c3ff520141041001040291ab38002e1fbb1417;43.100984;3.022779;20;23;10.54;0.18;236.03;26;-0.174;0.321;1.04;1.88;-1.02;6.09
GNAT L082CZ - 04;3.95;23.06.21 - 11h20;23.06.21 - 11h20;181.11;1687339258333000000;29.1;3D3B8F7A9F26C004;2;-114;-15;-129.14;12;867.9;2;80;012300c3ff55014a03db01040291ab44002e20991518;43.100996;3.023001;21;24;18.07;0.1;85.15;26;-0.171;0.33;0.987;1.93;-1;5.77
GNAT L082CZ - 04;3.95;23.06.21 - 11h23;23.06.21 - 11h23;181.11;1687339439440000000;29.5;3D3B8F7A9F26C004;2;-114;-14;-128.17;12;865.3;2;82;012700c3ff5d013803e6010e0291ab10002e20401517;43.100944;3.022912;21;23;9.25;0.05;227.43;27;-0.163;0.312;0.998;1.82;-0.95;5.84
GNAT L082CZ - 04;3.95;23.06.21 - 11h26;23.06.21 - 11h25;122.62;1687339562062000000;29.5;3D3B8F7A9F26C004;2;-114;-14;-128.17;12;868.5;2;83;012700c3ff45014303e7010e0291ab1c002e1ff11416;43.100956;3.022833;20;22;6.55;0.05;283.43;27;-0.187;0.323;0.999;1.89;-1.09;5.84
GNAT L082CZ - 04;3.95;23.06.21 - 11h27;23.06.21 - 11h26;59.48;1687339621547000000;29.5;3D3B8F7A9F26C004;2;-114;-15;-129.14;12;867.7;2;84;012700c3ff6e013203fc010e0291aafc002e20cd1417;43.100924;3.023053;20;23;18.21;0.31;102.88;27;-0.146;0.306;1.02;1.79;-0.85;5.97
GNAT L082CZ - 04;3.95;23.06.21 - 11h29;23.06.21 - 11h28;121.62;1687339743170000000;30;3D3B8F7A9F26C004;1;-112;-17;-129.09;12;868.3;2;85;012c00c3ff3e013303d2010e0291aaec002e20b71416;43.100908;3.023031;20;22;2.52;0.02;221.17;27;-0.194;0.307;0.978;1.79;-1.13;5.72
GNAT L082CZ - 04;3.95;23.06.21 - 11h30;23.06.21 - 11h29;59.48;1687339802654000000;30;3D3B8F7A9F26C004;2;-114;-15;-129.14;12;867.1;2;86;012c00c3ff6901350408010e0291aac0002e210b1415;43.100864;3.023115;20;21;8.39;0.14;129.47;27;-0.151;0.309;1.032;1.81;-0.88;6.04
GNAT L082CZ - 04;3.95;23.06.21 - 11h32;23.06.21 - 11h31;121.62;1687339924278000000;30;3D3B8F7A9F26C004;1;-108;-22;-130.03;12;868.3;1;87;012c00c3ff5c012703eb010e0291aab4002e211b1418;43.100852;3.023131;20;24;1.86;0.02;139.7;27;-0.164;0.295;1.003;1.72;-0.96;5.87
GNAT L082CZ - 04;3.95;23.06.21 - 11h33;23.06.21 - 11h32;59.48;1687339983762000000;30;3D3B8F7A9F26C004;2;-114;-14;-128.17;12;865.1;2;88;012c00c3ff61013d03e9010e0291aaa0002e212d1416;43.100832;3.023149;20;22;2.66;0.04;150.21;27;-0.159;0.317;1.001;1.85;-0.93;5.86
GNAT L082CZ - 04;3.95;23.06.21 - 11h35;23.06.21 - 11h34;121.62;1687340105385000000;30;3D3B8F7A9F26C004;1;-114;-16;-130.11;12;868.5;2;89;012c00c3ff54011e03eb010e0291aaa8002e212d1415;43.10084;3.023149;20;21;0.89;0.01;0;27;-0.172;0.286;1.003;1.67;-1;5.87
GNAT L082CZ - 04;3.95;23.06.21 - 11h36;23.06.21 - 11h35;59.49;1687340164870000000;30;3D3B8F7A9F26C004;2;-114;-14;-128.17;12;867.7;2;90;012c00c3ff77012203dd010e0291aa80002e213b1416;43.1008;3.023163;20;22;4.59;0.08;167.45;27;-0.137;0.29;0.989;1.69;-0.8;5.79
GNAT L082CZ - 04;3.95;23.06.21 - 11h39;23.06.21 - 11h38;181.11;1687340345977000000;30.4;3D3B8F7A9F26C004;2;-113;-12;-125.27;12;866.7;2;92;013000c3ff62012d03ed01180291ab7c002e213e1515;43.101052;3.023166;21;21;28.02;0.15;0.43;28;-0.158;0.301;1.005;1.76;-0.92;5.88
GNAT L082CZ - 04;3.95;23.06.21 - 11h41;23.06.21 - 11h40;122.62;1687340468599000000;30.4;3D3B8F7A9F26C004;1;-110;-23;-133.02;12;868.3;1;93;013000c30162ff0302b401180291ad20002e1fdb1517;43.101472;3.022811;21;23;54.88;0.45;331.72;28;0.354;-0.253;0.692;-1.48;2.07;4.05
GNAT L082CZ - 04;3.95;23.06.21 - 11h48;23.06.21 - 11h46;419.7;1687340888300000000;29.5;3D3B8F7A9F26C004;1;-113;-20;-133.04;12;866.7;1;98;012700c302c4fef500e4010e0291acf8002e1f171516;43.101432;3.022615;21;22;16.52;0.04;252.22;27;0.708;-0.267;0.228;-1.56;4.14;1.33
GNAT L082CZ - 04;3.95;23.06.21 - 11h51;23.06.21 - 11h50;181.11;1687341069408000000;30;3D3B8F7A9F26C004;2;-113;-13;-126.21;12;865.3;2;100;012c00c3ffcb017003fe01180291acfc002e1e6a1517;43.101436;3.022442;21;23;14.05;0.08;272.08;28;-0.053;0.368;1.022;2.15;-0.31;5.98
GNAT L082CZ - 04;3.95;23.06.21 - 11h54;23.06.21 - 11h53;182.11;1687341251515000000;29.5;3D3B8F7A9F26C004;2;-114;-15;-129.14;12;867.9;2;102;012700c300170126048a01180291acd0002e1d9b1515;43.101392;3.022235;21;21;17.5;0.1;251.53;28;0.023;0.294;1.162;1.72;0.13;6.8
GNAT L082CZ - 04;3.95;23.06.21 - 11h56;23.06.21 - 11h55;121.62;1687341373137000000;30.4;3D3B8F7A9F26C004;1;-106;-24;-130.02;12;868.5;1;103;013000c3ff80012503c0010e0291acdc002e1db31516;43.101404;3.022259;21;22;2.36;0.02;51.85;27;-0.128;0.293;0.96;1.71;-0.75;5.62
GNAT L082CZ - 04;3.95;23.06.21 - 11h57;23.06.21 - 11h56;59.49;1687341432622000000;29.5;3D3B8F7A9F26C004;1;-114;-21;-135.03;12;865.5;1;104;012700c3ff9700ea041c01180291acd4002e1cf11416;43.101396;3.022065;20;22;15.78;0.27;266.29;28;-0.105;0.234;1.052;1.37;-0.61;6.16
GNAT L082CZ - 04;3.95;23.06.21 - 12h00;23.06.21 - 12h00;213.91;1687341646529000000;30.4;3D3B8F7A9F26C004;1;-114;-20;-134.04;12;867.1;1;106;013000c3ff0000c7046a01180291acc4002e1bfc1415;43.10138;3.02182;20;21;19.97;0.09;264.14;28;-0.256;0.199;1.13;1.16;-1.5;6.61
GNAT L082CZ - 04;3.95;23.06.21 - 12h02;23.06.21 - 12h02;122.17;1687341768700000000;30;3D3B8F7A9F26C004;1;-116;-17;-133.09;12;868.5;1;107;012c00c3ff8a016b041d01180291acf0002e1bb71517;43.101424;3.021751;21;23;7.44;0.06;315.05;28;-0.118;0.363;1.053;2.12;-0.69;6.16
GNAT L082CZ - 04;3.95;23.06.21 - 12h03;23.06.21 - 12h03;58.94;1687341827636000000;30.4;3D3B8F7A9F26C004;1;-114;-17;-131.09;12;867.9;1;108;013000c3ffd40116041f01180291ace0002e1b141517;43.101408;3.021588;21;23;13.35;0.23;261.23;28;-0.044;0.278;1.055;1.62;-0.26;6.17
GNAT L082CZ - 04;3.95;23.06.21 - 12h05;23.06.21 - 12h04;121.62;1687341949260000000;30.4;3D3B8F7A9F26C004;2;-113;-15;-128.14;12;868.1;2;109;013000c3ff380117040201180291acfc002e1af41517;43.101436;3.021556;21;23;4.06;0.03;323.97;28;-0.2;0.279;1.026;1.63;-1.17;6
GNAT L082CZ - 04;3.95;23.06.21 - 12h06;23.06.21 - 12h05;59.48;1687342008743000000;30.4;3D3B8F7A9F26C004;1;-114;-18;-132.07;12;867.1;2;110;013000c3ff62009e03b801180291acc4002e1a7d1517;43.10138;3.021437;21;23;11.49;0.19;233.52;28;-0.158;0.158;0.952;0.92;-0.92;5.57
GNAT L082CZ - 04;3.95;23.06.21 - 12h09;23.06.21 - 12h09;181.11;1687342189850000000;30.4;3D3B8F7A9F26C004;1;-114;-18;-132.07;12;867.1;2;112;013000c3ff5500b6046a01180291aca8002e19cc1615;43.101352;3.02126;22;21;14.7;0.08;256.04;28;-0.171;0.182;1.13;1.06;-1;6.61
GNAT L082CZ - 04;3.95;23.06.21 - 12h15;23.06.21 - 12h15;361.22;1687342551065000000;30.8;3D3B8F7A9F26C004;2;-114;-14;-128.17;12;865.1;2;116;013400c3ff4600f403d901180291aca4002e182b1717;43.101348;3.020843;23;23;33.86;0.09;269.13;28;-0.186;0.244;0.985;1.43;-1.09;5.76
GNAT L082CZ - 04;3.95;23.06.21 - 12h17;23.06.21 - 12h17;123.62;1687342674689000000;30.8;3D3B8F7A9F26C004;1;-114;-17;-131.09;12;868.5;1;117;013400c3ff95012403d301180291acc8002e18081718;43.101384;3.020808;23;24;4.91;0.04;328.25;28;-0.107;0.292;0.979;1.71;-0.62;5.73
GNAT L082CZ - 04;3.95;23.06.21 - 12h18;23.06.21 - 12h18;57.48;1687342732172000000;30.4;3D3B8F7A9F26C004;1;-114;-22;-136.03;12;865.1;1;118;013000c3ff0f0149037001180291acd4002e17591715;43.101396;3.020633;23;21;14.27;0.25;276.15;28;-0.241;0.329;0.88;1.92;-1.41;5.15
GNAT L082CZ - 04;3.95;23.06.21 - 12h20;23.06.21 - 12h18;123.62;1687342855797000000;30.8;3D3B8F7A9F26C004;1;-114;-16;-130.11;12;868.5;1;119;013400c3ff4e0131035401180291acdc002e17461715;43.101404;3.020614;23;21;1.78;0.01;303.49;28;-0.178;0.305;0.852;1.78;-1.04;4.98
GNAT L082CZ - 04;3.95;23.06.21 - 12h24;23.06.21 - 12h24;238.59;1687343094387000000;30.8;3D3B8F7A9F26C004;1;-114;-19;-133.05;12;865.1;2;122;013400c3ff2e0159047b01180291acbc002e159d1715;43.101372;3.020189;23;21;34.69;0.15;263.24;28;-0.21;0.345;1.147;2.02;-1.23;6.71
GNAT L082CZ - 04;3.95;23.06.21 - 12h26;23.06.21 - 12h26;123.17;1687343217561000000;31.2;3D3B8F7A9F26C004;1;-116;-18;-134.07;12;868.5;2;123;013800c3ff9e018e04b001180291acb4002e152a1717;43.101364;3.020074;23;23;9.38;0.08;263.76;28;-0.098;0.398;1.2;2.33;-0.57;7.03
GNAT L082CZ - 04;3.95;23.06.21 - 12h27;23.06.21 - 12h27;58.93;1687343276495000000;30.4;3D3B8F7A9F26C004;1;-114;-21;-135.03;12;866.1;2;124;013000c3fe680157037701180291accc002e143d1717;43.101388;3.019837;23;23;19.43;0.33;279.04;28;-0.408;0.343;0.887;2;-2.38;5.19
GNAT L082CZ - 04;3.95;23.06.21 - 12h30;23.06.21 - 12h30;181.11;1687343457602000000;30.4;3D3B8F7A9F26C004;2;-114;-15;-129.14;12;867.9;2;126;013000c3ff3200fe03fc01180291acd0002e13ab1717;43.101392;3.019691;23;23;11.86;0.07;272.46;28;-0.206;0.254;1.02;1.48;-1.2;5.97
GNAT L082CZ - 04;3.95;23.06.21 - 12h32;23.06.21 - 12h32;121.63;1687343579227000000;30.4;3D3B8F7A9F26C004;1;-113;-22;-135.03;12;868.5;1;127;013000c3ff14013e045001180291acc8002e1348170b;43.101384;3.019592;23;11;8.09;0.07;262.76;28;-0.236;0.318;1.104;1.86;-1.38;6.46
GNAT L082CZ - 04;3.95;23.06.21 - 12h33;23.06.21 - 12h32;59.48;1687343638709000000;30;3D3B8F7A9F26C004;1;-114;-20;-134.04;12;867.9;1;128;012c00c3ff6100d5036b01180291ac48002e11e81718;43.101256;3.01924;23;24;31.93;0.54;240.25;28;-0.159;0.213;0.875;1.24;-0.93;5.12
GNAT L082CZ - 04;3.95;23.06.21 - 12h42;23.06.21 - 12h40;484.84;1687344123548000000;30.4;3D3B8F7A9F26C004;1;-115;-17;-132.09;12;868.5;2;133;013000c3ff8c016c03de01180291b260002e0b061718;43.102816;3.017478;23;24;224.84;0.46;324.23;28;-0.116;0.364;0.99;2.13;-0.68;5.79
GNAT L082CZ - 04;3.95;23.06.21 - 12h43;23.06.21 - 12h42;57.48;1687344181030000000;29.1;3D3B8F7A9F26C004;1;-115;-22;-137.03;12;867.9;1;134;012300c3ff6a014503b701180291ad0c002e11121715;43.101452;3.019026;23;21;196.97;3.43;144.17;28;-0.15;0.325;0.951;1.9;-0.88;5.56
GNAT L082CZ - 04;3.95;23.06.21 - 12h45;23.06.21 - 12h44;123.62;1687344304655000000;30.4;3D3B8F7A9F26C004;1;-112;-21;-133.03;12;868.1;1;135;013000c3ff1e00c40429010e0291ad58002e10651714;43.101528;3.018853;23;20;16.39;0.13;304.61;27;-0.226;0.196;1.065;1.14;-1.32;6.23
GNAT L082CZ - 04;3.95;23.06.21 - 12h48;23.06.21 - 12h46;181.11;1687344485764000000;30.8;3D3B8F7A9F26C004;1;-114;-20;-134.04;12;868.3;1;137;013400c3ff570112036501180291ad6c002e0ff81716;43.101548;3.018744;23;22;9.12;0.05;286.08;28;-0.169;0.274;0.869;1.6;-0.99;5.08