GNAT L082CZ - 06;3.96;23.06.21 - 09h52;23.06.21 - 09h52;371.67;1687333952664000000;27;3D3B8F7A9F26C006;2;-113;-15;-128.14;12;865.5;1;16;010e00c4fdd500ca033900e60291a858002e285c0d11;43.100248;3.024988;13;17;62.46;0.17;204.82;23;-0.555;0.202;0.825;1.18;-3.24;4.82
GNAT L082CZ - 06;3.96;23.06.21 - 09h56;23.06.21 - 09h56;232.03;1687334184697000000;27.4;3D3B8F7A9F26C006;1;-112;-16;-128.11;12;866.5;2;18;011200c40000007303bc00f00291a738002e274d1218;43.09996;3.024717;18;24;38.85;0.17;210.87;24;0;0.115;0.956;0.67;0;5.59
GNAT L082CZ - 06;3.96;23.06.21 - 09h58;23.06.21 - 09h58;120.98;1687334305677000000;27.4;3D3B8F7A9F26C006;1;-114;-18;-132.07;12;868.3;1;19;011200c400700030043400f00291a724002e27590f15;43.09994;3.024729;15;21;2.43;0.02;159.13;24;0.112;0.048;1.076;0.28;0.65;6.3
GNAT L082CZ - 06;3.96;23.06.21 - 10h00;23.06.21 - 10h00;119;1687334424677000000;27;3D3B8F7A9F26C006;2;-115;-15;-130.14;12;865.9;2;20;010e00c400a200ae037a00e60291a730002e27590f17;43.099952;3.024729;15;23;1.33;0.01;0;23;0.162;0.174;0.89;1.02;0.95;5.21
GNAT L082CZ - 06;3.96;23.06.21 - 10h02;23.06.21 - 10h02;119.54;1687334544219000000;27.4;3D3B8F7A9F26C006;2;-114;-14.5;-128.65;12;868.1;1;21;011200c40046004403a400e60291a734002e27580e16;43.099956;3.024728;14;22;0.45;0;350.97;23;0.07;0.068;0.932;0.4;0.41;5.45
GNAT L082CZ - 06;3.96;23.06.21 - 10h04;23.06.21 - 10h03;128.47;1687334672685000000;27.4;3D3B8F7A9F26C006;1;-115;-16;-131.11;12;867.9;2;22;011200c4011c00bc036800e60291a728002e27601017;43.099944;3.024736;16;23;1.48;0.01;157.04;23;0.284;0.188;0.872;1.1;1.66;5.1
GNAT L082CZ - 06;3.96;23.06.21 - 10h06;23.06.21 - 10h06;112;1687334784684000000;27.4;3D3B8F7A9F26C006;1;-114;-16;-130.11;12;868.5;2;23;011200c4006b0044041000e60291a724002e27731016;43.09994;3.024755;16;22;1.61;0.01;108.33;23;0.107;0.068;1.04;0.4;0.62;6.09
GNAT L082CZ - 06;3.96;23.06.21 - 10h08;23.06.21 - 10h08;120;1687334904684000000;27;3D3B8F7A9F26C006;1;-115;-17;-132.09;12;865.5;2;24;010e00c40009009303bf00e60291a730002e276d1017;43.099952;3.024749;16;23;1.42;0.01;342.38;23;0.009;0.147;0.959;0.86;0.05;5.61
GNAT L082CZ - 06;3.96;23.06.21 - 10h10;23.06.21 - 10h09;120;1687335024684000000;27;3D3B8F7A9F26C006;1;-112;-16;-128.11;12;868.1;2;25;010e00c400c10042038f00e60291a720002e27691018;43.099936;3.024745;16;24;1.81;0.02;189.03;23;0.193;0.066;0.911;0.39;1.13;5.33
GNAT L082CZ - 06;3.96;23.06.21 - 10h12;23.06.21 - 10h11;119.99;1687335144677000000;27;3D3B8F7A9F26C006;2;-114;-15;-129.14;12;866.7;2;26;010e00c4000300a5042b00e60291a724002e27620f18;43.09994;3.024738;15;24;0.72;0.01;311.97;23;0.003;0.165;1.067;0.96;0.02;6.24
GNAT L082CZ - 06;3.96;23.06.21 - 10h14;23.06.21 - 10h14;120.99;1687335265671000000;27;3D3B8F7A9F26C006;1;-113;-16;-129.11;12;868.1;1;27;010e00c40037013903bd00e60291a73c002e27570e17;43.099964;3.024727;14;23;2.81;0.02;343.76;23;0.055;0.313;0.957;1.83;0.32;5.6
GNAT L082CZ - 06;3.96;23.06.21 - 10h16;23.06.21 - 10h15;110.31;1687335375984000000;27;3D3B8F7A9F26C006;1;-116;-16;-132.11;12;867.3;2;28;010e00c4006f00b4044800e60291af10002e210d0d11;43.101968;3.023117;13;17;258.34;2.34;332.89;23;0.111;0.18;1.096;1.05;0.65;6.41
GNAT L082CZ - 06;3.96;23.06.21 - 10h20;23.06.21 - 10h20;250.69;1687335626671000000;27.4;3D3B8F7A9F26C006;2;-114;-15;-129.14;12;867.1;2;30;011200c400d3009a031c00e60291a724002e277a0e17;43.09994;3.024762;14;23;262.09;1.05;152.74;23;0.211;0.154;0.796;0.9;1.23;4.65
GNAT L082CZ - 06;3.96;23.06.21 - 10h22;23.06.21 - 10h21;120.01;1687335746679000000;27.4;3D3B8F7A9F26C006;1;-114;-18;-132.07;12;868.3;1;31;011200c4006600d0039200e60291a724002e27640f18;43.09994;3.02474;15;24;1.79;0.01;270;23;0.102;0.208;0.914;1.21;0.6;5.35