GNAT L082CZ - 01;3.96;23.06.21 - 09h39;23.06.21 - 09h38;372;1687333162223000000;29.1;3D3B8F7A9F26C001;1;-114;-17;-131.09;12;868.5;1;5;012300c403740292020c010e0291a7f0002e28f51043;43.100144;3.025141;16;67;284.24;0.76;6.29;27;0.884;0.658;0.524;3.85;5.17;3.06
GNAT L082CZ - 01;3.96;23.06.21 - 09h45;23.06.21 - 09h44;369;1687333531223000000;28.7;3D3B8F7A9F26C001;1;-116;-18;-134.07;12;867.7;1;8;011f00c401cfff7304b3010e0291a7c8002e287f102b;43.100104;3.025023;16;43;10.56;0.03;241.92;27;0.463;-0.141;1.203;-0.82;2.71;7.04
GNAT L082CZ - 01;3.96;23.06.21 - 09h49;23.06.21 - 09h49;243.48;1687333774702000000;28.3;3D3B8F7A9F26C001;1;-114;-19;-133.05;12;867.1;1;10;011b00c401caff47048f01040291a78c002e288c1218;43.100044;3.025036;18;24;6.75;0.03;172.16;26;0.458;-0.185;1.167;-1.08;2.68;6.83
GNAT L082CZ - 01;3.96;23.06.21 - 09h53;23.06.21 - 09h53;247.52;1687334022221000000;28.3;3D3B8F7A9F26C001;2;-114;-14;-128.17;12;867.3;2;12;011b00c401d1ff7e04ab01040291a734002e286d1119;43.099956;3.025005;17;25;10.1;0.04;192.62;26;0.465;-0.13;1.195;-0.76;2.72;7
GNAT L082CZ - 01;3.96;23.06.21 - 09h55;23.06.21 - 09h55;120.47;1687334142688000000;27.8;3D3B8F7A9F26C001;1;-114;-18;-132.07;12;868.5;2;13;011600c401bbff24049a01040291a714002e27f81017;43.099924;3.024888;16;23;10.14;0.08;246.71;26;0.443;-0.22;1.178;-1.29;2.59;6.9
GNAT L082CZ - 01;3.96;23.06.21 - 09h57;23.06.21 - 09h56;119.99;1687334262682000000;28.3;3D3B8F7A9F26C001;1;-114;-16;-130.11;12;865.5;2;14;011b00c401e3ff14046701040291a6ac002e27c40f17;43.09982;3.024836;15;23;12.31;0.1;197.62;26;0.483;-0.236;1.127;-1.38;2.82;6.6
GNAT L082CZ - 01;3.96;23.06.21 - 09h59;23.06.21 - 09h59;118.01;1687334380692000000;27.8;3D3B8F7A9F26C001;1;-109;-20;-129.04;12;868.1;2;15;011600c401d3ff6704a001040291a670002e276a1118;43.09976;3.024746;17;24;9.89;0.08;223.61;26;0.467;-0.153;1.184;-0.89;2.73;6.93
GNAT L082CZ - 01;3.96;23.06.21 - 10h01;23.06.21 - 10h01;119.99;1687334500682000000;28.3;3D3B8F7A9F26C001;1;-115;-18;-133.07;12;865.3;1;16;011b00c40267ffa604db01040291a5fc002e27520f17;43.099644;3.024722;15;23;13.04;0.11;187.49;26;0.615;-0.09;1.243;-0.53;3.59;7.28
GNAT L082CZ - 01;3.96;23.06.21 - 10h05;23.06.21 - 10h05;246.54;1687334747218000000;27.8;3D3B8F7A9F26C001;1;-114;-16;-130.11;12;867.7;2;18;011600c401ceff4c049d01040291a544002e272e111c;43.09946;3.024686;17;28;20.67;0.08;187.08;26;0.462;-0.18;1.181;-1.05;2.7;6.91
GNAT L082CZ - 01;3.96;23.06.21 - 10h07;23.06.21 - 10h07;119.48;1687334866701000000;28.3;3D3B8F7A9F26C001;1;-114;-18;-132.07;12;868.5;2;19;011b00c40200ffa1043a01040291a51c002e270a1216;43.09942;3.02465;18;22;5.32;0.04;209.75;26;0.512;-0.095;1.082;-0.55;2.99;6.33
GNAT L082CZ - 01;3.96;23.06.21 - 10h09;23.06.21 - 10h09;123.02;1687334989716000000;28.3;3D3B8F7A9F26C001;1;-114;-16;-130.11;12;865.1;2;20;011b00c40200fff404e001040291a4f0002e26c71316;43.099376;3.024583;19;22;7.32;0.06;224.03;26;0.512;-0.012;1.248;-0.07;2.99;7.31
GNAT L082CZ - 01;3.96;23.06.21 - 10h11;23.06.21 - 10h11;120;1687335109715000000;28.3;3D3B8F7A9F26C001;1;-114;-18;-132.07;12;868.5;1;21;011b00c401d8ffe104c801040291a4cc002e26571317;43.09934;3.024471;19;23;9.94;0.08;243.15;26;0.472;-0.031;1.224;-0.18;2.76;7.17
GNAT L082CZ - 01;3.96;23.06.21 - 10h13;23.06.21 - 10h13;123.5;1687335233216000000;28.3;3D3B8F7A9F26C001;1;-114;-16;-130.11;12;865.9;2;22;011b00c401b6ff7b04b200fa0291a498002e25e5131e;43.099288;3.024357;19;30;10.91;0.09;234.3;25;0.438;-0.133;1.202;-0.78;2.56;7.04
GNAT L082CZ - 01;3.96;23.06.21 - 10h18;23.06.21 - 10h16;248;1687335481214000000;28.7;3D3B8F7A9F26C001;1;-114;-18;-132.07;12;867.3;1;24;011f00c401b4ff7304f101040291a438002e26011219;43.099192;3.024385;18;25;10.91;0.04;169.51;26;0.436;-0.141;1.265;-0.82;2.55;7.41
GNAT L082CZ - 01;3.96;23.06.21 - 10h26;23.06.21 - 10h24;487;1687335968212000000;28.7;3D3B8F7A9F26C001;1;-115;-20;-135.04;12;866.7;1;28;011f00c401e2ff28043e01040291a2f8002e26281123;43.098872;3.024424;17;35;35.72;0.07;175.58;26;0.482;-0.216;1.086;-1.26;2.82;6.36