GNAT L082CZ - 05;3.92;23.06.21 - 10h39;23.06.21 - 10h38;441;1687336758704000000;27.8;3D3B8F7A9F26C005;2;-113;-14;-127.17;12;866.1;2;54;011600c0000702b90288010e0291afbc002e1f191214;43.10214;3.022617;18;20;192.74;0.44;41.2;27;0.007;0.697;0.648;4.07;0.04;3.79
GNAT L082CZ - 05;3.92;23.06.21 - 10h41;23.06.21 - 10h40;103.37;1687336862078000000;26.9;3D3B8F7A9F26C005;1;-111;-18;-129.07;12;868.3;1;55;010d00c0002800c803ba010e0291b2b4002e13681018;43.1029;3.019624;16;24;257.27;2.49;291.66;27;0.04;0.2;0.954;1.17;0.23;5.58
GNAT L082CZ - 05;3.92;23.06.21 - 10h42;23.06.21 - 10h42;112.62;1687336974703000000;27.4;3D3B8F7A9F26C005;1;-116;-19;-135.05;12;867.9;1;56;011200c0ffc5007603c6010e0291b0e8002e18061217;43.10244;3.020806;18;23;108.74;0.97;121.43;27;-0.059;0.118;0.966;0.69;-0.34;5.65
GNAT L082CZ - 05;3.92;23.06.21 - 10h44;23.06.21 - 10h44;115;1687337089704000000;26.9;3D3B8F7A9F26C005;1;-114;-17;-131.09;12;868.3;1;57;010d00c0000000410416010e0291b05c002e19571118;43.1023;3.021143;17;24;31.48;0.27;123.11;27;0;0.065;1.046;0.38;0;6.12
GNAT L082CZ - 05;3.92;23.06.21 - 10h46;23.06.21 - 10h46;103.37;1687337193077000000;26.9;3D3B8F7A9F26C005;1;-115;-17;-132.09;12;867.9;1;58;010d00c0001600ac03b2010e0291b1cc002e12541118;43.102668;3.019348;17;24;151.37;1.46;287.79;27;0.022;0.172;0.946;1;0.13;5.53
GNAT L082CZ - 05;3.92;23.06.21 - 10h48;23.06.21 - 10h48;115.63;1687337308704000000;27.4;3D3B8F7A9F26C005;1;-112;-20;-132.04;12;868.1;1;59;011200c0ff7a00e003f8010e0291af44002e1ed11216;43.10202;3.022545;18;22;269.37;2.33;107.72;27;-0.134;0.224;1.016;1.31;-0.78;5.94
GNAT L082CZ - 05;3.92;23.06.21 - 10h50;23.06.21 - 10h50;103.37;1687337412077000000;26.9;3D3B8F7A9F26C005;1;-113;-16;-129.11;12;866.3;1;60;010d00c0ffb0000403fa010e0291b228002e12861117;43.10276;3.019398;17;23;268.42;2.6;290.19;27;-0.08;0.004;1.018;0.02;-0.47;5.96
GNAT L082CZ - 05;3.92;23.06.21 - 10h53;23.06.21 - 10h53;220.99;1687337633070000000;26.9;3D3B8F7A9F26C005;1;-112;-17;-129.09;12;867.5;1;62;010d00c0ffc8ffd50438010e0291b164002e11ef1014;43.102564;3.019247;16;20;25.01;0.11;206.15;27;-0.056;-0.043;1.08;-0.25;-0.33;6.32
GNAT L082CZ - 05;3.92;23.06.21 - 10h57;23.06.21 - 10h57;223.01;1687337856077000000;26.9;3D3B8F7A9F26C005;2;-113;-15;-128.14;12;866.1;2;64;010d00c0fff0004b03a4010e0291b350002e13371010;43.103056;3.019575;16;16;60.84;0.27;23.03;27;-0.016;0.075;0.932;0.44;-0.09;5.45
GNAT L082CZ - 05;3.92;23.06.21 - 10h59;23.06.21 - 10h59;117.19;1687337973262000000;26.9;3D3B8F7A9F26C005;2;-114;-12;-126.27;12;868.1;2;65;010d00c0fff2004603c1010e0291af20002e1e5a1318;43.101984;3.022426;19;24;260.35;2.22;120.6;27;-0.014;0.07;0.961;0.41;-0.08;5.62
GNAT L082CZ - 05;3.92;23.06.21 - 11h01;23.06.21 - 11h01;116.46;1687338089724000000;26.9;3D3B8F7A9F26C005;2;-114;-13;-127.21;12;867.3;2;66;010d00c0ffe5002803de010e0291ae9c002e1f571417;43.101852;3.022679;20;23;25.25;0.22;129.33;27;-0.027;0.04;0.99;0.23;-0.16;5.79
GNAT L082CZ - 05;3.92;23.06.21 - 11h05;23.06.21 - 11h04;228.98;1687338318709000000;26.9;3D3B8F7A9F26C005;1;-112;-19;-131.05;12;866.5;2;68;010d00c0fffd0036037c010e0291ae8c002e1f141316;43.101836;3.022612;19;22;5.72;0.02;249.44;27;-0.003;0.054;0.892;0.32;-0.02;5.22
GNAT L082CZ - 05;3.92;23.06.21 - 11h10;23.06.21 - 11h10;329;1687338647708000000;27.8;3D3B8F7A9F26C005;1;-109;-24;-133.02;12;868.5;1;71;011600c0ffecffd403cd010e0291ae9c002e1ebf1318;43.101852;3.022527;19;24;7.13;0.02;286.47;27;-0.02;-0.044;0.973;-0.26;-0.12;5.69
GNAT L082CZ - 05;3.92;23.06.21 - 11h14;23.06.21 - 11h14;230;1687338877710000000;27.4;3D3B8F7A9F26C005;2;-114;-13;-127.21;12;868.5;1;73;011200c0ffcb007003cb010e0291ae0c002e1f411317;43.101708;3.022657;19;23;19.18;0.08;150.11;27;-0.053;0.112;0.971;0.65;-0.31;5.68
GNAT L082CZ - 05;3.92;23.06.21 - 11h16;23.06.21 - 11h15;105.99;1687338983696000000;27.4;3D3B8F7A9F26C005;2;-113;-12;-125.27;12;866.3;2;74;011200c00008fffe03fe010e0291add8002e20181115;43.101656;3.022872;17;21;18.39;0.17;110.81;27;0.008;-0.002;1.022;-0.01;0.05;5.98
GNAT L082CZ - 05;3.92;23.06.21 - 11h18;23.06.21 - 11h17;105;1687339088695000000;27.8;3D3B8F7A9F26C005;1;-107;-23;-130.02;12;868.3;1;75;011600c0ffd5007a03ec010e0291add0002e1ffa100a;43.101648;3.022842;16;10;2.59;0.02;247.27;27;-0.043;0.122;1.004;0.71;-0.25;5.87
GNAT L082CZ - 05;3.92;23.06.21 - 11h20;23.06.21 - 11h20;113.01;1687339201703000000;27.8;3D3B8F7A9F26C005;2;-113;-11;-124.33;12;865.5;2;76;011600c00004005a03a801180291adac002e1fc11116;43.101612;3.022785;17;22;6.12;0.05;225.23;28;0.004;0.09;0.936;0.53;0.02;5.48
GNAT L082CZ - 05;3.92;23.06.21 - 11h21;23.06.21 - 11h21;106;1687339307700000000;27.8;3D3B8F7A9F26C005;1;-111;-19;-130.05;12;868.1;1;77;011600c0fffa003a03c501180291adb0002e20101112;43.101616;3.022864;17;18;6.43;0.06;85.45;28;-0.006;0.058;0.965;0.34;-0.04;5.65
GNAT L082CZ - 05;3.92;23.06.21 - 11h23;23.06.21 - 11h23;105.01;1687339412708000000;27.8;3D3B8F7A9F26C005;1;-111;-16;-127.11;12;867.7;2;78;011600c0ffeb004603cf01180291ada4002e1fee120c;43.101604;3.02283;18;12;3.07;0.03;241;28;-0.021;0.07;0.975;0.41;-0.12;5.7
GNAT L082CZ - 05;3.92;23.06.21 - 11h25;23.06.21 - 11h24;111;1687339523706000000;27.8;3D3B8F7A9F26C005;2;-114;-15;-129.14;12;868.5;2;79;011600c0fff3002203fe01180291ad78002e1fec1214;43.10156;3.022828;18;20;4.9;0.04;181.66;28;-0.013;0.034;1.022;0.2;-0.08;5.98
GNAT L082CZ - 05;3.92;23.06.21 - 11h27;23.06.21 - 11h27;105;1687339628703000000;27.8;3D3B8F7A9F26C005;2;-112;-14;-126.17;12;867.5;2;80;011600c0ffea007003a401180291ad68002e1fed110e;43.101544;3.022829;17;14;1.78;0.02;177.72;28;-0.022;0.112;0.932;0.65;-0.13;5.45
GNAT L082CZ - 05;3.92;23.06.21 - 11h28;23.06.21 - 11h28;105.99;1687339734698000000;27.8;3D3B8F7A9F26C005;2;-114;-13;-127.21;12;868.3;1;81;011600c0ffe6006503f801180291ad50002e1fe41118;43.10152;3.02282;17;24;2.77;0.03;193.43;28;-0.026;0.101;1.016;0.59;-0.15;5.94
GNAT L082CZ - 05;3.92;23.06.21 - 11h30;23.06.21 - 11h30;105.07;1687339839768000000;28.2;3D3B8F7A9F26C005;2;-114;-13;-127.21;12;865.5;2;82;011a00c0fffa006303e501180291ad44002e1fbc1110;43.101508;3.02278;17;16;3.51;0.03;244.76;28;-0.006;0.099;0.997;0.58;-0.04;5.83
GNAT L082CZ - 05;3.92;23.06.21 - 11h32;23.06.21 - 11h32;123.71;1687339963475000000;27.8;3D3B8F7A9F26C005;2;-116;-12.5;-128.74;12;868.1;1;83;011600c0ffff001903fa01180291ad38002e1f2d111a;43.101496;3.022637;17;26;11.69;0.09;262.49;28;-0.001;0.025;1.018;0.15;-0.01;5.96
GNAT L082CZ - 05;3.92;23.06.21 - 11h34;23.06.21 - 11h34;116.24;1687340079715000000;28.2;3D3B8F7A9F26C005;2;-114;-13;-127.21;12;867.9;2;84;011a00c0ffe9004f03d101220291ad30002e1f281318;43.101488;3.022632;19;24;0.98;0.01;201.69;29;-0.023;0.079;0.977;0.46;-0.13;5.72
GNAT L082CZ - 05;3.92;23.06.21 - 11h36;23.06.21 - 11h36;123.99;1687340203705000000;29.1;3D3B8F7A9F26C005;2;-112;-15;-127.14;12;868.1;1;85;012300c0ffe7003e03ee01220291ad14002e1fe51117;43.10146;3.022821;17;23;15.66;0.13;103.11;29;-0.025;0.062;1.006;0.36;-0.15;5.89