GNAT L082CZ - 01;3.8;23.06.22 - 05h00;23.06.22 - 04h54;62377.03;1687402804727000000;27.4;3D3B8F7A9F26C001;1;-115;-20;-135.04;12;867.7;1;606;011200b401e5ff36049300fa0291b034002e1a901515;43.10226;3.021456;21;21;132.88;0;330.27;25;0.485;-0.202;1.171;-1.18;2.83;6.86
GNAT L082CZ - 01;3.8;23.06.22 - 05h13;23.06.22 - 05h12;808.99;1687403613713000000;27.4;3D3B8F7A9F26C001;1;-114;-21;-135.03;12;868.5;1;613;011200b40240ff3b049000fa0291afb8002e1b101417;43.102136;3.021584;20;23;17.27;0.02;146.67;25;0.576;-0.197;1.168;-1.15;3.37;6.84
GNAT L082CZ - 01;3.8;23.06.22 - 05h15;23.06.22 - 05h14;119;1687403732713000000;27.4;3D3B8F7A9F26C001;1;-114;-20;-134.04;12;865.3;1;614;011200b401fcff5004cd00fa0291af7c002e1ae51418;43.102076;3.021541;20;24;7.53;0.06;204.54;25;0.508;-0.176;1.229;-1.03;2.97;7.2
GNAT L082CZ - 01;3.8;23.06.22 - 05h17;23.06.22 - 05h16;114;1687403846713000000;27.8;3D3B8F7A9F26C001;1;-111;-23;-134.02;12;868.1;1;615;011600b401defef9047800fa0291af60002e1b141416;43.102048;3.021588;20;22;4.92;0.04;133.09;25;0.478;-0.263;1.144;-1.54;2.79;6.7
GNAT L082CZ - 01;3.8;23.06.22 - 05h25;23.06.22 - 05h24;471.98;1687404318694000000;27.8;3D3B8F7A9F26C001;1;-113;-20;-133.04;12;868.1;1;619;011600b401fdff18040c00fa0291aec0002e1b3c1118;43.101888;3.021628;17;24;18.09;0.04;170.95;25;0.509;-0.232;1.036;-1.36;2.97;6.06
GNAT L082CZ - 01;3.8;23.06.22 - 05h27;23.06.22 - 05h26;116;1687404434693000000;27;3D3B8F7A9F26C001;1;-114;-17;-131.09;12;865.9;2;620;010e00b40222ff34044a00fa0291aea8002e1b691116;43.101864;3.021673;17;22;4.52;0.04;129.95;25;0.546;-0.204;1.098;-1.19;3.19;6.43
GNAT L082CZ - 01;3.8;23.06.22 - 05h34;23.06.22 - 05h32;456.02;1687404890712000000;27.4;3D3B8F7A9F26C001;1;-114;-20;-134.04;12;865.5;1;624;011200b401f2ff18050a00fa0291ae08002e1b731417;43.101704;3.021683;20;23;17.81;0.04;177.72;25;0.498;-0.232;1.29;-1.36;2.91;7.56
GNAT L082CZ - 01;3.8;23.06.22 - 05h42;23.06.22 - 05h40;469.99;1687405360705000000;27.8;3D3B8F7A9F26C001;1;-114;-18;-132.07;12;865.3;2;628;011600b40200ff11049200fa0291ad68002e1b661318;43.101544;3.02167;19;24;17.82;0.04;182.96;25;0.512;-0.239;1.17;-1.4;2.99;6.85
GNAT L082CZ - 01;3.79;23.06.22 - 05h54;23.06.22 - 05h52;718.99;1687406079692000000;27.8;3D3B8F7A9F26C001;1;-114;-19;-133.05;12;865.3;2;634;011600b301e5fec903d100fa0291ac84002e1bac1118;43.101316;3.02174;17;24;25.98;0.04;168.94;25;0.485;-0.311;0.977;-1.82;2.83;5.72
GNAT L082CZ - 01;3.79;23.06.22 - 05h56;23.06.22 - 05h56;114.01;1687406193699000000;27.4;3D3B8F7A9F26C001;1;-114;-18;-132.07;12;868.5;1;635;011200b301b5ff5c050b00fa0291ac58002e1bc91217;43.101272;3.021769;18;23;5.43;0.05;157.25;25;0.437;-0.164;1.291;-0.96;2.55;7.56
GNAT L082CZ - 01;3.79;23.06.22 - 05h58;23.06.22 - 05h56;113.99;1687406307692000000;27.4;3D3B8F7A9F26C001;1;-114;-18;-132.07;12;865.1;2;636;011200b301ccff3304bf00fa0291ac38002e1bf11118;43.10124;3.021809;17;24;4.82;0.04;141.5;25;0.46;-0.205;1.215;-1.2;2.69;7.11
GNAT L082CZ - 01;3.79;23.06.22 - 06h00;23.06.22 - 05h58;120;1687406427692000000;27.4;3D3B8F7A9F26C001;1;-113;-19;-132.05;12;868.1;1;637;011200b30228ff66054400fa0291abfc002e1c041117;43.10118;3.021828;17;23;6.85;0.06;168.61;25;0.552;-0.154;1.348;-0.9;3.23;7.9
GNAT L082CZ - 01;3.79;23.06.22 - 06h02;23.06.22 - 06h00;114;1687406541687000000;28.3;3D3B8F7A9F26C001;1;-114;-19;-133.05;12;865.5;2;638;011b00b301f5fefe04aa00fa0291abd4002e1c241016;43.10114;3.02186;16;22;5.15;0.05;153.02;25;0.501;-0.258;1.194;-1.51;2.93;6.99
GNAT L082CZ - 01;3.79;23.06.22 - 06h06;23.06.22 - 06h04;234.02;1687406775712000000;27.8;3D3B8F7A9F26C001;1;-113;-18;-131.07;12;867.9;1;640;011600b30212febc050400fa0291ab78002e1c421417;43.101048;3.02189;20;23;10.52;0.04;168.28;25;0.53;-0.324;1.284;-1.89;3.1;7.52
GNAT L082CZ - 01;3.79;23.06.22 - 06h10;23.06.22 - 06h08;232;1687407007708000000;27;3D3B8F7A9F26C001;1;-113;-21;-134.03;12;865.9;2;642;010e00b30228feaa050500fa0291ab20002e1c521216;43.10096;3.021906;18;22;9.87;0.04;173.4;25;0.552;-0.342;1.285;-2;3.23;7.53
GNAT L082CZ - 01;3.79;23.06.22 - 06h29;23.06.22 - 06h28;1189;1687408196708000000;27.8;3D3B8F7A9F26C001;1;-113;-18;-131.07;12;865.3;1;652;011600b30218ff1504d600fa0291a9a8002e1cdf1316;43.100584;3.022047;19;22;43.35;0.04;166.59;25;0.536;-0.235;1.238;-1.37;3.13;7.25
GNAT L082CZ - 01;3.79;23.06.22 - 06h45;23.06.22 - 06h44;936.35;1687409133054000000;27.4;3D3B8F7A9F26C001;1;-113;-21;-134.03;12;865.1;1;660;011200b301f6ff5803bb00fa0291aeec002e16da1418;43.101932;3.020506;20;24;195.24;0.21;323.93;25;0.502;-0.168;0.955;-0.98;2.93;5.59
GNAT L082CZ - 01;3.78;23.06.22 - 06h53;23.06.22 - 06h52;467.65;1687409600702000000;27.8;3D3B8F7A9F26C001;1;-115;-21;-136.03;12;865.5;1;664;011600b20248ff0e055200fa0291a7cc002e1c301218;43.100108;3.021872;18;24;231.16;0.49;154.56;25;0.584;-0.242;1.362;-1.41;3.41;7.98
GNAT L082CZ - 01;3.78;23.06.22 - 07h19;23.06.22 - 07h18;1578.89;1687411179592000000;27.4;3D3B8F7A9F26C001;1;-116;-20;-136.04;12;865.1;1;678;011200b20227ff3c056500fa0291ae6c002e170b1217;43.101804;3.020555;18;23;216.79;0.14;333.68;25;0.551;-0.196;1.381;-1.14;3.22;8.09
GNAT L082CZ - 01;3.78;23.06.22 - 07h21;23.06.22 - 07h20;112.13;1687411291723000000;28.3;3D3B8F7A9F26C001;1;-114;-18;-132.07;12;868.5;1;679;011b00b201b4ff2c035700fa0291a4c4002e1dd71416;43.099332;3.022295;20;22;309.05;2.76;155.93;25;0.436;-0.212;0.855;-1.24;2.55;5
GNAT L082CZ - 01;3.79;23.06.22 - 07h26;23.06.22 - 07h26;325.31;1687411617034000000;27.8;3D3B8F7A9F26C001;1;-115;-20;-135.04;12;865.9;1;682;011600b3022dffa4041f00fa0291acd4002e178e1118;43.101396;3.020686;17;24;264.08;0.81;333.6;25;0.557;-0.092;1.055;-0.54;3.25;6.17
GNAT L082CZ - 01;3.79;23.06.22 - 07h28;23.06.22 - 07h28;120.66;1687411737695000000;27.8;3D3B8F7A9F26C001;1;-115;-19;-134.05;12;868.5;1;683;011600b301fffed5050400fa0291a528002e1f141115;43.099432;3.022612;17;21;268.6;2.23;148.1;25;0.511;-0.299;1.284;-1.75;2.99;7.52
GNAT L082CZ - 01;3.79;23.06.22 - 07h30;23.06.22 - 07h30;103.31;1687411841007000000;27.4;3D3B8F7A9F26C001;1;-116;-20;-136.04;12;865.3;2;684;011200b30200ffa7035200fa0291accc002e19441016;43.101388;3.021124;16;22;248.8;2.41;334.16;25;0.512;-0.089;0.85;-0.52;2.99;4.97
GNAT L082CZ - 01;3.78;23.06.22 - 07h34;23.06.22 - 07h32;224;1687412065009000000;27.4;3D3B8F7A9F26C001;1;-116;-19;-135.05;12;865.5;2;686;011200b20230ff78042300fa0291aaac002e18991017;43.100844;3.020953;16;23;62.06;0.28;191.31;25;0.56;-0.136;1.059;-0.79;3.27;6.2
GNAT L082CZ - 01;3.78;23.06.22 - 07h40;23.06.22 - 07h36;342.24;1687412407244000000;27;3D3B8F7A9F26C001;1;-118;-18.5;-136.56;12;868.3;1;689;010e00b201b7ffb203ed00fa0291a3c0002e20fa1116;43.099072;3.023098;17;22;262.97;0.77;142.48;25;0.439;-0.078;1.005;-0.46;2.56;5.88
GNAT L082CZ - 01;3.78;23.06.22 - 07h41;23.06.22 - 07h40;103.77;1687412511014000000;27.8;3D3B8F7A9F26C001;1;-114;-16;-130.11;12;865.1;1;690;011600b20227ff88048100fa0291acf4002e1b19110f;43.101428;3.021593;17;15;289.07;2.79;337.87;25;0.551;-0.12;1.153;-0.7;3.22;6.75
GNAT L082CZ - 01;3.78;23.06.22 - 07h45;23.06.22 - 07h44;235.23;1687412746243000000;27;3D3B8F7A9F26C001;1;-114;-16.25;-130.35;12;865.9;2;692;010e00b201e6ff31058300fa0291a520002e1fd81117;43.099424;3.022808;17;23;243.69;1.04;158.95;25;0.486;-0.207;1.411;-1.21;2.84;8.27
GNAT L082CZ - 01;3.78;23.06.22 - 07h47;23.06.22 - 07h45;104.77;1687412851016000000;27.4;3D3B8F7A9F26C001;1;-113;-18;-131.07;12;868.1;1;693;011200b2016bff7b047f00fa0291a944002e1b8f1117;43.100484;3.021711;17;23;147.73;1.41;326.65;25;0.363;-0.133;1.151;-0.78;2.12;6.74
GNAT L082CZ - 01;3.78;23.06.22 - 07h51;23.06.22 - 07h48;227;1687413078016000000;27;3D3B8F7A9F26C001;1;-116;-22;-138.03;12;868.5;1;695;010e00b201acfeb004e600fa0291a9d8002e1d481117;43.100632;3.022152;17;23;39.41;0.17;62.18;25;0.428;-0.336;1.254;-1.96;2.5;7.34
GNAT L082CZ - 01;3.78;23.06.22 - 07h53;23.06.22 - 07h52;117.24;1687413195251000000;27;3D3B8F7A9F26C001;1;-116;-16;-132.11;12;867.7;2;696;010e00b201beff71050100fa0291a2e0002e243e1217;43.098848;3.023934;18;23;245.53;2.09;147.65;25;0.446;-0.143;1.281;-0.84;2.61;7.5
GNAT L082CZ - 01;3.78;23.06.22 - 07h56;23.06.22 - 07h56;224.45;1687413419700000000;27.4;3D3B8F7A9F26C001;1;-114;-16;-130.11;12;867.1;1;698;011200b2024f0000058900fa0291a218002e251e1216;43.098648;3.024158;18;22;28.73;0.13;144.61;25;0.591;0;1.417;0;3.45;8.31
GNAT L082CZ - 01;3.78;23.06.22 - 08h11;23.06.22 - 08h08;879.33;1687414299028000000;27.8;3D3B8F7A9F26C001;1;-114;-16;-130.11;12;867.3;1;706;011600b201efff87053200fa0291a684002e22261317;43.09978;3.023398;19;23;140.18;0.16;336.9;25;0.495;-0.121;1.33;-0.71;2.89;7.79
GNAT L082CZ - 01;3.78;23.06.22 - 08h13;23.06.22 - 08h12;123.23;1687414422257000000;27.8;3D3B8F7A9F26C001;1;-116;-16.75;-132.84;12;868.3;1;707;011600b201f9ff29041a00fa0291a098002e28c91316;43.098264;3.025097;19;22;217.82;1.77;144.62;25;0.505;-0.215;1.05;-1.26;2.95;6.14
GNAT L082CZ - 01;3.78;23.06.22 - 08h15;23.06.22 - 08h13;103.77;1687414526029000000;27.8;3D3B8F7A9F26C001;1;-114;-20;-134.04;12;867.3;1;708;011600b20168ff3b05c000fa0291a68c002e23161316;43.099788;3.023638;19;22;206.76;1.99;328.69;25;0.36;-0.197;1.472;-1.15;2.1;8.63
GNAT L082CZ - 01;3.78;23.06.22 - 08h19;23.06.22 - 08h18;234.68;1687414760711000000;27.4;3D3B8F7A9F26C001;2;-113;-15;-128.14;12;865.3;1;710;011200b202070027047600fa0291a0e0002e28f61317;43.098336;3.025142;19;23;202.43;0.86;146.71;25;0.519;0.039;1.142;0.23;3.03;6.69
GNAT L082CZ - 01;3.78;23.06.22 - 08h21;23.06.22 - 08h20;112.01;1687414872724000000;27.8;3D3B8F7A9F26C001;1;-113;-23;-136.02;12;868.3;1;711;011600b201d1ff2a036400fa0291a01c002e296f1417;43.09814;3.025263;20;23;23.91;0.21;158.63;25;0.465;-0.214;0.868;-1.25;2.72;5.08
GNAT L082CZ - 01;3.78;23.06.22 - 08h24;23.06.22 - 08h24;226.99;1687415099710000000;27.8;3D3B8F7A9F26C001;1;-114;-21;-135.03;12;868.5;1;713;011600b20216ffbf04c600fa02919fdc002e2afe1318;43.098076;3.025662;19;24;33.17;0.15;104.21;25;0.534;-0.065;1.222;-0.38;3.12;7.16
GNAT L082CZ - 01;3.78;23.06.22 - 08h32;23.06.22 - 08h32;452.57;1687415552281000000;27.4;3D3B8F7A9F26C001;1;-113;-17.5;-130.58;12;868.1;1;717;011200b2020dffc1052200f002919fa8002e2d051418;43.098024;3.026181;20;24;42.53;0.09;98.99;24;0.525;-0.063;1.314;-0.37;3.07;7.7
GNAT L082CZ - 01;3.77;23.06.22 - 08h34;23.06.22 - 08h32;110.43;1687415662712000000;27.4;3D3B8F7A9F26C001;1;-115;-22;-137.03;12;865.3;1;718;011200b101b3fef604e300f00291a4dc002e26821317;43.099356;3.024514;19;23;200.64;1.82;321.52;24;0.435;-0.266;1.251;-1.55;2.54;7.33
GNAT L082CZ - 01;3.78;23.06.22 - 08h36;23.06.22 - 08h34;103.32;1687415766029000000;27.4;3D3B8F7A9F26C001;1;-114;-22;-136.03;12;868.1;1;719;011200b201f0ffa2044c00fa0291a5a8002e25b81310;43.09956;3.024312;19;16;27.99;0.27;327.84;25;0.496;-0.094;1.1;-0.55;2.9;6.44
GNAT L082CZ - 01;3.78;23.06.22 - 08h38;23.06.22 - 08h36;114.68;1687415880706000000;27;3D3B8F7A9F26C001;1;-114;-18;-132.07;12;867.3;2;720;010e00b2021fff9204fc00fa02919f90002e2e751317;43.098;3.026549;19;23;251.15;2.19;137.75;25;0.543;-0.11;1.276;-0.64;3.17;7.47
GNAT L082CZ - 01;3.78;23.06.22 - 08h39;23.06.22 - 08h38;103.72;1687415984427000000;27.4;3D3B8F7A9F26C001;1;-114;-20;-134.04;12;868.5;1;721;011200b20282ffe1045e00fa029199e8002e36ae1312;43.096552;3.028654;19;18;234.81;2.26;137.41;25;0.642;-0.031;1.118;-0.18;3.75;6.54
GNAT L082CZ - 01;3.77;23.06.22 - 08h42;23.06.22 - 08h42;182.11;1687416166534000000;27.8;3D3B8F7A9F26C001;1;-111;-20;-131.04;12;868.3;1;723;011600b1020dff850494010402919f94002e2ef31316;43.098004;3.026675;19;22;227.79;1.25;319.16;26;0.525;-0.123;1.172;-0.72;3.07;6.86
