GNAT L082CZ - 04;3.95;23.06.21 - 09h41;23.06.21 - 09h40;181.11;1687333263445000000;30;3D3B8F7A9F26C004;2;-114;-11;-125.33;12;867.7;2;14;012c00c3ff4d01f403ad01180291a7f8002e29011218;43.100152;3.025153;18;24;185.77;1.03;11.87;28;-0.179;0.5;0.941;2.92;-1.05;5.5
GNAT L082CZ - 04;3.94;23.06.21 - 09h44;23.06.21 - 09h43;182.11;1687333445552000000;30;3D3B8F7A9F26C004;1;-114;-17;-131.09;12;867.7;1;16;012c00c2ff7a0115042f01180291a79c002e28691217;43.10006;3.025001;18;23;16.03;0.09;226.39;28;-0.134;0.277;1.071;1.62;-0.78;6.27
GNAT L082CZ - 04;3.95;23.06.21 - 09h46;23.06.21 - 09h46;140.97;1687333586522000000;29.5;3D3B8F7A9F26C004;1;-107;-24;-131.02;12;868.5;1;17;012700c3ff5200ff03da010e0291a7b0002e280d1215;43.10008;3.024909;18;21;7.79;0.06;288.88;27;-0.174;0.255;0.986;1.49;-1.02;5.77
GNAT L082CZ - 04;3.95;23.06.21 - 09h49;23.06.21 - 09h48;181.11;1687333767629000000;30;3D3B8F7A9F26C004;1;-114;-17;-131.09;12;868.5;2;19;012c00c3ff5e0112041f01040291a784002e27ce1215;43.100036;3.024846;18;21;7.08;0.04;222.29;26;-0.162;0.274;1.055;1.6;-0.95;6.17
GNAT L082CZ - 04;3.95;23.06.21 - 09h50;23.06.21 - 09h49;40.14;1687333807766000000;29.1;3D3B8F7A9F26C004;1;-115;-16;-131.11;12;865.9;2;20;012300c3ff69011f0410010e0291a73c002e27ef1216;43.099964;3.024879;18;22;8.44;0.21;163.76;27;-0.151;0.287;1.04;1.68;-0.88;6.09
GNAT L082CZ - 04;3.95;23.06.21 - 09h52;23.06.21 - 09h50;140.97;1687333948737000000;29.1;3D3B8F7A9F26C004;1;-110;-19;-129.05;12;868.1;1;21;012300c3ff4400da03fa01040291a718002e27fc1317;43.099928;3.024892;19;23;4.14;0.03;167.08;26;-0.188;0.218;1.018;1.27;-1.1;5.96
GNAT L082CZ - 04;3.95;23.06.21 - 09h53;23.06.21 - 09h52;40.14;1687333988874000000;28.7;3D3B8F7A9F26C004;1;-113;-16;-129.11;12;865.5;2;22;011f00c3ff720104040001040291a73c002e27231215;43.099964;3.024675;18;21;18.07;0.45;284.63;26;-0.142;0.26;1.024;1.52;-0.83;5.99
GNAT L082CZ - 04;3.95;23.06.21 - 09h55;23.06.21 - 09h55;140.97;1687334129844000000;30;3D3B8F7A9F26C004;1;-115;-19;-134.05;12;868.5;1;23;012c00c3ff5700eb03f501040291a6a4002e27c71217;43.099812;3.024839;18;23;21.52;0.15;145.58;26;-0.169;0.235;1.013;1.37;-0.99;5.93
GNAT L082CZ - 04;3.95;23.06.21 - 09h56;23.06.21 - 09h55;40.14;1687334169982000000;29.1;3D3B8F7A9F26C004;2;-114;-15;-129.14;12;867.3;2;24;012300c3ff6800de03f8010e0291a684002e27c21218;43.09978;3.024834;18;24;3.58;0.09;185.67;27;-0.152;0.222;1.016;1.3;-0.89;5.94
GNAT L082CZ - 04;3.95;23.06.21 - 09h58;23.06.21 - 09h58;140.97;1687334310951000000;29.1;3D3B8F7A9F26C004;1;-114;-16;-130.11;12;868.5;1;25;012300c3ff3e010203ed01040291a668002e27971215;43.099752;3.024791;18;21;4.68;0.03;224.29;26;-0.194;0.258;1.005;1.51;-1.13;5.88
GNAT L082CZ - 04;3.95;23.06.21 - 09h59;23.06.21 - 09h58;39.14;1687334350090000000;28.3;3D3B8F7A9F26C004;1;-114;-17;-131.09;12;866.7;2;26;011b00c3ffa5015f044201040291a620002e278d1217;43.09968;3.024781;18;23;8.05;0.21;185.04;26;-0.091;0.351;1.09;2.05;-0.53;6.38
GNAT L082CZ - 04;3.95;23.06.21 - 10h01;23.06.21 - 10h00;140.97;1687334491058000000;28.7;3D3B8F7A9F26C004;1;-114;-18;-132.07;12;868.5;1;27;011f00c3ff940112042001040291a600002e27621216;43.099648;3.024738;18;22;4.98;0.04;220.48;26;-0.108;0.274;1.056;1.6;-0.63;6.18
GNAT L082CZ - 04;3.95;23.06.21 - 10h05;23.06.21 - 10h04;221.25;1687334712305000000;28.3;3D3B8F7A9F26C004;1;-114;-17;-131.09;12;867.3;1;30;011b00c3ff1b014b041200fa0291a520002e27071215;43.099424;3.024647;18;21;25.98;0.12;194.46;25;-0.229;0.331;1.042;1.93;-1.34;6.1
GNAT L082CZ - 04;3.95;23.06.21 - 10h07;23.06.21 - 10h07;140.97;1687334853274000000;29.1;3D3B8F7A9F26C004;1;-112;-18;-130.07;12;868.1;1;31;012300c3ff2400bc044800fa0291a4f8002e26fe1215;43.099384;3.024638;18;21;4.51;0.03;188.13;25;-0.22;0.188;1.096;1.1;-1.29;6.41
GNAT L082CZ - 04;3.95;23.06.21 - 10h08;23.06.21 - 10h07;40.14;1687334893411000000;28.7;3D3B8F7A9F26C004;1;-114;-17;-131.09;12;867.7;1;32;011f00c3ff7f01330427010e0291a4ac002e27061218;43.099308;3.024646;18;24;8.48;0.21;176.18;27;-0.129;0.307;1.063;1.79;-0.75;6.22
GNAT L082CZ - 04;3.95;23.06.21 - 10h11;23.06.21 - 10h10;181.66;1687335075067000000;28.3;3D3B8F7A9F26C004;1;-118;-17;-135.09;12;867.3;2;34;011b00c3ff5d00ff038801040291a40c002e26961218;43.099148;3.024534;18;24;19.98;0.11;203.96;26;-0.163;0.255;0.904;1.49;-0.95;5.29
GNAT L082CZ - 04;3.95;23.06.21 - 10h13;23.06.21 - 10h13;141.42;1687335216488000000;29.1;3D3B8F7A9F26C004;1;-113;-16;-129.11;12;868.1;2;35;012300c3ffa8013203ca01040291a404002e26aa1216;43.09914;3.024554;18;22;1.85;0.01;122.22;26;-0.088;0.306;0.97;1.79;-0.51;5.67
GNAT L082CZ - 04;3.94;23.06.21 - 10h14;23.06.21 - 10h13;40.14;1687335256626000000;28.7;3D3B8F7A9F26C004;1;-114;-17;-131.09;12;866.7;2;36;011f00c2feee010f03f801040291a370002e267f1218;43.098992;3.024511;18;24;16.82;0.42;190.45;26;-0.274;0.271;1.016;1.58;-1.6;5.94
GNAT L082CZ - 04;3.95;23.06.21 - 10h20;23.06.21 - 10h19;362.22;1687335618842000000;28.7;3D3B8F7A9F26C004;1;-113;-23;-136.02;12;867.7;1;40;011f00c3ff9d010e041e01040291a2b8002e26051316;43.098808;3.024389;19;22;22.73;0.06;202.81;26;-0.099;0.27;1.054;1.58;-0.58;6.17
GNAT L082CZ - 04;3.95;23.06.21 - 10h23;23.06.21 - 10h23;195.71;1687335814554000000;27.4;3D3B8F7A9F26C004;1;-114;-22;-136.03;12;865.9;1;42;011200c3ff6f00d003d301040291a1e8002e25aa131a;43.0986;3.024298;19;26;24.28;0.12;195.51;26;-0.145;0.208;0.979;1.21;-0.85;5.73
GNAT L082CZ - 04;3.95;23.06.21 - 10h26;23.06.21 - 10h26;181.11;1687335995661000000;28.7;3D3B8F7A9F26C004;1;-115;-20;-135.04;12;865.5;2;44;011f00c3ff0a0077047101040291a014002e27411317;43.098132;3.024705;19;23;61.64;0.34;151.13;26;-0.246;0.119;1.137;0.7;-1.44;6.66