GNAT L082CZ - 06;3.96;23.06.21 - 10h40;23.06.21 - 10h39;239.02;1687336828695000000;27;3D3B8F7A9F26C006;2;-114;-13;-127.21;12;865.3;2;40;010e00c40082013a034200e60291af1c002e1f2f1118;43.10198;3.022639;17;24;167.96;0.7;81.69;23;0.13;0.314;0.834;1.83;0.76;4.88
GNAT L082CZ - 06;3.96;23.06.21 - 10h44;23.06.21 - 10h43;240.99;1687337069684000000;27.4;3D3B8F7A9F26C006;1;-114;-17;-131.09;12;866.7;1;42;011200c4fdab0014035100e60291ae3c002e1f621018;43.101756;3.02269;16;24;25.25;0.1;171.75;23;-0.597;0.02;0.849;0.12;-3.49;4.96
GNAT L082CZ - 06;3.96;23.06.21 - 10h46;23.06.21 - 10h45;116;1687337185686000000;27;3D3B8F7A9F26C006;1;-114;-16;-130.11;12;868.5;1;43;010e00c4fffc00a603d700e60291ae54002e1f431017;43.10178;3.022659;16;23;3.67;0.03;320.56;23;-0.004;0.166;0.983;0.97;-0.02;5.75
GNAT L082CZ - 06;3.96;23.06.21 - 10h50;23.06.21 - 10h50;243;1687337428686000000;27;3D3B8F7A9F26C006;1;-114;-16;-130.11;12;868.5;2;45;010e00c40052006f036100e60291ae48002e1f6b1016;43.101768;3.022699;16;22;3.51;0.01;115.23;23;0.082;0.111;0.865;0.65;0.48;5.06
GNAT L082CZ - 06;3.96;23.06.21 - 10h52;23.06.21 - 10h52;120;1687337548684000000;27.4;3D3B8F7A9F26C006;1;-112;-17;-129.09;12;867.5;2;46;011200c4ffd3002803ba00e60291ae34002e1f771016;43.101748;3.022711;16;22;2.43;0.02;159.09;23;-0.045;0.04;0.954;0.23;-0.26;5.58
GNAT L082CZ - 06;3.96;23.06.21 - 10h54;23.06.21 - 10h54;118.99;1687337667677000000;27.4;3D3B8F7A9F26C006;1;-112;-17;-129.09;12;868.3;1;47;011200c4ffc6005903c800e60291ae34002e1f700f18;43.101748;3.022704;15;24;0.57;0;270;23;-0.058;0.089;0.968;0.52;-0.34;5.66
GNAT L082CZ - 06;3.96;23.06.21 - 10h56;23.06.21 - 10h56;119.99;1687337787665000000;27;3D3B8F7A9F26C006;1;-113;-16;-129.11;12;867.5;1;48;010e00c40019ffec03f900e60291ae28002e1f740d18;43.101736;3.022708;13;24;1.37;0.01;168.02;23;0.025;-0.02;1.017;-0.12;0.15;5.95
GNAT L082CZ - 06;3.96;23.06.21 - 11h00;23.06.21 - 11h00;241.02;1687338028683000000;27.4;3D3B8F7A9F26C006;2;-114;-15;-129.14;12;865.5;2;50;011200c4002bfffc03e000e60291ae38002e1f851016;43.101752;3.022725;16;22;2.25;0.01;34.08;23;0.043;-0.004;0.992;-0.02;0.25;5.8
GNAT L082CZ - 06;3.96;23.06.21 - 11h08;23.06.21 - 11h08;482;1687338510683000000;27.4;3D3B8F7A9F26C006;2;-114;-14;-128.17;12;867.3;2;54;011200c4ffac00bd03d800f00291ae34002e1f701016;43.101748;3.022704;16;22;1.76;0;253.35;24;-0.084;0.189;0.984;1.1;-0.49;5.76
GNAT L082CZ - 06;3.96;23.06.21 - 11h10;23.06.21 - 11h10;118.01;1687338628690000000;27.4;3D3B8F7A9F26C006;2;-114;-15;-129.14;12;868.5;2;55;011200c4004a009303b700f00291ae34002e1f7a1118;43.101748;3.022714;17;24;0.81;0.01;90;24;0.074;0.147;0.951;0.86;0.43;5.56
GNAT L082CZ - 06;3.96;23.06.21 - 11h12;23.06.21 - 11h11;119.99;1687338748682000000;27.8;3D3B8F7A9F26C006;2;-114;-14;-128.17;12;867.3;2;56;011600c4001200a2037100f00291ae28002e1f921018;43.101736;3.022738;16;24;2.36;0.02;128.14;24;0.018;0.162;0.881;0.95;0.11;5.15
GNAT L082CZ - 06;3.96;23.06.21 - 11h14;23.06.21 - 11h14;120;1687338868683000000;27.8;3D3B8F7A9F26C006;1;-114;-17;-131.09;12;868.1;1;57;011600c4fff60069038300f00291ae2c002e1f851017;43.10174;3.022725;16;23;1.15;0.01;295.79;24;-0.01;0.105;0.899;0.61;-0.06;5.26
GNAT L082CZ - 06;3.96;23.06.21 - 11h16;23.06.21 - 11h16;125.01;1687338993697000000;27.8;3D3B8F7A9F26C006;1;-112;-16;-128.11;12;867.5;1;58;011600c4ffc500c703f100f00291ae20002e20441217;43.101728;3.022916;18;23;15.56;0.12;95.64;24;-0.059;0.199;1.009;1.16;-0.34;5.9
GNAT L082CZ - 06;3.96;23.06.21 - 11h18;23.06.21 - 11h18;100.98;1687339094678000000;27.8;3D3B8F7A9F26C006;2;-112;-15;-127.14;12;868.1;2;59;011600c400260018040100f00291ae5c002e1f4a0f0b;43.101788;3.022666;15;11;21.37;0.21;290.65;24;0.038;0.024;1.025;0.14;0.22;6
GNAT L082CZ - 06;3.96;23.06.21 - 11h24;23.06.21 - 11h24;372.02;1687339466700000000;28.7;3D3B8F7A9F26C006;2;-114;-14;-128.17;12;867.3;2;62;011f00c4ffc2007d03f400fa0291ae58002e1f531218;43.101784;3.022675;18;24;0.86;0;124.91;25;-0.062;0.125;1.012;0.73;-0.36;5.92
GNAT L082CZ - 06;3.96;23.06.21 - 11h28;23.06.21 - 11h28;240;1687339706705000000;28.7;3D3B8F7A9F26C006;1;-114;-16;-130.11;12;865.9;2;64;011f00c40041004b03f800fa0291ae4c002e1f451316;43.101772;3.022661;19;22;1.75;0.01;216.61;25;0.065;0.075;1.016;0.44;0.38;5.94
GNAT L082CZ - 06;3.96;23.06.21 - 11h30;23.06.21 - 11h30;241.01;1687339825692000000;28.3;3D3B8F7A9F26C006;1;-112;-17;-129.09;12;868.3;2;65;011b00c4fff2009a03ba00fa0291ae4c002e1f391117;43.101772;3.022649;17;23;9.44;0.04;285.54;25;-0.014;0.154;0.954;0.9;-0.08;5.58
GNAT L082CZ - 06;3.96;23.06.21 - 11h32;23.06.21 - 11h32;120.01;1687339945706000000;28.7;3D3B8F7A9F26C006;1;-114;-16;-130.11;12;867.3;2;66;011f00c4ffed008b03cf00fa0291ae48002e1f381318;43.101768;3.022648;19;24;0.45;0;189.04;25;-0.019;0.139;0.975;0.81;-0.11;5.7
GNAT L082CZ - 06;3.96;23.06.21 - 11h34;23.06.21 - 11h34;121;1687340066705000000;28.7;3D3B8F7A9F26C006;1;-112;-17;-129.09;12;868.3;1;67;011f00c4ff84009a03c800fa0291ae50002e1f471317;43.101776;3.022663;19;23;1.51;0.01;50.05;25;-0.124;0.154;0.968;0.9;-0.72;5.66
GNAT L082CZ - 06;3.96;23.06.21 - 11h36;23.06.21 - 11h36;120;1687340186707000000;29.1;3D3B8F7A9F26C006;2;-114;-14;-128.17;12;866.7;2;68;012300c40015007e03bd00fa0291ae4c002e1f411316;43.101772;3.022657;19;22;0.66;0.01;223.68;25;0.021;0.126;0.957;0.74;0.12;5.6
GNAT L082CZ - 06;3.96;23.06.21 - 11h38;23.06.21 - 11h36;118.99;1687340305695000000;28.7;3D3B8F7A9F26C006;1;-108;-21;-129.03;12;868.3;1;69;011f00c4fff3004d03c600fa0291ae30002e1f451118;43.101744;3.022661;17;24;3.13;0.03;174.8;25;-0.013;0.077;0.966;0.45;-0.08;5.65