GNAT L082CZ - 08;3.93;23.06.21 - 10h39;23.06.21 - 10h39;237;1687336763687000000;27.8;3D3B8F7A9F26C008;3;-113;-9;-122.51;12;867.7;3;50;011600c1ff1e0208037700f00291afe4002e1ece1015;43.10218;3.022542;16;21;191.31;0.81;80.42;24;-0.226;0.52;0.887;3.04;-1.32;5.19
GNAT L082CZ - 08;3.94;23.06.21 - 10h43;23.06.21 - 10h42;244;1687337007687000000;27.8;3D3B8F7A9F26C008;1;-114;-17;-131.09;12;865.5;2;52;011600c2ffbf011b03ee00f00291ae94002e1ead1018;43.101844;3.022509;16;24;37.46;0.15;183.58;24;-0.065;0.283;1.006;1.65;-0.38;5.89
GNAT L082CZ - 08;3.93;23.06.21 - 10h45;23.06.21 - 10h44;118.55;1687337126235000000;27.8;3D3B8F7A9F26C008;1;-116;-17.25;-133.33;12;868.5;1;53;011600c1ffe6011a03e100f00291ae98002e1f1f1016;43.101848;3.022623;16;22;9.27;0.08;86.85;24;-0.026;0.282;0.993;1.65;-0.15;5.81
GNAT L082CZ - 08;3.94;23.06.21 - 10h55;23.06.21 - 10h54;600.45;1687337726688000000;27.8;3D3B8F7A9F26C008;2;-114;-15;-129.14;12;866.1;2;58;011600c2ffd80105038800f00291adc4002e1f741018;43.101636;3.022708;16;24;24.56;0.04;165.68;24;-0.04;0.261;0.904;1.52;-0.23;5.29
GNAT L082CZ - 08;3.94;23.06.21 - 10h57;23.06.21 - 10h56;121;1687337847687000000;27.4;3D3B8F7A9F26C008;1;-114;-17;-131.09;12;868.5;1;59;011200c2ffd400e803d300f00291adb0002e1fc71017;43.101616;3.022791;16;23;7.1;0.06;110.73;24;-0.044;0.232;0.979;1.36;-0.26;5.73
GNAT L082CZ - 08;3.93;23.06.21 - 10h59;23.06.21 - 10h58;121.01;1687337968694000000;27.8;3D3B8F7A9F26C008;2;-114;-15;-129.14;12;865.3;2;60;011600c1ffcd010403ba00f00291ad90002e1fce1116;43.101584;3.022798;17;22;3.6;0.03;172.07;24;-0.051;0.26;0.954;1.52;-0.3;5.58
GNAT L082CZ - 08;3.94;23.06.21 - 11h01;23.06.21 - 11h00;116.99;1687338085687000000;27.8;3D3B8F7A9F26C008;2;-113;-15;-128.14;12;868.1;2;61;011600c2ffb9010c03cd00f00291ad9c002e200e1017;43.101596;3.022862;16;23;5.36;0.05;73.59;24;-0.071;0.268;0.973;1.57;-0.41;5.69
GNAT L082CZ - 08;3.93;23.06.21 - 11h03;23.06.21 - 11h03;121;1687338206687000000;27.8;3D3B8F7A9F26C008;2;-114;-15;-129.14;12;867.3;2;62;011600c1ffaf011b039c00f00291ad70002e20481016;43.101552;3.02292;16;22;6.79;0.06;140;24;-0.081;0.283;0.924;1.65;-0.47;5.4
GNAT L082CZ - 08;3.94;23.06.21 - 11h05;23.06.21 - 11h05;119.99;1687338326681000000;28.3;3D3B8F7A9F26C008;1;-112;-21;-133.03;12;868.5;1;63;011b00c2ffa700d403c200f00291ad4c002e203d0f17;43.101516;3.022909;15;23;4.1;0.03;191.01;24;-0.089;0.212;0.962;1.24;-0.52;5.63
GNAT L082CZ - 08;3.93;23.06.21 - 11h07;23.06.21 - 11h06;121;1687338447679000000;27.8;3D3B8F7A9F26C008;1;-114;-19;-133.05;12;867.1;2;64;011600c1ffbb00cb03ef00f00291acdc002e1ff10f18;43.101404;3.022833;15;24;13.9;0.11;203.36;24;-0.069;0.203;1.007;1.19;-0.4;5.89
GNAT L082CZ - 08;3.93;23.06.21 - 11h11;23.06.21 - 11h10;238.01;1687338685693000000;27.8;3D3B8F7A9F26C008;1;-114;-17;-131.09;12;867.7;2;66;011600c1ff9d014403c500fa0291ad08002e20801118;43.101448;3.022976;17;24;12.6;0.05;64.2;25;-0.099;0.324;0.965;1.89;-0.58;5.65
GNAT L082CZ - 08;3.93;23.06.21 - 11h15;23.06.21 - 11h14;242.01;1687338927700000000;28.3;3D3B8F7A9F26C008;1;-114;-17;-131.09;12;865.5;2;68;011b00c1ffeb00f303b300fa0291acbc002e20bb1218;43.101372;3.023035;18;24;9.71;0.04;153.71;25;-0.021;0.243;0.947;1.42;-0.12;5.54
GNAT L082CZ - 08;3.93;23.06.21 - 11h17;23.06.21 - 11h17;122.55;1687339050250000000;28.7;3D3B8F7A9F26C008;1;-110;-19.5;-129.55;12;868.1;1;69;011f00c1ffba017103de00fa0291ac84002e20ae1317;43.101316;3.023022;19;23;6.32;0.05;188.4;25;-0.07;0.369;0.99;2.16;-0.41;5.79
GNAT L082CZ - 08;3.93;23.06.21 - 11h19;23.06.21 - 11h18;117.44;1687339167694000000;28.7;3D3B8F7A9F26C008;1;-112;-19;-131.05;12;866.5;1;70;011f00c1ffd40158041600fa0291ac8c002e21051117;43.101324;3.023109;17;23;7.12;0.06;81.78;25;-0.044;0.344;1.046;2.01;-0.26;6.12
GNAT L082CZ - 08;3.94;23.06.21 - 11h21;23.06.21 - 11h20;120;1687339287699000000;28.7;3D3B8F7A9F26C008;1;-111;-22;-133.03;12;868.3;1;71;011f00c2ffd900fb03f200fa0291ac38002e20dd1217;43.10124;3.023069;18;23;9.89;0.08;196.86;25;-0.039;0.251;1.01;1.47;-0.23;5.91
GNAT L082CZ - 08;3.93;23.06.21 - 11h25;23.06.21 - 11h25;243.54;1687339531241000000;29.1;3D3B8F7A9F26C008;1;-114;-16.5;-130.6;12;868.1;2;73;012300c1ffc3015503c601040291ac08002e21011116;43.101192;3.023105;17;22;6.09;0.03;154.49;26;-0.061;0.341;0.966;1.99;-0.36;5.65
GNAT L082CZ - 08;3.94;23.06.21 - 11h27;23.06.21 - 11h27;120.46;1687339651697000000;29.1;3D3B8F7A9F26C008;1;-114;-18;-132.07;12;867.1;2;74;012300c2ffc700e703c001040291abe8002e21191117;43.10116;3.023129;17;23;4.06;0.03;154.49;26;-0.057;0.231;0.96;1.35;-0.33;5.62
GNAT L082CZ - 08;3.94;23.06.21 - 11h29;23.06.21 - 11h29;118.99;1687339770689000000;29.5;3D3B8F7A9F26C008;1;-113;-18;-131.07;12;868.1;2;75;012700c2ffc9010e041001040291abcc002e212d1118;43.101132;3.023149;17;24;3.51;0.03;155.56;26;-0.055;0.27;1.04;1.58;-0.32;6.09
GNAT L082CZ - 08;3.94;23.06.21 - 11h31;23.06.21 - 11h30;121;1687339891692000000;29.5;3D3B8F7A9F26C008;1;-114;-17;-131.09;12;867.5;1;76;012700c2ffc0010603cd01040291abb4002e21591117;43.101108;3.023193;17;23;4.46;0.04;130.61;26;-0.064;0.262;0.973;1.53;-0.37;5.69
GNAT L082CZ - 08;3.94;23.06.21 - 11h33;23.06.21 - 11h33;116.01;1687340007700000000;29.5;3D3B8F7A9F26C008;1;-113;-18;-131.07;12;868.5;1;77;012700c2ffd1012603c901040291aba0002e21771218;43.101088;3.023223;18;24;3.3;0.03;136.34;26;-0.047;0.294;0.969;1.72;-0.27;5.67
GNAT L082CZ - 08;3.94;23.06.21 - 11h35;23.06.21 - 11h35;120.99;1687340128693000000;29.5;3D3B8F7A9F26C008;1;-114;-17;-131.09;12;867.9;2;78;012700c2ffc6012003e001040291ab6c002e21901116;43.101036;3.023248;17;22;6.13;0.05;162.99;26;-0.058;0.288;0.992;1.68;-0.34;5.8