GNAT L082CZ - 04;3.94;23.04.21 - 09h03;23.03.08 - 09h24;79042.35;1682060637562000000;19.8;3D3B8F7A9F26C004;1;-114;-16;-130.11;12;868.5;1;3;00c600c20222fffe025100960291e098002dc5931120;43.114648;2.999699;17;32;89428.65;1.13;220.1;15;0.546;-0.002;0.593;-0.01;3.19;3.47
GNAT L082CZ - 04;3.94;23.04.21 - 09h08;23.04.21 - 09h03;246;1682060883560000000;20.2;3D3B8F7A9F26C004;2;-116;-14;-130.17;12;868.5;2;5;00ca00c2ffdefe52036a00a002919778002dc29d111a;43.095928;2.998941;17;26;2082.48;8.47;181.47;16;-0.034;-0.43;0.874;-2.51;-0.2;5.11
GNAT L082CZ - 04;3.94;23.04.21 - 09h10;23.04.21 - 09h08;123;1682061006560000000;20.6;3D3B8F7A9F26C004;1;-113;-16;-129.11;12;867.1;2;6;00ce00c2ffa00108051a00a002917370002db8ea120c;43.086704;2.996458;18;12;1045.29;8.5;189.55;16;-0.096;0.264;1.306;1.54;-0.56;7.65
GNAT L082CZ - 04;3.94;23.04.21 - 09h12;23.04.21 - 09h10;123;1682061129560000000;20.2;3D3B8F7A9F26C004;2;-111;-14;-125.17;12;868.1;2;7;00ca00c200f8006901e600a002914fcc002dab731105;43.07758;2.993011;17;5;1052.46;8.56;193.14;16;0.248;0.105;0.486;0.61;1.45;2.84
GNAT L082CZ - 04;3.94;23.04.21 - 09h14;23.04.21 - 09h12;123;1682061252560000000;20.6;3D3B8F7A9F26C004;4;-112;-3;-116.76;12;866.7;2;8;00ce00c2fe1cfe8302b900a002912d00002da71a1306;43.068672;2.991898;19;6;994.64;8.09;184.36;16;-0.484;-0.381;0.697;-2.23;-2.83;4.07
GNAT L082CZ - 04;3.94;23.04.21 - 09h16;23.04.21 - 09h14;123;1682061375560000000;20.6;3D3B8F7A9F26C004;2;-111;-11;-122.33;12;868.3;2;9;00ce00c200180012042c00a002911544002dc9e21303;43.062596;3.000802;19;3;989.78;8.05;138.48;16;0.024;0.018;1.068;0.11;0.14;6.25
GNAT L082CZ - 04;3.95;23.04.21 - 09h18;23.04.21 - 09h16;123;1682061498558000000;21.1;3D3B8F7A9F26C004;2;-115;-11;-126.33;12;867.7;1;10;00d300c301190042050e00a002911280002dd0041318;43.061888;3.002372;19;24;149.89;1.22;126.7;16;0.281;0.066;1.294;0.39;1.64;7.58
GNAT L082CZ - 04;3.95;23.04.21 - 09h20;23.04.21 - 09h18;123;1682061621558000000;21.1;3D3B8F7A9F26C004;2;-114;-13;-127.21;12;868.3;2;11;00d300c3ff07007e03d900a002911154002dd1ca1406;43.061588;3.002826;20;6;49.73;0.4;137.52;16;-0.249;0.126;0.985;0.74;-1.45;5.76
GNAT L082CZ - 04;3.95;23.04.21 - 09h22;23.04.21 - 09h20;123;1682061744558000000;20.6;3D3B8F7A9F26C004;3;-113;-7;-120.79;12;867.3;2;12;00ce00c3ff100051040300a002911020002dd2ea1407;43.06128;3.003114;20;7;41.48;0.34;150.5;16;-0.24;0.081;1.027;0.47;-1.4;6.01
GNAT L082CZ - 04;3.94;23.04.21 - 09h24;23.04.21 - 09h22;123;1682061867558000000;21.1;3D3B8F7A9F26C004;3;-113;-7;-120.79;12;868.1;2;13;00d300c2fee50069042700a002911070002dd1851414;43.06136;3.002757;20;20;30.34;0.25;290.31;16;-0.283;0.105;1.063;0.61;-1.65;6.22
GNAT L082CZ - 04;3.94;23.04.21 - 09h26;23.04.21 - 09h24;123;1682061990558000000;21.1;3D3B8F7A9F26C004;1;-115;-17;-132.09;12;867.7;1;14;00d300c2ff100043041c00a002910ea0002dd2d41404;43.060896;3.003092;20;4;58.33;0.47;156.42;16;-0.24;0.067;1.052;0.39;-1.4;6.16
GNAT L082CZ - 04;3.94;23.04.21 - 09h30;23.04.21 - 09h26;246;1682062236556000000;21.5;3D3B8F7A9F26C004;3;-114;-10;-124.41;12;867.9;2;16;00d700c2ffa9006f042800a002910fc4002dd1b9150c;43.061188;3.002809;21;12;39.78;0.16;329.62;16;-0.087;0.111;1.064;0.65;-0.51;6.23
GNAT L082CZ - 04;3.94;23.04.21 - 09h32;23.04.21 - 09h30;123;1682062359556000000;21.1;3D3B8F7A9F26C004;1;-112;-17;-129.09;12;868.1;2;17;00d300c2fe7500b3043e00aa02910f84002dd17c1510;43.061124;3.002748;21;16;8.67;0.07;209.96;17;-0.395;0.179;1.086;1.05;-2.31;6.36
GNAT L082CZ - 04;3.94;23.04.21 - 09h34;23.04.21 - 09h32;123;1682062482556000000;21.1;3D3B8F7A9F26C004;3;-113;-8;-121.64;12;867.3;2;18;00d300c2ff960076044900aa02910f68002dd141150c;43.061096;3.002689;21;12;5.72;0.05;231.88;17;-0.106;0.118;1.097;0.69;-0.62;6.42
GNAT L082CZ - 04;3.94;23.04.21 - 09h36;23.04.21 - 09h34;123;1682062605556000000;20.6;3D3B8F7A9F26C004;1;-105;-19;-124.05;12;868.5;1;19;00ce00c2ff0f007b043100a002910f40002dd0f01214;43.061056;3.002608;18;20;7.94;0.06;230.77;16;-0.241;0.123;1.073;0.72;-1.41;6.28
GNAT L082CZ - 04;3.95;23.04.21 - 09h38;23.04.21 - 09h36;123;1682062728554000000;21.1;3D3B8F7A9F26C004;2;-113;-11;-124.33;12;865.5;2;20;00d300c3fef0001304d900a002910f10002dd0a1130f;43.061008;3.002529;19;15;8.35;0.07;224.87;16;-0.272;0.019;1.241;0.11;-1.59;7.27
GNAT L082CZ - 04;3.95;23.04.21 - 09h40;23.04.21 - 09h38;122.55;1682062851102000000;20.6;3D3B8F7A9F26C004;2;-117;-12.5;-129.74;12;868.3;2;21;00ce00c3ff1300ed043400a002910ee4002dd0671311;43.060964;3.002471;19;17;6.79;0.06;218.56;16;-0.237;0.237;1.076;1.38;-1.38;6.3
GNAT L082CZ - 04;3.94;23.04.21 - 09h42;23.04.21 - 09h40;123.45;1682062974554000000;20.6;3D3B8F7A9F26C004;2;-113;-13;-126.21;12;866.7;2;22;00ce00c2ff220077042000a002910eb0002dd01e1407;43.060912;3.002398;20;7;8.28;0.07;220.33;16;-0.222;0.119;1.056;0.7;-1.3;6.18
GNAT L082CZ - 04;3.94;23.04.21 - 09h44;23.04.21 - 09h42;123;1682063097554000000;20.2;3D3B8F7A9F26C004;2;-113;-11;-124.33;12;868.1;2;23;00ca00c2ff120035043d00a002910e84002dcfb3150e;43.060868;3.002291;21;14;9.98;0.08;235.78;16;-0.238;0.053;1.085;0.31;-1.39;6.35
GNAT L082CZ - 04;3.94;23.04.21 - 09h47;23.04.21 - 09h44;123;1682063220554000000;20.6;3D3B8F7A9F26C004;4;-113;-6;-119.97;12;865.9;2;24;00ce00c2ff1a009b03ab00a002910cc8002dcf2d1442;43.060424;3.002157;20;66;50.56;0.41;190.34;16;-0.23;0.155;0.939;0.91;-1.34;5.49
GNAT L082CZ - 04;3.94;23.04.21 - 09h49;23.04.21 - 09h47;123;1682063343554000000;21.1;3D3B8F7A9F26C004;2;-112;-14;-126.17;12;868.3;1;25;00d300c2ff2d0143040700a002910ea0002dce9a150c;43.060896;3.00201;21;12;53.83;0.44;349.33;16;-0.211;0.323;1.031;1.89;-1.23;6.03
GNAT L082CZ - 04;3.95;23.04.21 - 09h51;23.04.21 - 09h49;123;1682063466553000000;20.2;3D3B8F7A9F26C004;3;-113;-9;-122.51;12;865.3;2;26;00ca00c3fe4400e704ac00a00291103c002dcf861405;43.061308;3.002246;20;5;49.66;0.4;19.12;16;-0.444;0.231;1.196;1.35;-2.59;7
GNAT L082CZ - 04;3.95;23.04.21 - 09h53;23.04.21 - 09h51;123;1682063589552000000;20.2;3D3B8F7A9F26C004;2;-107;-13;-120.21;12;868.1;2;27;00ca00c3fe8fff4a042100a002910f70002dd0121404;43.061104;3.002386;20;4;25.38;0.21;157.46;16;-0.369;-0.182;1.057;-1.06;-2.16;6.19
GNAT L082CZ - 04;3.94;23.04.21 - 09h55;23.04.21 - 09h53;123;1682063712552000000;20.6;3D3B8F7A9F26C004;4;-113;-5;-119.19;12;867.3;2;28;00ce00c2fed2006d03fd00a002910e00002dd12f1408;43.060736;3.002671;20;8;47.02;0.38;154.91;16;-0.302;0.109;1.021;0.64;-1.76;5.97
GNAT L082CZ - 04;3.95;23.04.21 - 09h57;23.04.21 - 09h55;123;1682063835551000000;20.2;3D3B8F7A9F26C004;3;-111;-9;-120.51;12;868.3;2;29;00ca00c3fea5006c040e00a002910c6c002dd266140b;43.060332;3.002982;20;11;51.54;0.42;155.06;16;-0.347;0.108;1.038;0.63;-2.03;6.07
GNAT L082CZ - 04;3.94;23.04.21 - 09h59;23.04.21 - 09h57;123;1682063958551000000;20.2;3D3B8F7A9F26C004;1;-115;-18;-133.07;12;867.1;2;30;00ca00c2002b007a042600a002910bb4002dd3ba1507;43.060148;3.003322;21;7;34.37;0.28;131.86;16;0.043;0.122;1.062;0.71;0.25;6.21
GNAT L082CZ - 04;3.95;23.04.21 - 10h01;23.04.21 - 09h59;123;1682064081551000000;20.2;3D3B8F7A9F26C004;1;-113;-16;-129.11;12;868.5;1;31;00ca00c3ff10039f00f9009602910c4c002dd5d31519;43.0603;3.003859;21;25;46.79;0.38;64.91;15;-0.24;0.927;0.249;5.42;-1.4;1.45
GNAT L082CZ - 04;3.94;23.04.21 - 10h03;23.04.21 - 10h01;123;1682064204551000000;20.6;3D3B8F7A9F26C004;2;-113;-15;-128.14;12;865.5;2;32;00ce00c2feb301ed038f00a002910c3c002dd768160a;43.060284;3.004264;22;10;32.95;0.27;93.75;16;-0.333;0.493;0.911;2.88;-1.95;5.33
GNAT L082CZ - 04;3.95;23.04.21 - 10h05;23.04.21 - 10h03;123;1682064327550000000;20.6;3D3B8F7A9F26C004;3;-113;-9;-122.51;12;868.1;2;33;00ce00c3fed9ffda041600a002910b30002dd8051608;43.060016;3.004421;22;8;32.42;0.26;160.51;16;-0.295;-0.038;1.046;-0.22;-1.72;6.12
GNAT L082CZ - 04;3.95;23.04.21 - 10h07;23.04.21 - 10h05;123;1682064450550000000;20.2;3D3B8F7A9F26C004;2;-114;-12;-126.27;12;867.1;2;34;00ca00c3febe007703f800a002910a1c002dd9911507;43.05974;3.004817;21;7;44.46;0.36;139.1;16;-0.322;0.119;1.016;0.7;-1.88;5.94
GNAT L082CZ - 04;3.95;23.04.21 - 10h09;23.04.21 - 10h07;123;1682064573549000000;21.1;3D3B8F7A9F26C004;1;-110;-19;-129.05;12;868.1;1;35;00d300c3feb9008703ec00a002910910002ddb191407;43.059472;3.005209;20;7;43.62;0.35;138.56;16;-0.327;0.135;1.004;0.79;-1.91;5.87
GNAT L082CZ - 04;3.95;23.04.21 - 10h15;23.04.21 - 10h09;369;1682064942548000000;20.6;3D3B8F7A9F26C004;4;-111;-2;-115.12;12;867.3;2;38;00ce00c3feab0091041f00a002910744002dded01307;43.059012;3.00616;19;7;92.66;0.25;128.74;16;-0.341;0.145;1.055;0.85;-1.99;6.17
GNAT L082CZ - 04;3.95;23.04.21 - 10h17;23.04.21 - 10h15;122.98;1682065065531000000;21.5;3D3B8F7A9F26C004;2;-112;-13;-125.21;12;868.1;1;39;00d700c3ff58ffc6035800aa02913444002da4a11304;43.070532;2.991265;19;4;1762.11;14.33;321.5;17;-0.168;-0.058;0.856;-0.34;-0.98;5.01
GNAT L082CZ - 04;3.94;23.04.21 - 10h19;23.04.21 - 10h17;123.02;1682065188547000000;21.9;3D3B8F7A9F26C004;2;-114;-15;-129.14;12;867.9;1;40;00db00c2ff70010c047000aa02914d10002dbfd9131b;43.07688;2.998233;19;27;904.75;7.35;34.17;17;-0.144;0.268;1.136;1.57;-0.84;6.65
GNAT L082CZ - 04;3.94;23.04.21 - 10h23;23.04.21 - 10h19;246;1682065434547000000;22.3;3D3B8F7A9F26C004;1;-115;-20;-135.04;12;865.9;2;42;00df00c2fe3bfe9c050600b402918068002df9381317;43.090024;3.01292;19;23;1886.48;7.67;35.15;18;-0.453;-0.356;1.286;-2.08;-2.65;7.53
GNAT L082CZ - 04;3.94;23.04.21 - 10h25;23.04.21 - 10h23;123;1682065557546000000;22.3;3D3B8F7A9F26C004;1;-114;-19;-133.05;12;868.5;2;43;00df00c2fea4fe8503d600aa02919714002e17c0130b;43.095828;3.020736;19;11;905.15;7.36;40.48;17;-0.348;-0.379;0.982;-2.21;-2.03;5.75
GNAT L082CZ - 04;3.95;23.04.21 - 10h28;23.04.21 - 10h25;123;1682065680545000000;21.1;3D3B8F7A9F26C004;1;-115;-20;-135.04;12;865.5;1;44;00d300c3fe76fe8a041200aa0291ad20002e26731407;43.101472;3.024499;20;7;698;5.67;23.01;17;-0.394;-0.374;1.042;-2.18;-2.3;6.1
GNAT L082CZ - 04;3.95;23.04.21 - 10h30;23.04.21 - 10h28;123;1682065803545000000;21.5;3D3B8F7A9F26C004;1;-114;-17;-131.09;12;868.3;2;45;00d700c3feabff9a040e00aa0291ad28002e25591305;43.10148;3.024217;19;5;22.91;0.19;272.55;17;-0.341;-0.102;1.038;-0.6;-1.99;6.07
GNAT L082CZ - 04;3.94;23.04.21 - 10h32;23.04.21 - 10h30;123;1682065926545000000;21.5;3D3B8F7A9F26C004;1;-111;-16;-127.11;12;867.9;2;46;00d700c2ffc50080043600aa0291ae58002e23d61306;43.101784;3.02383;19;6;46.15;0.38;320.97;17;-0.059;0.128;1.078;0.75;-0.34;6.31
GNAT L082CZ - 04;3.95;23.04.21 - 10h34;23.04.21 - 10h32;123;1682066049544000000;21.9;3D3B8F7A9F26C004;2;-113;-11;-124.33;12;868.3;2;47;00db00c3ffe1012903d300aa0291aebc002e2431120a;43.101884;3.023921;18;10;13.35;0.11;30.09;17;-0.031;0.297;0.979;1.73;-0.18;5.73
GNAT L082CZ - 04;3.95;23.04.21 - 10h36;23.04.21 - 10h34;123;1682066172543000000;21.9;3D3B8F7A9F26C004;2;-115;-15;-130.14;12;866.7;2;48;00db00c3fff50055040d00aa0291adb0002e242b1206;43.101616;3.023915;18;6;29.8;0.24;180.82;17;-0.011;0.085;1.037;0.5;-0.06;6.07
GNAT L082CZ - 04;3.94;23.04.21 - 10h38;23.04.21 - 10h36;123;1682066295543000000;21.5;3D3B8F7A9F26C004;2;-114;-12;-126.27;12;868.5;2;49;00d700c200000027041e00aa0291acb0002e242c1106;43.10136;3.023916;17;6;28.47;0.23;179.86;17;0;0.039;1.054;0.23;0;6.17
GNAT L082CZ - 04;3.95;23.04.21 - 10h40;23.04.21 - 10h38;123;1682066418543000000;21.5;3D3B8F7A9F26C004;2;-115;-12;-127.27;12;867.7;2;50;00d700c3ffc600a4040500aa0291ab34002e247a1103;43.10098;3.023994;17;3;42.73;0.35;172.56;17;-0.058;0.164;1.029;0.96;-0.34;6.02
GNAT L082CZ - 04;3.95;23.04.21 - 10h42;23.04.21 - 10h40;123;1682066541542000000;21.9;3D3B8F7A9F26C004;1;-113;-16;-129.11;12;868.5;1;51;00db00c3ff88010603f400b40291a9a8002e22171208;43.100584;3.023383;18;8;66.33;0.54;224.45;18;-0.12;0.262;1.012;1.53;-0.7;5.92
GNAT L082CZ - 04;3.95;23.04.21 - 10h44;23.04.21 - 10h42;123;1682066664541000000;21.9;3D3B8F7A9F26C004;2;-115;-15;-130.14;12;866.7;2;52;00db00c3ffc700b903e200b40291a8a4002e21c61304;43.100324;3.023302;19;4;29.65;0.24;191.2;18;-0.057;0.185;0.994;1.08;-0.33;5.82
GNAT L082CZ - 04;3.95;23.04.21 - 10h46;23.04.21 - 10h44;123;1682066787541000000;21.5;3D3B8F7A9F26C004;1;-112;-16;-128.11;12;868.1;1;53;00d700c3ffa60074041e00b40291a6bc002e21a11305;43.099836;3.023265;19;5;54.35;0.44;182.76;18;-0.09;0.116;1.054;0.68;-0.53;6.17
GNAT L082CZ - 04;3.95;23.04.21 - 10h48;23.04.21 - 10h46;123;1682066910541000000;21.5;3D3B8F7A9F26C004;2;-113;-13;-126.21;12;866.7;2;54;00d700c300280065041000aa0291a498002e217c1306;43.099288;3.023228;19;6;61.01;0.5;182.45;17;0.04;0.101;1.04;0.59;0.23;6.09
GNAT L082CZ - 04;3.94;23.04.21 - 10h50;23.04.21 - 10h48;123;1682067033540000000;21.5;3D3B8F7A9F26C004;2;-112;-15;-127.14;12;868.1;2;55;00d700c2ff8700a4040f00aa0291a298002e21021209;43.098776;3.023106;18;9;57.79;0.47;188.6;17;-0.121;0.164;1.039;0.96;-0.71;6.08
GNAT L082CZ - 04;3.95;23.04.21 - 10h52;23.04.21 - 10h50;123;1682067156540000000;21.5;3D3B8F7A9F26C004;2;-114;-11;-125.33;12;867.9;1;56;00d700c3ff92006f042600aa0291b1d4002e079d1508;43.102676;3.016605;21;8;683.12;5.55;313.19;17;-0.11;0.111;1.062;0.65;-0.64;6.21
GNAT L082CZ - 04;3.95;23.04.21 - 10h54;23.04.21 - 10h52;123;1682067279539000000;21.1;3D3B8F7A9F26C004;1;-114;-18;-132.07;12;868.1;1;57;00d300c3ffcf01ed059400aa0291cb28002de9761307;43.10916;3.008886;19;7;955.25;7.77;322.53;17;-0.049;0.493;1.428;2.88;-0.29;8.37
GNAT L082CZ - 04;3.95;23.04.21 - 10h56;23.04.21 - 10h54;123;1682067402539000000;21.1;3D3B8F7A9F26C004;1;-105;-21;-126.03;12;867.3;1;58;00d300c30116ff7b037a00aa0291e948002dcef01406;43.116872;3.002096;20;6;1019.39;8.29;330.25;17;0.278;-0.133;0.89;-0.78;1.62;5.21
GNAT L082CZ - 04;3.95;23.04.21 - 11h06;23.04.21 - 11h03;614.54;1682068017084000000;20.6;3D3B8F7A9F26C004;2;-118;-15;-133.14;12;868.5;1;63;00ce00c3ff920202035b00a002920928002db1ee130c;43.125032;2.99467;19;12;1089.29;1.77;329.18;16;-0.11;0.514;0.859;3;-0.64;5.02
GNAT L082CZ - 04;3.94;23.04.21 - 11h21;23.04.21 - 11h17;861.45;1682068878534000000;20.6;3D3B8F7A9F26C004;3;-111;-10;-121.41;12;867.7;1;70;00ce00c200da009b034b00a00292a3d0002d9beb140f;43.164624;2.989035;20;15;4426.1;5.14;354.44;16;0.218;0.155;0.843;0.91;1.27;4.93
GNAT L082CZ - 04;3.95;23.04.21 - 11h35;23.04.21 - 11h25;861;1682069739531000000;21.1;3D3B8F7A9F26C004;4;-108;-4;-113.46;12;868.1;1;77;00d300c300a9011a03f000a00294d13800317c091313;43.30732;3.243017;19;19;25982.59;30.18;57.71;16;0.169;0.282;1.008;1.65;0.99;5.9
GNAT L082CZ - 04;3.94;23.04.21 - 11h45;23.04.21 - 11h37;615;1682070354528000000;20.6;3D3B8F7A9F26C004;1;-115;-20;-135.04;12;865.9;1;82;00ce00c20088011d030900a002963b6800350591122e;43.40004;3.474833;18;46;21391.53;34.78;67.72;16;0.136;0.285;0.777;1.66;0.79;4.54
GNAT L082CZ - 04;3.94;23.04.21 - 11h54;23.04.21 - 11h51;492;1682070846526000000;21.5;3D3B8F7A9F26C004;2;-114;-14;-128.17;12;865.3;1;86;00d700c2014a012103ae00aa029761000037b3b3134b;43.4752;3.650483;19;75;16461.5;33.46;66.1;17;0.33;0.289;0.942;1.69;1.93;5.51
GNAT L082CZ - 04;3.95;23.04.21 - 11h56;23.04.21 - 11h55;123;1682070969526000000;21.5;3D3B8F7A9F26C004;5;-100;7;-100.79;12;868.1;1;87;00d700c300e9011a039800aa02978944003870db1218;43.485508;3.698907;18;24;4071.71;33.1;77.02;17;0.233;0.282;0.92;1.65;1.36;5.38
GNAT L082CZ - 04;3.95;23.04.21 - 12h02;23.04.21 - 12h02;369;1682071338524000000;21.9;3D3B8F7A9F26C004;4;-116;-4;-121.46;12;866.7;2;90;00db00c30104014203bd00aa0298470c0039ab54131b;43.534092;3.779412;19;27;8446;22.89;56.94;17;0.26;0.322;0.957;1.88;1.52;5.6