GNAT L082CZ - 06;3.96;23.05.26 - 09h52;23.05.26 - 09h51;1610.28;1685087532968000000;31.2;3D3B8F7A9F26C006;2;-115;-15;-130.14;12;868.5;1;19;013800c4007000be03a7012202920a18002db6261718;43.125272;2.99575;23;24;9154.56;5.69;20.91;29;0.112;0.19;0.935;1.11;0.65;5.47
GNAT L082CZ - 06;3.96;23.05.26 - 09h53;23.05.26 - 09h53;55.19;1685087588155000000;28.7;3D3B8F7A9F26C006;2;-115;-15;-130.14;12;866.7;1;20;011f00c4015c009803b901040291ea28002dc84c160d;43.117096;3.000396;22;13;984.23;17.83;159.78;26;0.348;0.152;0.953;0.89;2.03;5.57
GNAT L082CZ - 06;3.96;23.05.26 - 09h56;23.05.26 - 09h56;181.11;1685087769261000000;25.3;3D3B8F7A9F26C006;1;-113;-18;-131.07;12;867.9;1;22;00fd00c40112004703c200dc0291b7e4002dca7a1718;43.104228;3.000954;23;24;1431.57;7.9;178.41;22;0.274;0.071;0.962;0.41;1.6;5.63
GNAT L082CZ - 06;3.96;23.05.26 - 09h58;23.05.26 - 09h57;124.92;1685087894180000000;25.3;3D3B8F7A9F26C006;1;-108;-17;-125.09;12;868.3;2;23;00fd00c400a2003c03e700d20291ab44002dc9e1170d;43.100996;3.000801;23;13;359.6;2.88;181.72;21;0.162;0.06;0.999;0.35;0.95;5.84
GNAT L082CZ - 06;3.95;23.05.26 - 09h59;23.05.26 - 09h59;56.19;1685087950367000000;24.9;3D3B8F7A9F26C006;2;-114;-13;-127.21;12;865.9;2;24;00f900c300b80062041600c8029186c0002dc3211716;43.091648;2.999073;23;22;1048.88;18.67;186.63;20;0.184;0.098;1.046;0.57;1.07;6.12
GNAT L082CZ - 06;3.96;23.05.26 - 10h04;23.05.26 - 10h04;306.03;1685088256394000000;24.4;3D3B8F7A9F26C006;4;-111;-1;-114.54;12;868.3;1;27;00f400c4012a0063042e00be02914990002da7561807;43.075984;2.991958;24;7;1835.1;6;195.64;19;0.298;0.099;1.07;0.58;1.74;6.26
GNAT L082CZ - 06;3.96;23.05.26 - 10h05;23.05.26 - 10h05;57.19;1685088313580000000;24.4;3D3B8F7A9F26C006;2;-110;-13;-123.21;12;867.9;2;28;00f400c4fff6007103b800be029127a4002da9fc1718;43.0673;2.992636;23;24;967.19;16.91;177.27;19;-0.01;0.113;0.952;0.66;-0.06;5.57
GNAT L082CZ - 06;3.96;23.05.26 - 10h08;23.05.26 - 10h08;181.11;1685088494688000000;25.3;3D3B8F7A9F26C006;1;-113;-16;-129.11;12;866.7;1;30;00fd00c4004b002503fb00c802911228002dce731717;43.0618;3.001971;23;23;974.23;5.38;134.33;20;0.075;0.037;1.019;0.22;0.44;5.96
GNAT L082CZ - 06;3.96;23.05.26 - 10h10;23.05.26 - 10h10;124.92;1685088619608000000;25.7;3D3B8F7A9F26C006;2;-112;-14;-126.17;12;868.3;2;31;010100c4ff7efe7d035d00d202911004002dcc29170c;43.061252;3.001385;23;12;77.33;0.62;212.9;21;-0.13;-0.387;0.861;-2.26;-0.76;5.04
GNAT L082CZ - 06;3.97;23.05.26 - 10h13;23.05.26 - 10h13;181.1;1685088800713000000;25.7;3D3B8F7A9F26C006;2;-113;-11;-124.33;12;868.1;2;33;010100c5006500ac03c900d2029111c0002dce721817;43.061696;3.00197;24;23;68.53;0.38;38.58;21;0.101;0.172;0.969;1;0.59;5.67
GNAT L082CZ - 06;3.96;23.05.26 - 10h14;23.05.26 - 10h14;56.19;1685088856900000000;27.8;3D3B8F7A9F26C006;2;-114;-13;-127.21;12;866.7;2;34;011600c400a3009003d700f0029111a8002dce1f1816;43.061672;3.001887;24;22;7.25;0.13;244.47;24;0.163;0.144;0.983;0.84;0.95;5.75
GNAT L082CZ - 06;3.96;23.05.26 - 10h16;23.05.26 - 10h16;124.92;1685088981819000000;28.3;3D3B8F7A9F26C006;2;-114;-12;-126.27;12;868.5;1;35;011b00c4009b00bd03d800f0029111f8002dccbf1715;43.061752;3.001535;23;21;29.95;0.24;290.57;24;0.155;0.189;0.984;1.1;0.91;5.76
GNAT L082CZ - 06;3.96;23.05.26 - 10h17;23.05.26 - 10h17;55.19;1685089037005000000;27.8;3D3B8F7A9F26C006;3;-113;-8;-121.64;12;865.9;2;36;011600c400c0007803cb00f0029111dc002dca921616;43.061724;3.000978;22;22;45.36;0.82;265.24;24;0.192;0.12;0.971;0.7;1.12;5.68
GNAT L082CZ - 06;3.97;23.05.26 - 10h19;23.05.26 - 10h19;125.92;1685089162925000000;29.1;3D3B8F7A9F26C006;2;-113;-12;-125.27;12;868.1;2;37;012300c5008d0120039900fa02911204002dcb421518;43.061764;3.001154;21;24;14.97;0.12;69.43;25;0.141;0.288;0.921;1.68;0.82;5.39
GNAT L082CZ - 06;3.97;23.05.26 - 10h20;23.05.26 - 10h20;55.19;1685089218112000000;31.2;3D3B8F7A9F26C006;3;-113;-9;-122.51;12;867.3;2;38;013800c500aa009603d0011802911224002dcaff1515;43.061796;3.001087;21;21;6.5;0.12;308.27;28;0.17;0.15;0.976;0.88;0.99;5.71
GNAT L082CZ - 06;3.97;23.05.26 - 10h22;23.05.26 - 10h22;124.92;1685089343031000000;32.5;3D3B8F7A9F26C006;3;-113;-9;-122.51;12;868.1;2;39;014500c5009d00bb03c7011802911310002dc940160c;43.062032;3.00064;22;12;44.8;0.36;311.08;28;0.157;0.187;0.967;1.09;0.92;5.66
GNAT L082CZ - 06;3.97;23.05.26 - 10h23;23.05.26 - 10h23;56.19;1685089399218000000;32.1;3D3B8F7A9F26C006;4;-113;-6;-119.97;12;865.3;2;40;014100c5015600d10397012c0291138c002dc8901615;43.062156;3.000464;22;21;19.86;0.35;319.31;30;0.342;0.209;0.919;1.22;2;5.38
GNAT L082CZ - 06;3.97;23.05.26 - 10h25;23.05.26 - 10h25;124.92;1685089524137000000;32.9;3D3B8F7A9F26C006;3;-112;-7;-119.79;12;868.1;2;41;014900c500f600a503aa0122029113ac002dc7061508;43.062188;3.00007;21;8;32.21;0.26;277.63;29;0.246;0.165;0.938;0.96;1.44;5.49
GNAT L082CZ - 06;3.97;23.05.26 - 10h26;23.05.26 - 10h26;56.19;1685089580325000000;33.3;3D3B8F7A9F26C006;2;-114;-12;-126.27;12;867.9;2;42;014d00c5009000d903d1012c029112e0002dc68a1609;43.061984;2.999946;22;9;24.82;0.44;200.21;30;0.144;0.217;0.977;1.27;0.84;5.72
GNAT L082CZ - 06;3.96;23.05.26 - 10h28;23.05.26 - 10h28;124.92;1685089705244000000;32.9;3D3B8F7A9F26C006;2;-114;-14;-128.17;12;868.5;2;43;014900c4009e00d203ca012c0291133c002dc78a1615;43.062076;3.000202;22;21;23.18;0.19;59.32;30;0.158;0.21;0.97;1.23;0.92;5.67
GNAT L082CZ - 06;3.97;23.05.26 - 10h29;23.05.26 - 10h29;56.19;1685089761432000000;32.1;3D3B8F7A9F26C006;2;-113;-11;-124.33;12;867.7;2;44;014100c500a900e403c2012c02911374002dc7401618;43.062132;3.000128;22;24;8.66;0.15;321.33;30;0.169;0.228;0.962;1.33;0.99;5.63
GNAT L082CZ - 06;3.96;23.05.26 - 10h31;23.05.26 - 10h31;124.92;1685089886351000000;31.2;3D3B8F7A9F26C006;2;-113;-15;-128.14;12;868.3;1;45;013800c40085ffa903de011802911384002dc6d01715;43.062148;3.000016;23;21;9.27;0.07;283.27;28;0.133;-0.087;0.99;-0.51;0.78;5.79
GNAT L082CZ - 06;3.96;23.05.26 - 10h32;23.05.26 - 10h32;57.19;1685089943537000000;31.6;3D3B8F7A9F26C006;3;-114;-9;-123.51;12;865.9;2;46;013c00c400b3000b03ea011802911390002dc6151516;43.06216;2.999829;21;22;15.25;0.27;276.04;28;0.179;0.011;1.002;0.06;1.05;5.86
GNAT L082CZ - 06;3.97;23.05.26 - 10h34;23.05.26 - 10h34;124.92;1685090068458000000;32.1;3D3B8F7A9F26C006;1;-105;-22;-127.03;12;868.5;1;47;014100c500c0003c0443012202911390002dc4971616;43.06216;2.999447;22;22;31.03;0.25;269.99;29;0.192;0.06;1.091;0.35;1.12;6.39
GNAT L082CZ - 06;3.96;23.05.26 - 10h35;23.05.26 - 10h35;56.18;1685090124642000000;32.1;3D3B8F7A9F26C006;2;-113;-11;-124.33;12;865.1;2;48;014100c40075007403cd012202911384002dc4901616;43.062148;2.99944;22;22;1.45;0.03;199.46;29;0.117;0.116;0.973;0.68;0.68;5.69
GNAT L082CZ - 06;3.97;23.05.26 - 10h37;23.05.26 - 10h37;124.92;1685090249564000000;32.1;3D3B8F7A9F26C006;1;-114;-17;-131.09;12;868.5;2;49;014100c50086006b03ef012202911330002dc2e7160a;43.062064;2.999015;22;10;35.77;0.29;251.92;29;0.134;0.107;1.007;0.62;0.78;5.89
GNAT L082CZ - 06;3.96;23.05.26 - 10h38;23.05.26 - 10h38;56.18;1685090305749000000;31.2;3D3B8F7A9F26C006;2;-112;-14;-126.17;12;867.9;1;50;013800c40071003f042e011802911374002dc43c1517;43.062132;2.999356;21;23;28.72;0.51;71.78;28;0.113;0.063;1.07;0.37;0.66;6.26
GNAT L082CZ - 06;3.97;23.05.26 - 10h40;23.05.26 - 10h40;124.92;1685090430671000000;31.2;3D3B8F7A9F26C006;1;-113;-18;-131.07;12;868.1;1;51;013800c5009600810371011802911334002dc2b4150b;43.062068;2.998964;21;11;32.63;0.26;254.9;28;0.15;0.129;0.881;0.75;0.88;5.15
GNAT L082CZ - 06;3.97;23.05.26 - 10h41;23.05.26 - 10h41;67.05;1685090497725000000;30.8;3D3B8F7A9F26C006;2;-114;-15;-129.14;12;865.1;2;52;013400c500a0008c03b7010e0291134c002dc3d51515;43.062092;2.999253;21;21;23.63;0.35;82.2;27;0.16;0.14;0.951;0.82;0.93;5.56
GNAT L082CZ - 06;3.97;23.05.26 - 10h43;23.05.26 - 10h43;114.05;1685090611777000000;30.4;3D3B8F7A9F26C006;1;-112;-17;-129.09;12;868.5;1;53;013000c500e800eb03dd010e02911320002dc269150c;43.062048;2.998889;21;12;29.97;0.26;258.7;27;0.232;0.235;0.989;1.37;1.36;5.79
GNAT L082CZ - 06;3.97;23.05.26 - 10h44;23.05.26 - 10h44;67.05;1685090678831000000;30;3D3B8F7A9F26C006;2;-113;-14;-127.17;12;865.3;2;54;012c00c500eb00cc03dc010e029113bc002dc1d1150e;43.062204;2.998737;21;14;21.29;0.32;329.45;27;0.235;0.204;0.988;1.19;1.37;5.78
GNAT L082CZ - 06;3.97;23.05.26 - 10h46;23.05.26 - 10h46;114.05;1685090792884000000;30;3D3B8F7A9F26C006;2;-114;-15;-129.14;12;868.3;2;55;012c00c500d200b30357010e02911324002dc34c1516;43.062052;2.999116;21;22;35.12;0.31;123.52;27;0.21;0.179;0.855;1.05;1.23;5
GNAT L082CZ - 06;3.97;23.05.26 - 10h47;23.05.26 - 10h47;67.05;1685090859937000000;29.1;3D3B8F7A9F26C006;1;-114;-16;-130.11;12;867.3;2;56;012300c50082014003b501040291130c002dc2ea1517;43.062028;2.999018;21;23;8.4;0.13;247.98;26;0.13;0.32;0.949;1.87;0.76;5.55
GNAT L082CZ - 06;3.96;23.05.26 - 10h53;23.05.26 - 10h53;361.21;1685091221150000000;28.3;3D3B8F7A9F26C006;3;-113;-8;-121.64;12;865.9;2;60;011b00c401bcffd503c300fa029113c4002dbe921513;43.062212;2.997906;21;19;92.63;0.26;285.25;25;0.444;-0.043;0.963;-0.25;2.59;5.63
GNAT L082CZ - 06;3.97;23.05.26 - 11h04;23.05.26 - 11h04;658.37;1685091879520000000;30.4;3D3B8F7A9F26C006;1;-113;-19;-132.05;12;868.1;1;67;013000c5012fffca048c010e02919da4002e1ca4130e;43.097508;3.021988;19;14;4385.09;6.66;23.46;27;0.303;-0.054;1.164;-0.32;1.77;6.81
GNAT L082CZ - 06;3.97;23.05.26 - 11h07;23.05.26 - 11h07;181.11;1685092060627000000;31.2;3D3B8F7A9F26C006;1;-108;-22;-130.03;12;868.3;1;69;013800c501c1ffb703c501180291a44c002e1f691507;43.099212;3.022697;21;7;198.03;1.09;14.8;28;0.449;-0.073;0.965;-0.43;2.62;5.65
GNAT L082CZ - 06;3.96;23.05.26 - 11h08;23.05.26 - 11h08;67.05;1685092127681000000;31.6;3D3B8F7A9F26C006;1;-114;-19;-133.05;12;865.5;1;70;013c00c401e7000503c101180291a49c002e1fb11406;43.099292;3.022769;20;6;10.64;0.16;29.74;28;0.487;0.005;0.961;0.03;2.85;5.62
GNAT L082CZ - 06;3.96;23.05.26 - 11h10;23.05.26 - 11h10;114.05;1685092241733000000;31.6;3D3B8F7A9F26C006;1;-114;-23;-137.02;12;868.5;1;71;013c00c402020074039001180291a32c002e1b9f140c;43.098924;3.021727;20;12;93.98;0.82;240.88;28;0.514;0.116;0.912;0.68;3;5.33
GNAT L082CZ - 06;3.95;23.05.26 - 11h11;23.05.26 - 11h11;67.06;1685092308788000000;32.1;3D3B8F7A9F26C006;1;-114;-20;-134.04;12;867.1;1;72;014100c301e8004d036f01220291a384002e19c91508;43.099012;3.021257;21;8;39.39;0.59;286.43;29;0.488;0.077;0.879;0.45;2.85;5.14
GNAT L082CZ - 06;3.97;23.05.26 - 11h16;23.05.26 - 11h16;295.16;1685092603947000000;33.3;3D3B8F7A9F26C006;1;-110;-16;-126.11;12;868.1;1;75;014d00c501f6ffeb03bf012c0291a428002e15821508;43.099176;3.020162;21;8;90.76;0.31;283.25;30;0.502;-0.021;0.959;-0.12;2.93;5.61
GNAT L082CZ - 06;3.95;23.05.26 - 11h17;23.05.26 - 11h17;66.05;1685092670001000000;33.8;3D3B8F7A9F26C006;2;-114;-15;-129.14;12;867.1;2;76;015200c3030c006503d2012c0291b844002dfa771415;43.104324;3.013239;20;21;802.24;12.15;319.27;30;0.78;0.101;0.978;0.59;4.56;5.72
GNAT L082CZ - 06;3.97;23.05.26 - 11h19;23.05.26 - 11h19;114.05;1685092784053000000;33.8;3D3B8F7A9F26C006;1;-108;-17;-125.09;12;868.3;1;77;015200c50158ff21058101360291cf00002de3a11518;43.110144;3.007393;21;24;802.52;7.04;327.1;31;0.344;-0.223;1.409;-1.3;2.01;8.26
GNAT L082CZ - 06;3.96;23.05.26 - 11h20;23.05.26 - 11h20;67.05;1685092851107000000;33.8;3D3B8F7A9F26C006;2;-114;-14;-128.17;12;867.1;1;78;015200c40133ff8c045f01360291e968002dce2d1305;43.116904;3.001901;19;5;873.93;13.03;332.2;31;0.307;-0.116;1.119;-0.68;1.79;6.55