GNAT L082CZ - 03;3.91;23.05.26 - 09h52;23.05.26 - 09h52;1602.72;1685087572951000000;30.8;3D3B8F7A9F26C003;2;-115;-13;-128.21;12;868.5;1;17;013400bfff4600b502da014002920d30002daeed1417;43.126064;2.993901;20;23;8804.26;5.49;20.26;32;-0.186;0.181;0.73;1.06;-1.09;4.27
GNAT L082CZ - 03;3.91;23.05.26 - 09h55;23.05.26 - 09h54;180.11;1685087753059000000;26.5;3D3B8F7A9F26C003;1;-112;-19;-131.05;12;868.1;1;19;010900bffe8a01a6038000fa0291d4ec002dcadb1417;43.11166;3.001051;20;23;1703.55;9.46;162.28;25;-0.374;0.422;0.896;2.47;-2.18;5.24
GNAT L082CZ - 03;3.91;23.05.26 - 09h56;23.05.26 - 09h56;45.66;1685087798723000000;25.3;3D3B8F7A9F26C003;2;-113;-14;-127.17;12;865.5;1;20;00fd00bfff30010e030100e60291a94c002dc8e71416;43.100492;3.000551;20;22;1242.49;27.21;181.63;23;-0.208;0.27;0.769;1.58;-1.21;4.5
GNAT L082CZ - 03;3.91;23.05.26 - 09h58;23.05.26 - 09h58;135.44;1685087934166000000;25.3;3D3B8F7A9F26C003;2;-113;-11;-124.33;12;868.1;1;21;00fd00bffdee004a02eb00e602919afc002dc2e41618;43.096828;2.999012;22;24;426.15;3.15;194.89;23;-0.53;0.074;0.747;0.43;-3.1;4.37
GNAT L082CZ - 03;3.91;23.05.26 - 09h59;23.05.26 - 09h59;45.66;1685087979831000000;24.8;3D3B8F7A9F26C003;3;-113;-9;-122.51;12;867.7;2;22;00f800bfff76ffb103fe00e602916be8002da5651512;43.084776;2.991461;21;18;1473.73;32.28;201.32;23;-0.138;-0.079;1.022;-0.46;-0.81;5.98
GNAT L082CZ - 03;3.91;23.05.26 - 10h01;23.05.26 - 10h00;135.44;1685088115274000000;24.4;3D3B8F7A9F26C003;4;-113;-6;-119.97;12;868.5;2;23;00f400bfffee02b2038000e602917014002db8951717;43.085844;2.996373;23;23;416.2;3.07;70.9;23;-0.018;0.69;0.896;4.03;-0.11;5.24
GNAT L082CZ - 03;3.91;23.05.26 - 10h02;23.05.26 - 10h02;53.48;1685088168751000000;24;3D3B8F7A9F26C003;4;-113;-6;-119.97;12;865.3;2;24;00f000bffe98ffc6046c00d2029147fc002da8b61717;43.07558;2.99231;23;23;1188.05;22.21;193.71;21;-0.36;-0.058;1.132;-0.34;-2.1;6.63
GNAT L082CZ - 03;3.91;23.05.26 - 10h04;23.05.26 - 10h04;127.63;1685088296382000000;24;3D3B8F7A9F26C003;3;-113;-7;-120.79;12;868.5;2;25;00f000bfff9bffe4040600dc02913bec002da56a1718;43.072492;2.991466;23;24;350.15;2.74;189.52;22;-0.101;-0.028;1.03;-0.16;-0.59;6.03
GNAT L082CZ - 03;3.91;23.05.26 - 10h05;23.05.26 - 10h05;53.48;1685088349858000000;23.1;3D3B8F7A9F26C003;3;-113;-9;-122.51;12;867.3;2;26;00e700bfff83005f038800d2029122e0002daf381518;43.06608;2.993976;21;24;741.56;13.87;166.6;21;-0.125;0.095;0.904;0.55;-0.73;5.29
GNAT L082CZ - 03;3.91;23.05.26 - 10h08;23.05.26 - 10h08;185.88;1685088535738000000;24.8;3D3B8F7A9F26C003;2;-115;-15;-130.14;12;867.7;2;28;00f800bffe3c006203a900e6029111e8002dcec51516;43.061736;3.002053;21;22;814.78;4.38;131.72;23;-0.452;0.098;0.937;0.57;-2.64;5.48
GNAT L082CZ - 03;3.91;23.05.26 - 10h10;23.05.26 - 10h10;123.41;1685088659145000000;25.3;3D3B8F7A9F26C003;2;-113;-13.5;-126.69;12;868.3;1;29;00fd00bffeb6004003ea00e6029111c8002dce7e1617;43.061704;3.001982;22;23;6.78;0.05;233.33;23;-0.33;0.064;1.002;0.37;-1.93;5.86
GNAT L082CZ - 03;3.91;23.05.26 - 10h11;23.05.26 - 10h11;57.7;1685088716845000000;27;3D3B8F7A9F26C003;1;-114;-20;-134.04;12;867.3;1;30;010e00bfff12005303fc00f0029111b4002dce311616;43.061684;3.001905;22;22;6.64;0.12;246.77;24;-0.238;0.083;1.02;0.48;-1.39;5.97
GNAT L082CZ - 03;3.91;23.05.26 - 10h17;23.05.26 - 10h16;304.97;1685089021812000000;27.8;3D3B8F7A9F26C003;1;-106;-22;-128.03;12;868.1;2;33;011600bfff2300b303cb010e029111d4002dcc6e1515;43.061716;3.001454;21;21;36.81;0.12;276.67;27;-0.221;0.179;0.971;1.05;-1.29;5.68
GNAT L082CZ - 03;3.91;23.05.26 - 10h17;23.05.26 - 10h17;56.25;1685089078060000000;28.7;3D3B8F7A9F26C003;3;-113;-7;-120.79;12;865.3;2;34;011f00bffebb004a04150104029111e4002dcb031416;43.061732;3.001091;20;22;29.54;0.53;274.16;26;-0.325;0.074;1.045;0.43;-1.9;6.11
GNAT L082CZ - 03;3.91;23.05.26 - 10h20;23.05.26 - 10h19;124.86;1685089202922000000;30.4;3D3B8F7A9F26C003;2;-114;-15;-129.14;12;868.5;2;35;013000bffed7007103b90118029111f4002dcacc1417;43.061748;3.001036;20;23;4.81;0.04;295.66;28;-0.297;0.113;0.953;0.66;-1.73;5.57
GNAT L082CZ - 03;3.91;23.05.26 - 10h20;23.05.26 - 10h20;56.25;1685089259169000000;31.2;3D3B8F7A9F26C003;4;-113;-6;-119.97;12;865.1;2;36;013800bffecf006b03e2012c02911204002dcac51416;43.061764;3.001029;20;22;1.87;0.03;345.17;30;-0.305;0.107;0.994;0.62;-1.78;5.82
GNAT L082CZ - 03;3.92;23.05.26 - 10h23;23.05.26 - 10h22;123.86;1685089383028000000;32.5;3D3B8F7A9F26C003;4;-113;-6;-119.97;12;868.5;2;37;014500c0fed2004703fd013602911244002dc9f61518;43.061828;3.000822;21;24;18.26;0.15;297.05;31;-0.302;0.071;1.021;0.41;-1.76;5.97
GNAT L082CZ - 03;3.92;23.05.26 - 10h24;23.05.26 - 10h23;57.25;1685089440276000000;32.5;3D3B8F7A9F26C003;2;-114;-15;-129.14;12;866.7;2;38;014500c0ff2900570455014002911374002dc83f1516;43.062132;3.000383;21;22;49.14;0.86;318.82;32;-0.215;0.087;1.109;0.51;-1.26;6.49
GNAT L082CZ - 03;3.91;23.05.26 - 10h26;23.05.26 - 10h25;123.86;1685089564136000000;33.4;3D3B8F7A9F26C003;2;-114;-13;-127.21;12;868.5;1;39;014e00bfff0e005303f5014002911358002dc8211416;43.062104;3.000353;20;22;3.95;0.03;212.98;32;-0.242;0.083;1.013;0.48;-1.41;5.93
GNAT L082CZ - 03;3.91;23.05.26 - 10h27;23.05.26 - 10h26;63.58;1685089627720000000;33.4;3D3B8F7A9F26C003;2;-113;-13;-126.21;12;866.7;2;40;014e00bffed2006103ee014a02911354002dc78e1416;43.0621;3.000206;20;22;11.95;0.19;267.42;33;-0.302;0.097;1.006;0.57;-1.76;5.89
GNAT L082CZ - 03;3.91;23.05.26 - 10h29;23.05.26 - 10h28;117.52;1685089745245000000;33.4;3D3B8F7A9F26C003;3;-113;-9;-122.51;12;868.3;2;41;014e00bffec5006803e101400291135c002dc75b1516;43.062108;3.000155;21;22;4.24;0.04;284.52;32;-0.315;0.104;0.993;0.61;-1.84;5.81
GNAT L082CZ - 03;3.91;23.05.26 - 10h30;23.05.26 - 10h29;63.58;1685089808828000000;32.5;3D3B8F7A9F26C003;1;-114;-22;-136.03;12;866.7;1;42;014500bffeb3005c03e8014002911370002dc6d71418;43.062128;3.000023;20;24;10.95;0.17;284.04;32;-0.333;0.092;1;0.54;-1.95;5.85
GNAT L082CZ - 03;3.91;23.05.26 - 10h32;23.05.26 - 10h31;118.07;1685089926901000000;31.7;3D3B8F7A9F26C003;1;-116;-15.25;-131.38;12;868.5;1;43;013d00bffde6fe490395013602911374002dc6511416;43.062132;2.999889;20;22;10.9;0.09;272.82;31;-0.538;-0.439;0.917;-2.56;-3.14;5.36
GNAT L082CZ - 03;3.91;23.05.26 - 10h33;23.05.26 - 10h32;63.04;1685089989936000000;32.1;3D3B8F7A9F26C003;2;-113;-15;-128.14;12;867.7;1;44;014100bffefbffc60416013602911380002dc5a71316;43.062144;2.999719;19;22;13.88;0.22;276.64;31;-0.261;-0.058;1.046;-0.34;-1.52;6.12
GNAT L082CZ - 03;3.91;23.05.26 - 10h35;23.05.26 - 10h34;118.52;1685090108461000000;31.7;3D3B8F7A9F26C003;2;-114;-15;-129.14;12;868.5;2;45;013d00bffea8000603f8013602911374002dc5451216;43.062132;2.999621;18;22;8.07;0.07;258.57;31;-0.344;0.006;1.016;0.04;-2.01;5.94
GNAT L082CZ - 03;3.91;23.05.26 - 10h36;23.05.26 - 10h35;61.58;1685090170043000000;31.7;3D3B8F7A9F26C003;2;-113;-14;-127.17;12;865.3;2;46;013d00bffea5fffa03f4013602911370002dc52f1318;43.062128;2.999599;19;24;1.84;0.03;253.29;31;-0.347;-0.006;1.012;-0.04;-2.03;5.92
GNAT L082CZ - 03;3.91;23.05.26 - 10h38;23.05.26 - 10h37;119.53;1685090289570000000;31.7;3D3B8F7A9F26C003;1;-113;-19;-132.05;12;868.5;2;47;013d00bffe80003f0457013602911368002dc5161316;43.06212;2.999574;19;22;2.22;0.02;242.15;31;-0.384;0.063;1.111;0.37;-2.24;6.5
GNAT L082CZ - 03;3.91;23.05.26 - 10h39;23.05.26 - 10h38;61.58;1685090351151000000;30.8;3D3B8F7A9F26C003;1;-113;-16;-129.11;12;865.3;2;48;013400bffec70039040b012c02911358002dc4ec1217;43.062104;2.999532;18;23;3.85;0.06;237.83;30;-0.313;0.057;1.035;0.33;-1.83;6.06
GNAT L082CZ - 03;3.91;23.05.26 - 10h42;23.05.26 - 10h41;181.11;1685090532258000000;29.5;3D3B8F7A9F26C003;1;-114;-16;-130.11;12;867.7;2;50;012700bffe89000a0462012202911320002dc45e1218;43.062048;2.99939;18;24;13.11;0.07;236.93;29;-0.375;0.01;1.122;0.06;-2.19;6.57
GNAT L082CZ - 03;3.91;23.05.26 - 10h45;23.05.26 - 10h44;181.11;1685090713365000000;29.5;3D3B8F7A9F26C003;1;-113;-16;-129.11;12;865.3;2;52;012700bffec5ffd0043e0118029112f8002dc4181217;43.062008;2.99932;18;23;7.22;0.04;226.66;28;-0.315;-0.048;1.086;-0.28;-1.84;6.36
GNAT L082CZ - 03;3.91;23.05.26 - 10h47;23.05.26 - 10h46;119.53;1685090832891000000;29.1;3D3B8F7A9F26C003;1;-113;-18;-131.07;12;868.1;1;53;012300bffeb0006504050118029112fc002dc3e71218;43.062012;2.999271;18;24;4.01;0.03;277.68;28;-0.336;0.101;1.029;0.59;-1.96;6.02
GNAT L082CZ - 03;3.91;23.05.26 - 10h48;23.05.26 - 10h47;62.58;1685090895472000000;29.1;3D3B8F7A9F26C003;1;-114;-16;-130.11;12;867.9;1;54;012300bffec3005103e70118029112c8002dc3181218;43.06196;2.999064;18;24;17.78;0.28;247.47;28;-0.317;0.081;0.999;0.47;-1.85;5.84
GNAT L082CZ - 03;3.91;23.05.26 - 10h51;23.05.26 - 10h50;181.11;1685091076580000000;28.2;3D3B8F7A9F26C003;1;-114;-17;-131.09;12;867.1;2;56;011a00bffeacfff003f5010e029112b0002dc3ab1518;43.061936;2.999211;21;24;12.24;0.07;105.09;27;-0.34;-0.016;1.013;-0.09;-1.99;5.93
GNAT L082CZ - 03;3.91;23.05.26 - 10h53;23.05.26 - 10h52;117.52;1685091194105000000;28.2;3D3B8F7A9F26C003;2;-111;-15;-126.14;12;868.5;1;57;011a00bffe7a028efdb5010e0291125c002dc2a81416;43.061852;2.998952;20;22;23.02;0.2;241.82;27;-0.39;0.654;-0.587;3.82;-2.28;-3.43
GNAT L082CZ - 03;3.91;23.05.26 - 10h54;23.05.26 - 10h53;63.58;1685091257687000000;27.8;3D3B8F7A9F26C003;2;-113;-13;-126.21;12;865.9;2;58;011600bfff33fef80355010402912338002dabea1517;43.066168;2.99313;21;23;673.81;10.6;320.55;26;-0.205;-0.264;0.853;-1.54;-1.2;4.99
GNAT L082CZ - 03;3.91;23.05.26 - 10h57;23.05.26 - 10h55;181.11;1685091438795000000;28.2;3D3B8F7A9F26C003;1;-114;-20;-134.04;12;865.1;1;60;011a00bffe99ff1e046b010e029147a0002dbe951217;43.075488;2.997909;18;23;1106.66;6.11;17.55;27;-0.359;-0.226;1.131;-1.32;-2.1;6.62
GNAT L082CZ - 03;3.91;23.05.26 - 11h06;23.05.26 - 11h05;542.32;1685091981116000000;30.4;3D3B8F7A9F26C003;1;-114;-19;-133.05;12;865.5;1;66;013000bfff3bffc703a601220291a364002e21931416;43.09898;3.023251;20;22;3325.47;6.13;34.58;29;-0.197;-0.057;0.934;-0.33;-1.15;5.46
GNAT L082CZ - 03;3.91;23.05.26 - 11h09;23.05.26 - 11h09;181.11;1685092162224000000;30;3D3B8F7A9F26C003;1;-114;-20;-134.04;12;867.9;1;68;012c00bffe64ffaf03e901220291a32c002e1df41517;43.098924;3.022324;21;23;75.52;0.42;264.54;29;-0.412;-0.081;1.001;-0.47;-2.41;5.86
GNAT L082CZ - 03;3.91;23.05.26 - 11h12;23.05.26 - 11h12;181.11;1685092343331000000;30;3D3B8F7A9F26C003;1;-114;-19;-133.05;12;867.7;1;70;012c00bffe6a000f03e101220291a2ec002e1b1d1515;43.09886;3.021597;21;21;59.45;0.33;262.09;29;-0.406;0.015;0.993;0.09;-2.37;5.81
GNAT L082CZ - 03;3.91;23.05.26 - 11h15;23.05.26 - 11h15;181.11;1685092524438000000;30.8;3D3B8F7A9F26C003;1;-114;-16;-130.11;12;865.3;1;72;013400bffe99ffe0040501220291a268002e17da1416;43.098728;3.020762;20;22;69.37;0.38;255.99;29;-0.359;-0.032;1.029;-0.19;-2.1;6.02