GNAT L082CZ - 02;3.93;23.05.26 - 09h54;23.05.26 - 09h54;1629.51;1685087678019000000;28.2;3D3B8F7A9F26C002;1;-118;-19.25;-137.3;12;868.1;1;19;011a00c100fcffe2026b01180291e00c002dcab91315;43.114508;3.001017;19;21;7818.23;4.8;26.8;28;0.252;-0.03;0.619;-0.18;1.47;3.62
GNAT L082CZ - 02;3.93;23.05.26 - 09h57;23.05.26 - 09h57;181.56;1685087859578000000;26.1;3D3B8F7A9F26C002;1;-114;-17;-131.09;12;868.3;2;21;010500c10056feba048d00f00291ab5c002dc9f91415;43.10102;3.000825;20;21;1499.88;8.26;180.52;24;0.086;-0.326;1.165;-1.9;0.5;6.82
GNAT L082CZ - 02;3.93;23.05.26 - 10h00;23.05.26 - 10h00;181.11;1685088040687000000;24.4;3D3B8F7A9F26C002;1;-111;-21;-132.03;12;868.1;1;23;00f400c100cfff23041500e602917734002dbcc91315;43.087668;2.997449;19;21;1509.77;8.34;188.99;23;0.207;-0.221;1.045;-1.29;1.21;6.11
GNAT L082CZ - 02;3.93;23.05.26 - 10h11;23.05.26 - 10h10;633.19;1685088673878000000;26.5;3D3B8F7A9F26C002;1;-115;-16;-131.11;12;867.7;2;30;010900c100c3ffb703db00fa029111cc002dce9c1416;43.061708;3.002012;20;22;2910.32;4.6;173.93;25;0.195;-0.073;0.987;-0.43;1.14;5.77
GNAT L082CZ - 02;3.93;23.05.26 - 10h41;23.05.26 - 10h41;1811.07;1685090484950000000;31.7;3D3B8F7A9F26C002;1;-114;-17;-131.09;12;866.7;2;50;013d00c10128ffe603f2014002911354002dc4ef1317;43.0621;2.999535;19;23;205.9;0.11;284.59;32;0.296;-0.026;1.01;-0.15;1.73;5.91
GNAT L082CZ - 02;3.93;23.05.26 - 10h44;23.05.26 - 10h44;180.11;1685090665058000000;30.8;3D3B8F7A9F26C002;1;-113;-22;-135.03;12;867.1;1;52;013400c1016cffe103dd013602911328002dc4651316;43.062056;2.999397;19;22;12.23;0.07;242.23;31;0.364;-0.031;0.989;-0.18;2.13;5.79
GNAT L082CZ - 02;3.93;23.05.26 - 10h47;23.05.26 - 10h47;181.11;1685090846165000000;30.8;3D3B8F7A9F26C002;1;-114;-18;-132.07;12;867.1;2;54;013400c101580019040801360291130c002dc41e1315;43.062028;2.999326;19;21;6.55;0.04;236.93;31;0.344;0.025;1.032;0.15;2.01;6.04
GNAT L082CZ - 02;3.93;23.05.26 - 10h50;23.05.26 - 10h49;181.11;1685091027272000000;30.4;3D3B8F7A9F26C002;1;-114;-16;-130.11;12;866.7;2;56;013000c10154ff8a04b6012c029112cc002dc38b1216;43.061964;2.999179;18;22;13.9;0.08;234.28;30;0.34;-0.118;1.206;-0.69;1.99;7.06
GNAT L082CZ - 02;3.93;23.05.26 - 10h53;23.05.26 - 10h53;181.11;1685091208379000000;29.1;3D3B8F7A9F26C002;3;-113;-8;-121.64;12;867.1;2;58;012300c10096ff6c032c012202911248002dc15f1517;43.061832;2.998623;21;23;47.49;0.26;248.58;29;0.15;-0.148;0.812;-0.86;0.88;4.75
GNAT L082CZ - 02;3.93;23.05.26 - 10h55;23.05.26 - 10h54;91.78;1685091300163000000;29.1;3D3B8F7A9F26C002;1;-118;-15.25;-133.38;12;868.5;1;59;012300c1002dfeae030b012202912af0002da70e1517;43.068144;2.991886;21;23;890.02;9.7;326.87;29;0.045;-0.338;0.779;-1.97;0.26;4.55
GNAT L082CZ - 02;3.93;23.05.26 - 11h05;23.05.26 - 11h05;633.64;1685091933808000000;31.2;3D3B8F7A9F26C002;1;-114;-20;-134.04;12;867.3;1;66;013800c101f8fff203d201400291a374002e21f51517;43.098996;3.023349;21;23;4277.6;6.75;33.12;32;0.504;-0.014;0.978;-0.08;2.94;5.72
GNAT L082CZ - 02;3.93;23.05.26 - 11h11;23.05.26 - 11h11;361.22;1685092295024000000;32.1;3D3B8F7A9F26C002;1;-114;-19;-133.05;12;867.1;1;70;014100c10068ff98038601400291a308002e1ba81515;43.098888;3.021736;21;21;131.51;0.36;263.94;32;0.104;-0.104;0.902;-0.61;0.61;5.28
GNAT L082CZ - 02;3.93;23.05.26 - 11h14;23.05.26 - 11h13;181.11;1685092476131000000;32.9;3D3B8F7A9F26C002;1;-113;-19;-132.05;12;866.7;1;72;014900c100bdffee03e9014a0291a2ac002e19e21517;43.098796;3.021282;21;23;38.25;0.21;252.28;33;0.189;-0.018;1.001;-0.11;1.1;5.86
GNAT L082CZ - 02;3.93;23.05.26 - 11h17;23.05.26 - 11h17;181.11;1685092657238000000;33.8;3D3B8F7A9F26C002;1;-114;-18;-132.07;12;866.7;2;74;015200c1006f007103bf01540291add4002e07f81517;43.101652;3.016696;21;23;489.37;2.7;314.32;34;0.111;0.113;0.959;0.66;0.65;5.61
GNAT L082CZ - 02;3.93;23.05.26 - 11h19;23.05.26 - 11h19;91.78;1685092749019000000;34.6;3D3B8F7A9F26C002;1;-115;-17;-132.09;12;868.5;1;75;015a00c100c700d603c1015e0291c774002dea861514;43.108212;3.009158;21;20;952.15;10.37;323.54;35;0.199;0.214;0.961;1.25;1.16;5.62
GNAT L082CZ - 02;3.93;23.05.26 - 11h20;23.05.26 - 11h19;89.32;1685092838344000000;33.4;3D3B8F7A9F26C002;1;-114;-16;-130.11;12;866.7;1;76;014e00c10097fe9c044601540291e698002dd0511518;43.116184;3.002449;21;24;1040.37;11.65;331.37;34;0.151;-0.356;1.094;-2.08;0.88;6.4