GNAT L082CZ - 05;3.92;23.05.26 - 09h39;23.05.26 - 09h27;763.2;1685086771009000000;30;3D3B8F7A9F26C005;1;-112;-20;-132.04;12;865.1;1;12;012c00c0006eff6c03c20122029208bc002db24e1018;43.124924;2.994766;16;24;8532.97;11.18;20.31;29;0.11;-0.148;0.962;-0.86;0.64;5.63
GNAT L082CZ - 05;3.92;23.05.26 - 09h51;23.05.26 - 09h39;724.43;1685087495438000000;33;3D3B8F7A9F26C005;2;-115;-13;-128.21;12;865.3;1;20;014a00c0ffd2001502e1014a02920434002dbcbd1417;43.123764;2.997437;20;23;252.25;0.35;123.64;33;-0.046;0.021;0.737;0.12;-0.27;4.31
GNAT L082CZ - 05;3.92;23.05.26 - 09h56;23.05.26 - 09h56;297.75;1685087793189000000;25.6;3D3B8F7A9F26C005;1;-105;-22;-127.03;12;868.3;1;23;010000c0fecbff02047601040291bbf8002dca9a1615;43.105272;3.000986;22;21;2076.3;6.97;173;26;-0.309;-0.254;1.142;-1.48;-1.81;6.69
GNAT L082CZ - 05;3.92;23.05.26 - 09h59;23.05.26 - 09h59;181.11;1685087974295000000;26.1;3D3B8F7A9F26C005;2;-113;-12;-125.27;12;868.1;2;25;010500c0ff700018034600fa029190cc002dc5001414;43.09422;2.999552;20;20;1234.43;6.82;184.68;25;-0.144;0.024;0.838;0.14;-0.84;4.9
GNAT L082CZ - 05;3.92;23.05.26 - 10h02;23.05.26 - 10h02;181.11;1685088155403000000;25.6;3D3B8F7A9F26C005;4;-113;-6;-119.97;12;868.3;2;27;010000c000e4ffa903d600fa02916540002db3f21306;43.083072;2.995186;19;6;1289.31;7.12;193.69;25;0.228;-0.087;0.982;-0.51;1.33;5.75
GNAT L082CZ - 05;3.92;23.05.26 - 10h03;23.05.26 - 10h03;67.32;1685088222722000000;24.8;3D3B8F7A9F26C005;4;-111;-2;-115.12;12;866.7;2;28;00f800c000efff69039400f002913adc002da55e1318;43.07222;2.991454;19;24;1244.18;18.48;191.91;24;0.239;-0.151;0.916;-0.88;1.4;5.36
GNAT L082CZ - 05;3.92;23.05.26 - 10h05;23.05.26 - 10h05;114.79;1685088337510000000;24.8;3D3B8F7A9F26C005;3;-113;-10;-123.41;12;868.3;1;29;00f800c000b1ff80043300f002912e08002da7091416;43.068936;2.991881;20;22;366.81;3.2;175.46;24;0.177;-0.128;1.075;-0.75;1.03;6.29
GNAT L082CZ - 05;3.92;23.05.26 - 10h08;23.05.26 - 10h08;181.11;1685088518617000000;24.3;3D3B8F7A9F26C005;3;-112;-10;-122.41;12;868.1;2;31;00f300c0ffd1feca049d00e6029112ec002dcc6b1216;43.061996;3.001451;18;22;1095.4;6.05;140.22;23;-0.047;-0.31;1.181;-1.81;-0.27;6.91
GNAT L082CZ - 05;3.92;23.05.26 - 10h09;23.05.26 - 10h09;66.32;1685088584937000000;25.6;3D3B8F7A9F26C005;1;-114;-18;-132.07;12;865.9;1;32;010000c00042ff9003e400fa029111f4002dced71316;43.061748;3.002071;19;22;57.42;0.87;123.46;25;0.066;-0.112;0.996;-0.65;0.39;5.83
GNAT L082CZ - 05;3.92;23.05.26 - 10h11;23.05.26 - 10h11;114.79;1685088699725000000;26.1;3D3B8F7A9F26C005;2;-115;-15;-130.14;12;868.5;2;33;010500c00035ffb403f20104029111d4002dceb81404;43.061716;3.00204;20;4;4.36;0.04;210.39;26;0.053;-0.076;1.01;-0.44;0.31;5.91
GNAT L082CZ - 05;3.91;23.05.26 - 10h12;23.05.26 - 10h12;65.32;1685088765044000000;26.9;3D3B8F7A9F26C005;2;-113;-14;-127.17;12;865.3;2;34;010d00bf0044ff92040b0104029111c8002dce801506;43.061704;3.001984;21;6;4.74;0.07;250.51;26;0.068;-0.11;1.035;-0.64;0.4;6.06
GNAT L082CZ - 05;3.93;23.05.26 - 10h14;23.05.26 - 10h14;115.79;1685088880832000000;28.7;3D3B8F7A9F26C005;2;-113;-12;-125.27;12;868.3;1;35;011f00c10005ffbd04020118029111b4002dce2d1414;43.061684;3.001901;20;20;7.1;0.06;248.29;28;0.005;-0.067;1.026;-0.39;0.03;6
GNAT L082CZ - 05;3.93;23.05.26 - 10h15;23.05.26 - 10h15;65.32;1685088946150000000;28.2;3D3B8F7A9F26C005;3;-113;-8;-121.64;12;865.3;2;36;011a00c10021ff9003f30122029111f8002dccb9130a;43.061752;3.001529;19;10;31.15;0.48;286.79;29;0.033;-0.112;1.011;-0.65;0.19;5.92
GNAT L082CZ - 05;3.92;23.05.26 - 10h17;23.05.26 - 10h17;115.79;1685089061939000000;27.8;3D3B8F7A9F26C005;3;-113;-8;-121.64;12;868.5;2;37;011600c000bbff80042601180291120c002dcaed1212;43.061772;3.001069;18;18;37.44;0.32;274.1;28;0.187;-0.128;1.062;-0.75;1.09;6.21
GNAT L082CZ - 05;3.93;23.05.26 - 10h18;23.05.26 - 10h18;65.32;1685089127257000000;30;3D3B8F7A9F26C005;4;-112;-4;-117.46;12;866.7;2;38;012c00c10056ff4203f1012202911208002dcb251318;43.061768;3.001125;19;24;4.57;0.07;96.73;29;0.086;-0.19;1.009;-1.11;0.5;5.9
GNAT L082CZ - 05;3.93;23.05.26 - 10h20;23.05.26 - 10h20;114.79;1685089242047000000;31.2;3D3B8F7A9F26C005;3;-113;-9;-122.51;12;868.1;2;39;013800c10026ffa00406012c0291121c002dcb1b1217;43.061788;3.001115;18;23;2.37;0.02;343.16;30;0.038;-0.096;1.03;-0.56;0.22;6.03
GNAT L082CZ - 05;3.93;23.05.26 - 10h21;23.05.26 - 10h21;66.32;1685089308364000000;32.1;3D3B8F7A9F26C005;4;-113;-6;-119.97;12;865.9;2;40;014100c10017ff93040b014a0291122c002dcac51215;43.061804;3.001029;18;21;7.21;0.11;287.08;33;0.023;-0.109;1.035;-0.64;0.13;6.06
GNAT L082CZ - 05;3.93;23.05.26 - 10h23;23.05.26 - 10h23;114.79;1685089423153000000;31.7;3D3B8F7A9F26C005;3;-112;-8;-120.64;12;868.3;1;41;013d00c10047ffd303bb014a029112fc002dc93e1309;43.062012;3.000638;19;9;39.29;0.34;311.29;33;0.071;-0.045;0.955;-0.26;0.41;5.59
GNAT L082CZ - 05;3.93;23.05.26 - 10h24;23.05.26 - 10h24;67.32;1685089490472000000;31.2;3D3B8F7A9F26C005;2;-114;-12;-126.27;12;865.1;2;42;013800c100adff2703280136029113a8002dc8601406;43.062184;3.000416;20;6;26.29;0.39;321.98;31;0.173;-0.217;0.808;-1.27;1.01;4.72
GNAT L082CZ - 05;3.93;23.05.26 - 10h26;23.05.26 - 10h26;113.79;1685089604261000000;33;3D3B8F7A9F26C005;3;-112;-8;-120.64;12;868.3;1;43;014a00c10007ffa403fd014002911364002dc80c1316;43.062116;3.000332;19;22;10.19;0.09;216.8;32;0.007;-0.092;1.021;-0.54;0.04;5.97
GNAT L082CZ - 05;3.92;23.05.26 - 10h27;23.05.26 - 10h27;67.32;1685089671580000000;33;3D3B8F7A9F26C005;4;-113;-5;-119.19;12;865.1;2;44;014a00c0004eff550400015402911360002dc7b41305;43.062112;3.000244;19;5;7.16;0.11;265.71;34;0.078;-0.171;1.024;-1;0.46;5.99
GNAT L082CZ - 05;3.92;23.05.26 - 10h29;23.05.26 - 10h29;113.79;1685089785368000000;32.1;3D3B8F7A9F26C005;3;-111;-7;-118.79;12;868.1;2;45;014100c0003cff6e040a014a02911368002dc76d1311;43.06212;3.000173;19;17;5.84;0.05;280.54;33;0.06;-0.146;1.034;-0.85;0.35;6.05
GNAT L082CZ - 05;3.92;23.05.26 - 10h30;23.05.26 - 10h30;67.32;1685089852687000000;30.8;3D3B8F7A9F26C005;2;-113;-11;-124.33;12;865.9;2;46;013400c00058ff520400013602911380002dc6ac1406;43.062144;2.99998;20;6;15.9;0.24;281.6;31;0.088;-0.174;1.024;-1.02;0.51;5.99
GNAT L082CZ - 05;3.93;23.05.26 - 10h32;23.05.26 - 10h32;114.79;1685089967475000000;31.2;3D3B8F7A9F26C005;1;-113;-19;-132.05;12;868.1;1;47;013800c1002eff9d040c013602911398002dc6331307;43.062168;2.999859;19;7;10.19;0.09;288.13;31;0.046;-0.099;1.036;-0.58;0.27;6.06
GNAT L082CZ - 05;3.93;23.05.26 - 10h33;23.05.26 - 10h33;66.32;1685090033794000000;31.7;3D3B8F7A9F26C005;2;-114;-11;-125.33;12;867.3;2;48;013d00c1ffcc002303f00140029113a8002dc4ba1318;43.062184;2.999482;19;24;30.68;0.46;274;32;-0.052;0.035;1.008;0.2;-0.3;5.9
GNAT L082CZ - 05;3.92;23.05.26 - 10h35;23.05.26 - 10h35;114.79;1685090148582000000;31.7;3D3B8F7A9F26C005;2;-114;-14;-128.17;12;868.3;2;49;013d00c00046ffed040b014002911398002dc4a51316;43.062168;2.999461;19;22;2.46;0.02;218.48;32;0.07;-0.019;1.035;-0.11;0.41;6.06
GNAT L082CZ - 05;3.93;23.05.26 - 10h36;23.05.26 - 10h36;66.32;1685090214902000000;31.7;3D3B8F7A9F26C005;2;-113;-12;-125.27;12;867.9;2;50;013d00c1002f0000040c014002911390002dc4631316;43.06216;2.999395;19;22;5.44;0.08;258.68;32;0.047;0;1.036;0;0.27;6.06
GNAT L082CZ - 05;3.92;23.05.26 - 10h38;23.05.26 - 10h38;114.79;1685090329689000000;31.7;3D3B8F7A9F26C005;2;-114;-15;-129.14;12;868.3;2;51;013d00c00037fffb0412014002911378002dc43d1217;43.062136;2.999357;18;23;4.08;0.04;223.8;32;0.055;-0.005;1.042;-0.03;0.32;6.1
GNAT L082CZ - 05;3.93;23.05.26 - 10h39;23.05.26 - 10h39;65.32;1685090395009000000;31.2;3D3B8F7A9F26C005;2;-114;-15;-129.14;12;866.7;2;52;013800c100000007043201360291135c002dc40f1218;43.062108;2.999311;18;24;4.86;0.07;224.86;31;0;0.007;1.074;0.04;0;6.29
GNAT L082CZ - 05;3.93;23.05.26 - 10h41;23.05.26 - 10h41;115.79;1685090510796000000;30.8;3D3B8F7A9F26C005;1;-114;-19;-133.05;12;868.5;1;53;013400c10023ff9f03c401360291135c002dc3ef1218;43.062108;2.999279;18;24;2.6;0.02;270;31;0.035;-0.097;0.964;-0.57;0.2;5.64
GNAT L082CZ - 05;3.92;23.05.26 - 10h42;23.05.26 - 10h42;65.32;1685090576116000000;30;3D3B8F7A9F26C005;2;-113;-14;-127.17;12;865.3;2;54;012c00c00039ffdf040501360291133c002dc3af1318;43.062076;2.999215;19;24;6.3;0.1;230.46;31;0.057;-0.033;1.029;-0.19;0.33;6.02
GNAT L082CZ - 05;3.92;23.05.26 - 10h44;23.05.26 - 10h44;115.79;1685090691903000000;30.8;3D3B8F7A9F26C005;1;-114;-19;-133.05;12;868.3;1;55;013400c00003fffb03d401360291133c002dc37a1318;43.062076;2.999162;19;24;4.31;0.04;270;31;0.003;-0.005;0.98;-0.03;0.02;5.73
GNAT L082CZ - 05;3.92;23.05.26 - 10h45;23.05.26 - 10h45;65.32;1685090757225000000;30;3D3B8F7A9F26C005;2;-114;-15;-129.14;12;865.9;2;56;012c00c00032ffa1038a012c02911320002dc3401318;43.062048;2.999104;19;24;5.65;0.09;231.44;30;0.05;-0.095;0.906;-0.55;0.29;5.3
GNAT L082CZ - 05;3.91;23.05.26 - 10h47;23.05.26 - 10h47;114.79;1685090872011000000;29.5;3D3B8F7A9F26C005;1;-112;-19;-131.05;12;868.3;1;57;012700bf006f004203c8012c02911320002dc3111315;43.062048;2.999057;19;21;3.82;0.03;270;30;0.111;0.066;0.968;0.39;0.65;5.66
GNAT L082CZ - 05;3.93;23.05.26 - 10h48;23.05.26 - 10h48;66.32;1685090938331000000;29.5;3D3B8F7A9F26C005;2;-114;-14;-128.17;12;867.3;2;58;012700c10040ffcf041d012c029112fc002dc2ad1318;43.062012;2.998957;19;24;9.06;0.14;239.27;30;0.064;-0.049;1.053;-0.29;0.37;6.16
GNAT L082CZ - 05;3.92;23.05.26 - 10h51;23.05.26 - 10h51;181.11;1685091119439000000;29.1;3D3B8F7A9F26C005;2;-113;-13;-126.21;12;865.3;2;60;012300c0fe73028b006801220291128c002dc3471320;43.0619;2.999111;19;32;17.65;0.1;140.22;29;-0.397;0.651;0.104;3.8;-2.32;0.61
GNAT L082CZ - 05;3.92;23.05.26 - 10h53;23.05.26 - 10h53;114.79;1685091234227000000;29.1;3D3B8F7A9F26C005;4;-112;-3;-116.76;12;868.1;2;61;012300c002000090fcfa012202911268002dc1111316;43.061864;2.998545;19;22;46.16;0.4;263.99;29;0.512;0.144;-0.774;0.84;2.99;-4.53
GNAT L082CZ - 05;3.93;23.05.26 - 11h04;23.05.26 - 11h03;610.19;1685091844415000000;31.7;3D3B8F7A9F26C005;1;-118;-16.5;-134.6;12;866.7;2;68;013d00c101e101cc02ac01360291a1e4002e211b1417;43.098596;3.023131;20;23;4546.38;7.45;23.09;31;0.481;0.46;0.684;2.69;2.81;4
GNAT L082CZ - 05;3.93;23.05.26 - 11h05;23.05.26 - 11h05;115.24;1685091959656000000;31.2;3D3B8F7A9F26C005;1;-111;-16;-127.11;12;868.5;1;69;013800c100b4010f037901400291a374002e22201415;43.098996;3.023392;20;21;49.27;0.43;22.49;32;0.18;0.271;0.889;1.58;1.05;5.2
GNAT L082CZ - 05;3.92;23.05.26 - 11h07;23.05.26 - 11h06;66.32;1685092025975000000;31.2;3D3B8F7A9F26C005;2;-114;-13;-127.21;12;867.3;2;70;013800c000f4ff7e040101360291a354002e20f41417;43.098964;3.023092;20;23;24.62;0.37;260.45;31;0.244;-0.13;1.025;-0.76;1.43;6
GNAT L082CZ - 05;3.93;23.05.26 - 11h09;23.05.26 - 11h08;114.79;1685092140763000000;30.8;3D3B8F7A9F26C005;1;-113;-16;-129.11;12;868.3;1;71;013400c10059ffe003ee01360291a324002e1f9c1416;43.098916;3.022748;20;22;28.44;0.25;257.59;31;0.089;-0.032;1.006;-0.19;0.52;5.89
GNAT L082CZ - 05;3.92;23.05.26 - 11h10;23.05.26 - 11h10;65.32;1685092206082000000;31.2;3D3B8F7A9F26C005;1;-114;-17;-131.09;12;865.5;3;72;013800c00062008e03fe01360291a348002e1cb51518;43.098952;3.022005;21;24;60.46;0.93;274.35;31;0.098;0.142;1.022;0.83;0.57;5.98
GNAT L082CZ - 05;3.91;23.05.26 - 11h12;23.05.26 - 11h11;115.79;1685092321869000000;30.4;3D3B8F7A9F26C005;2;-113;-11;-124.33;12;868.5;2;73;013000bf00ad005503c601360291a318002e1b361516;43.098904;3.021622;21;22;31.55;0.27;258.82;31;0.173;0.085;0.966;0.5;1.01;5.65
GNAT L082CZ - 05;3.91;23.05.26 - 11h13;23.05.26 - 11h13;65.32;1685092387189000000;30.8;3D3B8F7A9F26C005;2;-114;-13;-127.21;12;865.9;2;74;013400bf001b000c03ea012c0291a2cc002e1a931617;43.098828;3.021459;22;23;15.7;0.24;233.69;30;0.027;0.012;1.002;0.07;0.16;5.86
GNAT L082CZ - 05;3.92;23.05.26 - 11h15;23.05.26 - 11h14;115.79;1685092502976000000;30.4;3D3B8F7A9F26C005;1;-114;-16;-130.11;12;868.5;2;75;013000c00060001603e7012c0291a2a8002e19d71517;43.098792;3.021271;21;23;15.78;0.14;253.2;30;0.096;0.022;0.999;0.13;0.56;5.84
GNAT L082CZ - 05;3.93;23.05.26 - 11h16;23.05.26 - 11h15;65.32;1685092568296000000;30.8;3D3B8F7A9F26C005;2;-114;-15;-129.14;12;867.3;2;76;013400c10092ffeb03ec012c0291aa8c002e0c581517;43.100812;3.017816;21;23;359.36;5.5;312.55;30;0.146;-0.021;1.004;-0.12;0.85;5.87
GNAT L082CZ - 05;3.92;23.05.26 - 11h18;23.05.26 - 11h17;114.79;1685092683083000000;31.2;3D3B8F7A9F26C005;1;-113;-18;-131.07;12;868.1;1;77;013800c00064ff8803cd01360291b69c002dfcd41517;43.1039;3.013844;21;23;471.06;4.1;320.57;31;0.1;-0.12;0.973;-0.7;0.58;5.69
GNAT L082CZ - 05;3.92;23.05.26 - 11h19;23.05.26 - 11h19;66.32;1685092749404000000;30.8;3D3B8F7A9F26C005;2;-114;-14;-128.17;12;867.1;1;78;013400c000140052036501360291d234002de1091617;43.110964;3.006729;22;23;974.99;14.7;326.99;31;0.02;0.082;0.869;0.48;0.12;5.08
GNAT L082CZ - 05;3.92;23.05.26 - 11h21;23.05.26 - 11h21;114.79;1685092864190000000;30;3D3B8F7A9F26C005;1;-113;-18;-131.07;12;868.5;1;79;012c00c0007cffa8042901360291e1b4002dd41a1616;43.114932;3.003418;22;22;516.63;4.5;331.63;31;0.124;-0.088;1.065;-0.51;0.72;6.23
GNAT L082CZ - 05;3.93;23.05.26 - 11h37;23.05.26 - 11h32;971.86;1685093836047000000;33.8;3D3B8F7A9F26C005;3;-113;-8;-121.64;12;865.5;1;90;015200c10176ff3d044b015e02927b68002d7cdd1415;43.15428;2.981085;20;21;4735.75;4.87;338.93;35;0.374;-0.195;1.099;-1.14;2.18;6.43