GNAT L082CZ - 04;3.95;23.05.26 - 09h53;23.05.26 - 09h52;1546.67;1685087581102000000;30;3D3B8F7A9F26C004;3;-114;-10;-124.41;12;866.1;1;18;012c00c3007b001b039301220291ef24002dc8961515;43.118372;3.00047;21;21;8347.7;5.4;25.59;29;0.123;0.027;0.915;0.16;0.72;5.35
GNAT L082CZ - 04;3.95;23.05.26 - 09h54;23.05.26 - 09h54;115.1;1685087696198000000;28.7;3D3B8F7A9F26C004;2;-114;-15;-129.14;12;868.5;1;19;011f00c3ffcc018503a7010e0291e048002dcab71617;43.114568;3.001015;22;23;425.29;3.69;174.71;27;-0.052;0.389;0.935;2.27;-0.3;5.47
GNAT L082CZ - 04;3.95;23.05.26 - 09h56;23.05.26 - 09h55;66.01;1685087762209000000;26.1;3D3B8F7A9F26C004;1;-114;-16;-130.11;12;865.5;1;20;010500c300b100cb046300f00291c140002dcae01715;43.106624;3.001056;23;21;883.34;13.38;179.81;24;0.177;0.203;1.123;1.19;1.03;6.57
GNAT L082CZ - 04;3.95;23.05.26 - 09h57;23.05.26 - 09h57;115.1;1685087877306000000;26.1;3D3B8F7A9F26C004;3;-112;-8;-120.64;12;868.3;2;21;010500c30081021004c800e60291a38c002dc8bb1715;43.09902;3.000507;23;21;846.7;7.36;182.62;23;0.129;0.528;1.224;3.09;0.75;7.17
GNAT L082CZ - 04;3.95;23.05.26 - 09h59;23.05.26 - 09h58;66.01;1685087943316000000;25.7;3D3B8F7A9F26C004;4;-113;-5;-119.19;12;867.5;2;22;010100c300c400d203fa00dc02918648002dc2f11618;43.091528;2.999025;22;24;841.72;12.75;187.09;22;0.196;0.21;1.018;1.23;1.14;5.96
GNAT L082CZ - 04;3.95;23.05.26 - 10h00;23.05.26 - 10h00;115.1;1685088058413000000;25.7;3D3B8F7A9F26C004;4;-111;-6;-117.97;12;868.1;1;23;010100c3004d008f041300dc02917794002dbcae1715;43.087764;2.997422;23;21;438.31;3.81;194.92;22;0.077;0.143;1.043;0.84;0.45;6.1
GNAT L082CZ - 04;3.95;23.05.26 - 10h02;23.05.26 - 10h01;66.01;1685088124424000000;25.3;3D3B8F7A9F26C004;4;-113;-5;-119.19;12;867.1;1;24;00fd00c300f70116042800d202915c38002daf821714;43.08076;2.99405;23;20;825.55;12.51;196.62;21;0.247;0.278;1.064;1.62;1.44;6.23
GNAT L082CZ - 04;3.95;23.05.26 - 10h04;23.05.26 - 10h03;116.1;1685088240520000000;24;3D3B8F7A9F26C004;4;-112;-4;-117.46;12;868.5;2;25;00f000c3010401c504b000d202914f78002daaa71718;43.077496;2.992807;23;24;376.72;3.24;193.24;21;0.26;0.453;1.2;2.65;1.52;7.03
GNAT L082CZ - 04;3.95;23.05.26 - 10h05;23.05.26 - 10h04;66.01;1685088306532000000;24.9;3D3B8F7A9F26C004;4;-111;-4;-116.46;12;866.3;2;26;00f900c300c000b7038300d2029128c4002da9401616;43.067588;2.992448;22;22;1102.11;16.7;181.27;21;0.192;0.183;0.899;1.07;1.12;5.26
GNAT L082CZ - 04;3.95;23.05.26 - 10h07;23.05.26 - 10h05;115.1;1685088421628000000;24;3D3B8F7A9F26C004;2;-114;-14;-128.17;12;868.5;1;27;00f000c300cb00c7033a00d202911dfc002db7081715;43.064828;2.995976;23;21;419.91;3.65;142.18;21;0.203;0.199;0.826;1.16;1.19;4.83
GNAT L082CZ - 04;3.96;23.05.26 - 10h08;23.05.26 - 10h07;66.01;1685088487639000000;24.4;3D3B8F7A9F26C004;1;-114;-17;-131.09;12;867.7;1;28;00f400c400e7ffea03e900c80291124c002dcdf41616;43.061836;3.001844;22;22;581.32;8.81;130.18;20;0.231;-0.022;1.001;-0.13;1.35;5.86
GNAT L082CZ - 04;3.95;23.05.26 - 10h10;23.05.26 - 10h09;115.1;1685088602736000000;25.7;3D3B8F7A9F26C004;2;-106;-15;-121.14;12;868.1;2;29;010100c3feb8ff65030600dc0291120c002dce991515;43.061772;3.002009;21;21;15.18;0.13;122.65;22;-0.328;-0.155;0.774;-0.91;-1.92;4.53
GNAT L082CZ - 04;3.96;23.05.26 - 10h13;23.05.26 - 10h12;181.11;1685088783848000000;27;3D3B8F7A9F26C004;1;-107;-20;-127.04;12;868.1;1;31;010e00c4fff3009303e400e6029111bc002dce5d1517;43.061692;3.001949;21;23;10.14;0.06;204.42;23;-0.013;0.147;0.996;0.86;-0.08;5.83
GNAT L082CZ - 04;3.95;23.05.26 - 10h14;23.05.26 - 10h13;66;1685088849853000000;28.7;3D3B8F7A9F26C004;2;-114;-13;-127.21;12;867.1;2;32;011f00c3001a00a403cb00fa029111bc002dce121517;43.061692;3.001874;21;23;6.09;0.09;270;25;0.026;0.164;0.971;0.96;0.15;5.68
GNAT L082CZ - 04;3.95;23.05.26 - 10h16;23.05.26 - 10h15;115.1;1685088964951000000;28.3;3D3B8F7A9F26C004;2;-113;-15;-128.14;12;868.1;2;33;011b00c3007a009803df00fa029111d4002dccf71514;43.061716;3.001591;21;20;23.15;0.2;277.97;25;0.122;0.152;0.991;0.89;0.71;5.8
GNAT L082CZ - 04;3.95;23.05.26 - 10h17;23.05.26 - 10h17;66.01;1685089030960000000;27.8;3D3B8F7A9F26C004;4;-113;-5;-119.19;12;867.3;2;34;011600c3004f00f003c500fa029111f8002dcac61418;43.061752;3.00103;20;24;45.75;0.69;276.04;25;0.079;0.24;0.965;1.4;0.46;5.65
GNAT L082CZ - 04;3.96;23.05.26 - 10h19;23.05.26 - 10h18;114.1;1685089145059000000;29.1;3D3B8F7A9F26C004;3;-113;-9;-122.51;12;868.1;2;35;012300c4fff400a003e10104029111d8002dcb0c1316;43.06172;3.0011;19;22;6.71;0.06;127.06;26;-0.012;0.16;0.993;0.93;-0.07;5.81
GNAT L082CZ - 04;3.96;23.05.26 - 10h20;23.05.26 - 10h20;66.01;1685089211068000000;30.8;3D3B8F7A9F26C004;3;-113;-8;-121.64;12;867.9;2;36;013400c4002300a203d7011802911204002dcabd1417;43.061764;3.001021;20;23;8.07;0.12;312.61;28;0.035;0.162;0.983;0.95;0.2;5.75
GNAT L082CZ - 04;3.96;23.05.26 - 10h22;23.05.26 - 10h22;115.1;1685089326167000000;31.6;3D3B8F7A9F26C004;2;-105;-12;-117.27;12;868.5;2;37;013c00c4001b00a303db012202911228002dcadb1315;43.0618;3.001051;19;21;4.69;0.04;26.77;29;0.027;0.163;0.987;0.95;0.16;5.77
GNAT L082CZ - 04;3.95;23.05.26 - 10h23;23.05.26 - 10h23;66.01;1685089392176000000;31.6;3D3B8F7A9F26C004;4;-113;-5;-119.19;12;865.1;2;38;013c00c30063005503d6012c02911364002dc8511316;43.062116;3.000401;19;22;63.43;0.96;308.74;30;0.099;0.085;0.982;0.5;0.58;5.75
GNAT L082CZ - 04;3.96;23.05.26 - 10h25;23.05.26 - 10h24;115.1;1685089507275000000;31.6;3D3B8F7A9F26C004;3;-112;-7;-119.79;12;868.3;2;39;013c00c4fffd0054041a012202911380002dc84c1516;43.062144;3.000396;21;22;3.14;0.03;353.83;29;-0.003;0.084;1.05;0.49;-0.02;6.14
GNAT L082CZ - 04;3.96;23.05.26 - 10h26;23.05.26 - 10h26;66.01;1685089573284000000;32.5;3D3B8F7A9F26C004;2;-113;-11;-124.33;12;867.5;2;40;014500c40022009703da013602911358002dc82e1308;43.062104;3.000366;19;8;5.07;0.08;204.43;31;0.034;0.151;0.986;0.88;0.2;5.77
GNAT L082CZ - 04;3.95;23.05.26 - 10h28;23.05.26 - 10h27;115.1;1685089688382000000;32.5;3D3B8F7A9F26C004;4;-111;-6;-117.97;12;868.1;2;41;014500c3ffe800b903d701360291135c002dc7c41306;43.062108;3.00026;19;6;8.62;0.07;273.56;31;-0.024;0.185;0.983;1.08;-0.14;5.75
GNAT L082CZ - 04;3.95;23.05.26 - 10h29;23.05.26 - 10h29;66.01;1685089754391000000;31.6;3D3B8F7A9F26C004;4;-112;-4;-117.46;12;866.1;2;42;013c00c3fff700ae03d6012c02911378002dc7451417;43.062136;3.000133;20;23;10.78;0.16;290;30;-0.009;0.174;0.982;1.02;-0.05;5.75
GNAT L082CZ - 04;3.95;23.05.26 - 10h31;23.05.26 - 10h31;116.1;1685089870490000000;30.8;3D3B8F7A9F26C004;3;-113;-9;-122.51;12;868.5;1;43;013400c3001d00a403a301220291139c002dc6b81407;43.062172;2.999992;20;7;12.13;0.1;292.85;29;0.029;0.164;0.931;0.96;0.17;5.45
GNAT L082CZ - 04;3.95;23.05.26 - 10h32;23.05.26 - 10h32;66.01;1685089936499000000;31.2;3D3B8F7A9F26C004;4;-112;-2;-116.12;12;865.5;2;44;013800c3001900b403d1011802911378002dc5c41318;43.062136;2.999748;19;24;20.22;0.31;256.3;28;0.025;0.18;0.977;1.05;0.15;5.72
GNAT L082CZ - 04;3.95;23.05.26 - 10h34;23.05.26 - 10h33;115.1;1685090051598000000;31.2;3D3B8F7A9F26C004;2;-113;-14;-127.17;12;868.1;1;45;013800c3002a007b03d801220291137c002dc4dc1415;43.06214;2.999516;20;21;18.85;0.16;271.63;29;0.042;0.123;0.984;0.72;0.25;5.76
GNAT L082CZ - 04;3.95;23.05.26 - 10h35;23.05.26 - 10h35;66.01;1685090117606000000;31.6;3D3B8F7A9F26C004;2;-113;-13;-126.21;12;867.5;2;46;013c00c3ff93004303d8012c02911374002dc4ca1418;43.062132;2.999498;20;24;1.71;0.03;233.73;30;-0.109;0.067;0.984;0.39;-0.64;5.76
GNAT L082CZ - 04;3.95;23.05.26 - 10h37;23.05.26 - 10h37;115.1;1685090232706000000;31.2;3D3B8F7A9F26C004;2;-114;-15;-129.14;12;868.5;1;47;013800c3ffb3005203e0012202911370002dc48f1418;43.062128;2.999439;20;24;4.81;0.04;263.61;29;-0.077;0.082;0.992;0.48;-0.45;5.8
GNAT L082CZ - 04;3.95;23.05.26 - 10h38;23.05.26 - 10h38;66.01;1685090298714000000;30.4;3D3B8F7A9F26C004;2;-113;-14;-127.17;12;865.5;2;48;013000c3ff17002d03c0012202911358002dc4a81317;43.062104;2.999464;19;23;3.35;0.05;147.75;29;-0.233;0.045;0.96;0.26;-1.36;5.62
GNAT L082CZ - 04;3.95;23.05.26 - 10h40;23.05.26 - 10h39;114.65;1685090413362000000;30.4;3D3B8F7A9F26C004;1;-116;-15.75;-131.86;12;868.1;2;49;013000c3ffb300470420012202911360002dc4891316;43.062112;2.999433;19;22;2.67;0.02;293.08;29;-0.077;0.071;1.056;0.41;-0.45;6.18
GNAT L082CZ - 04;3.95;23.05.26 - 10h41;23.05.26 - 10h40;66.46;1685090479820000000;30.4;3D3B8F7A9F26C004;2;-113;-15;-128.14;12;866.7;2;50;013000c3ff73001903d301180291135c002dc4671318;43.062108;2.999399;19;24;2.8;0.04;259.01;28;-0.141;0.025;0.979;0.15;-0.82;5.73
GNAT L082CZ - 04;3.95;23.05.26 - 10h43;23.05.26 - 10h42;115.1;1685090594920000000;30.4;3D3B8F7A9F26C004;1;-110;-22;-132.03;12;868.5;1;51;013000c3ffeb007d0358011802911340002dc43e1318;43.06208;2.999358;19;24;4.56;0.04;221.57;28;-0.021;0.125;0.856;0.73;-0.12;5.01
GNAT L082CZ - 04;3.96;23.05.26 - 10h44;23.05.26 - 10h43;66.01;1685090660928000000;29.5;3D3B8F7A9F26C004;1;-113;-18;-131.07;12;867.7;2;52;012700c4ff97003e03d1011802911350002dc4191319;43.062096;2.999321;19;25;3.49;0.05;305.53;28;-0.105;0.062;0.977;0.36;-0.61;5.72
GNAT L082CZ - 04;3.96;23.05.26 - 10h46;23.05.26 - 10h45;114.1;1685090775028000000;29.5;3D3B8F7A9F26C004;1;-113;-17;-130.09;12;868.1;2;53;012700c4ff5b002f0400010e02911328002dc3bc1318;43.062056;2.999228;19;24;8.77;0.08;234.62;27;-0.165;0.047;1.024;0.27;-0.96;5.99
GNAT L082CZ - 04;3.96;23.05.26 - 10h47;23.05.26 - 10h47;66.01;1685090841035000000;28.7;3D3B8F7A9F26C004;1;-112;-16;-128.11;12;866.5;2;54;011f00c4ff9600680431010e02911338002dc3a91318;43.062072;2.999209;19;24;2.36;0.04;324.28;27;-0.106;0.104;1.073;0.61;-0.62;6.28
GNAT L082CZ - 04;3.95;23.05.26 - 10h49;23.05.26 - 10h48;115.1;1685090956135000000;29.1;3D3B8F7A9F26C004;1;-114;-17;-131.09;12;868.5;1;55;012300c3ff8b004f03a3010e02911314002dc3661315;43.062036;2.999142;19;21;6.76;0.06;228.42;27;-0.117;0.079;0.931;0.46;-0.68;5.45
GNAT L082CZ - 04;3.95;23.05.26 - 10h52;23.05.26 - 10h51;181.11;1685091137242000000;29.1;3D3B8F7A9F26C004;3;-114;-8;-122.64;12;868.5;2;57;012300c3ff9c007103e3010e029112ac002dc2f31442;43.061932;2.999027;20;66;14.87;0.08;213.8;27;-0.1;0.113;0.995;0.66;-0.58;5.82
GNAT L082CZ - 04;3.95;23.05.26 - 10h53;23.05.26 - 10h53;66.01;1685091203250000000;28.7;3D3B8F7A9F26C004;3;-113;-7;-120.79;12;867.5;2;58;011f00c3020bfdd1fded010402911270002dc0c31514;43.061872;2.998467;21;20;45.98;0.7;259.95;26;0.523;-0.559;-0.531;-3.27;3.06;-3.1
GNAT L082CZ - 04;3.95;23.05.26 - 10h59;23.05.26 - 10h58;363.22;1685091566465000000;29.1;3D3B8F7A9F26C004;1;-114;-19;-133.05;12;866.1;1;62;012300c30023fe05040f0104029163e4002de90d1414;43.082724;3.008781;20;20;2465.35;6.79;17.12;26;0.035;-0.507;1.039;-2.96;0.2;6.08
GNAT L082CZ - 04;3.95;23.05.26 - 11h04;23.05.26 - 11h04;296.21;1685091862673000000;29.5;3D3B8F7A9F26C004;1;-114;-20;-134.04;12;868.5;2;65;012700c30023fe7204c7010e0291a0f0002e1fc31517;43.098352;3.022787;21;23;2076.85;7.01;29.69;27;0.035;-0.398;1.223;-2.33;0.2;7.16
GNAT L082CZ - 04;3.95;23.05.26 - 11h05;23.05.26 - 11h04;66.01;1685091928680000000;30.4;3D3B8F7A9F26C004;2;-113;-11;-124.33;12;867.1;2;66;013000c300520044039d01180291a388002e21b91417;43.099016;3.023289;20;23;84.34;1.28;25.63;28;0.082;0.068;0.925;0.4;0.48;5.41
GNAT L082CZ - 04;3.95;23.05.26 - 11h07;23.05.26 - 11h07;115.1;1685092043781000000;30;3D3B8F7A9F26C004;1;-113;-16;-129.11;12;868.1;1;67;012c00c30005004503d101180291a33c002e212d1415;43.09894;3.023149;20;21;14.16;0.12;229.45;28;0.005;0.069;0.977;0.4;0.03;5.72
GNAT L082CZ - 04;3.94;23.05.26 - 11h08;23.05.26 - 11h07;66.01;1685092109788000000;29.5;3D3B8F7A9F26C004;1;-113;-16;-129.11;12;865.1;2;68;012700c20033002b03ec010e0291a33c002e1ff01417;43.09894;3.022832;20;23;25.74;0.39;269.99;27;0.051;0.043;1.004;0.25;0.3;5.87
GNAT L082CZ - 04;3.95;23.05.26 - 11h11;23.05.26 - 11h10;181.11;1685092290894000000;29.5;3D3B8F7A9F26C004;1;-113;-16;-129.11;12;866.3;2;70;012700c3ffe1003a03cc01180291a2f4002e1b851416;43.098868;3.021701;20;22;92.18;0.51;264.25;28;-0.031;0.058;0.972;0.34;-0.18;5.69
GNAT L082CZ - 04;3.95;23.05.26 - 11h16;23.05.26 - 11h16;295.21;1685092586102000000;30.8;3D3B8F7A9F26C004;2;-114;-14;-128.17;12;868.5;2;73;013400c30055fffa03d601220291a26c002e18981418;43.098732;3.020952;20;24;62.66;0.21;254.01;29;0.085;-0.006;0.982;-0.04;0.5;5.75
GNAT L082CZ - 04;3.95;23.05.26 - 11h17;23.05.26 - 11h17;66.01;1685092652109000000;31.2;3D3B8F7A9F26C004;1;-113;-16;-129.11;12;866.5;2;74;013800c3ff5f00d803df01220291b524002dfed91416;43.103524;3.014361;20;22;755.16;11.44;318.66;29;-0.161;0.216;0.991;1.26;-0.94;5.8
GNAT L082CZ - 04;3.95;23.05.26 - 11h32;23.05.26 - 11h21;906.54;1685093558647000000;32.5;3D3B8F7A9F26C004;1;-115;-20;-135.04;12;867.7;1;84;014500c30008001003e7013602920820002db1b41514;43.124768;2.994612;21;20;2854.8;3.15;328.57;31;0.008;0.016;0.999;0.09;0.05;5.84