GNAT L082CZ - 01;3.96;23.05.26 - 09h52;23.05.26 - 09h52;1565.99;1685087550546000000;29.5;3D3B8F7A9F26C001;2;-115;-15;-130.14;12;865.5;1;14;012700c4ffddfff6041f012c0291eee8002dc8821532;43.118312;3.00045;21;50;8123.13;5.19;24.9;30;-0.035;-0.01;1.055;-0.06;-0.2;6.17
GNAT L082CZ - 01;3.96;23.05.26 - 09h54;23.05.26 - 09h53;118.18;1685087668722000000;27.4;3D3B8F7A9F26C001;1;-103;-22;-125.03;12;868.3;1;15;011200c4ff980056039a010e0291cd84002dcb521517;43.109764;3.00117;21;23;952.29;8.06;176.9;27;-0.104;0.086;0.922;0.5;-0.61;5.39
GNAT L082CZ - 01;3.96;23.05.26 - 09h56;23.05.26 - 09h56;117.01;1685087785730000000;26.2;3D3B8F7A9F26C001;2;-114;-15;-129.14;12;867.7;2;16;010600c4ff36ffa2034c00f00291ac98002dca0e1515;43.101336;3.000846;21;21;937.52;8.01;181.4;24;-0.202;-0.094;0.844;-0.55;-1.18;4.94
GNAT L082CZ - 01;3.96;23.05.26 - 09h58;23.05.26 - 09h58;119;1685087904730000000;25.7;3D3B8F7A9F26C001;2;-109;-15;-124.14;12;868.1;2;17;010100c40004fff2023900e602918c04002dc47e1616;43.092996;2.999422;22;22;934.55;7.85;186.14;23;0.004;-0.014;0.569;-0.08;0.02;3.33
GNAT L082CZ - 01;3.96;23.05.26 - 10h00;23.05.26 - 09h59;114.01;1685088018736000000;24.9;3D3B8F7A9F26C001;3;-113;-8;-121.64;12;867.5;1;18;00f900c4ff780040037e00dc02916e04002db7a51616;43.085316;2.996133;22;22;894.77;7.85;194.96;22;-0.136;0.064;0.894;0.37;-0.79;5.23
GNAT L082CZ - 01;3.96;23.05.26 - 10h02;23.05.26 - 10h02;114;1685088132737000000;24.5;3D3B8F7A9F26C001;2;-108;-12;-120.27;12;868.3;2;19;00f500c4ff88000f029e00d2029150f0002dab031617;43.077872;2.992899;22;23;868.41;7.62;195.03;21;-0.12;0.015;0.67;0.09;-0.7;3.92
GNAT L082CZ - 01;3.96;23.05.26 - 10h04;23.05.26 - 10h04;112.01;1685088244750000000;24.5;3D3B8F7A9F26C001;4;-112;-4;-117.46;12;865.3;2;20;00f500c4ffa6ffdf042800d2029135a0002da41c1717;43.07088;2.991132;23;23;790.61;7.06;188.8;21;-0.09;-0.033;1.064;-0.19;-0.53;6.23
GNAT L082CZ - 01;3.96;23.05.26 - 10h05;23.05.26 - 10h05;113.98;1685088358728000000;24;3D3B8F7A9F26C001;2;-113;-15;-128.14;12;868.1;1;21;00f000c4ffb1014e05a200d202911cc4002db94f1618;43.064516;2.996559;22;24;833.73;7.31;152.64;21;-0.079;0.334;1.442;1.95;-0.46;8.45
GNAT L082CZ - 01;3.96;23.05.26 - 10h13;23.05.26 - 10h13;445.98;1685088804709000000;28.3;3D3B8F7A9F26C001;1;-114;-18;-132.07;12;868.5;1;25;011b00c4ff84ffa0040200e6029111b0002dce3b1518;43.06168;3.001915;21;24;537.38;1.2;131.25;23;-0.124;-0.096;1.026;-0.56;-0.72;6
GNAT L082CZ - 01;3.96;23.05.26 - 10h15;23.05.26 - 10h14;102.03;1685088906736000000;28.3;3D3B8F7A9F26C001;2;-113;-14;-127.17;12;866.1;2;26;011b00c4ff9cffd804090104029111f8002dccd51507;43.061752;3.001557;21;7;30.17;0.3;288.37;26;-0.1;-0.04;1.033;-0.23;-0.58;6.04
GNAT L082CZ - 01;3.96;23.05.26 - 10h16;23.05.26 - 10h16;107.96;1685089014695000000;27.4;3D3B8F7A9F26C001;2;-113;-15;-128.14;12;868.5;2;27;011200c4fec1ff60040000fa029111d8002dcaec1316;43.06172;3.001068;19;22;39.89;0.37;263.82;25;-0.319;-0.16;1.024;-0.93;-1.86;5.99
GNAT L082CZ - 01;3.96;23.05.26 - 10h18;23.05.26 - 10h17;102.04;1685089116736000000;30;3D3B8F7A9F26C001;2;-114;-12;-126.27;12;867.7;2;28;012c00c4ff780008038200fa029111f4002dcb311509;43.061748;3.001137;21;9;6.41;0.06;56.17;25;-0.136;0.008;0.898;0.05;-0.79;5.25
GNAT L082CZ - 01;3.96;23.05.26 - 10h20;23.05.26 - 10h20;106.96;1685089223691000000;31.2;3D3B8F7A9F26C001;2;-112;-14;-126.17;12;868.1;1;29;013800c4ff86ffca0407011802911228002dcafa1315;43.0618;3.001082;19;21;7.31;0.07;327.37;28;-0.122;-0.054;1.031;-0.32;-0.71;6.03
GNAT L082CZ - 01;3.96;23.05.26 - 10h23;23.05.26 - 10h23;214.03;1685089437719000000;33.7;3D3B8F7A9F26C001;1;-107;-23;-130.02;12;868.3;1;31;015100c4ffa4ff7e03b701360291138c002dc8551414;43.062156;3.000405;20;20;67.76;0.32;310.95;31;-0.092;-0.13;0.951;-0.76;-0.54;5.56
GNAT L082CZ - 01;3.96;23.05.26 - 10h25;23.05.26 - 10h25;110.01;1685089547725000000;34.6;3D3B8F7A9F26C001;1;-114;-17;-131.09;12;865.1;1;32;015a00c4ff1dffb003e5014002911358002dc8131518;43.062104;3.000339;21;24;7.89;0.07;217.55;32;-0.227;-0.08;0.997;-0.47;-1.33;5.83
GNAT L082CZ - 01;3.96;23.05.26 - 10h27;23.05.26 - 10h27;109.99;1685089657717000000;34.2;3D3B8F7A9F26C001;1;-111;-16;-127.11;12;868.3;2;33;015600c4ff5affba0405014a0291136c002dc7961416;43.062124;3.000214;20;22;10.4;0.09;284.79;33;-0.166;-0.07;1.029;-0.41;-0.97;6.02
GNAT L082CZ - 01;3.96;23.05.26 - 10h29;23.05.26 - 10h29;106.02;1685089763741000000;32.9;3D3B8F7A9F26C001;2;-113;-14;-127.17;12;865.5;1;34;014900c4ff4cffb80406014a02911368002dc6e21310;43.06212;3.000034;19;16;14.63;0.14;267.89;33;-0.18;-0.072;1.03;-0.42;-1.05;6.03
GNAT L082CZ - 01;3.96;23.05.26 - 10h31;23.05.26 - 10h30;101.98;1685089865722000000;32.5;3D3B8F7A9F26C001;1;-112;-18;-130.07;12;868.1;1;35;014500c4ff96fe9603df012c02911384002dc6531308;43.062148;2.999891;19;8;12.03;0.12;287.91;30;-0.106;-0.362;0.991;-2.11;-0.62;5.8
GNAT L082CZ - 01;3.96;23.05.26 - 10h32;23.05.26 - 10h32;114;1685089979726000000;32.9;3D3B8F7A9F26C001;2;-113;-13;-126.21;12;865.1;2;36;014900c4ffcafee0046f013602911378002dc5b61418;43.062136;2.999734;20;24;12.82;0.11;262.8;31;-0.054;-0.288;1.135;-1.68;-0.32;6.64
GNAT L082CZ - 01;3.96;23.05.26 - 10h34;23.05.26 - 10h34;120;1685090099727000000;32.5;3D3B8F7A9F26C001;1;-111;-16;-127.11;12;868.3;2;37;014500c4ff75fedf0410013602911370002dc59f1417;43.062128;2.999711;20;23;2.07;0.02;240.13;31;-0.139;-0.289;1.04;-1.69;-0.81;6.09
GNAT L082CZ - 01;3.96;23.05.26 - 10h37;23.05.26 - 10h36;121;1685090220729000000;31.6;3D3B8F7A9F26C001;2;-113;-14;-127.17;12;865.5;2;38;013c00c4ff3bfed6044b012c02911360002dc5821415;43.062112;2.999682;20;21;2.95;0.02;227.67;30;-0.197;-0.298;1.099;-1.74;-1.15;6.43
GNAT L082CZ - 01;3.96;23.05.26 - 10h38;23.05.26 - 10h38;113;1685090333724000000;30.8;3D3B8F7A9F26C001;2;-114;-13;-127.21;12;868.5;2;39;013400c4ffbdff17045f012c02911358002dc5501316;43.062104;2.999632;19;22;4.16;0.04;255.2;30;-0.067;-0.233;1.119;-1.36;-0.39;6.55
GNAT L082CZ - 01;3.96;23.05.26 - 10h40;23.05.26 - 10h40;120;1685090453723000000;29.5;3D3B8F7A9F26C001;2;-113;-13;-126.21;12;866.7;2;40;012700c4ff99fec3044b011802911344002dc5091318;43.062084;2.999561;19;24;6.18;0.05;245.06;28;-0.103;-0.317;1.099;-1.85;-0.6;6.43
GNAT L082CZ - 01;3.96;23.05.26 - 10h42;23.05.26 - 10h42;115;1685090568718000000;30.4;3D3B8F7A9F26C001;2;-113;-14;-127.17;12;868.3;1;41;013000c4ff4eff1003fa01180291133c002dc4e81416;43.062076;2.999528;20;22;2.82;0.02;248.18;28;-0.178;-0.24;1.018;-1.4;-1.04;5.96
GNAT L082CZ - 01;3.96;23.05.26 - 10h44;23.05.26 - 10h44;119;1685090687722000000;29.5;3D3B8F7A9F26C001;2;-114;-14;-128.17;12;867.3;2;42;012700c40029ff350462011802911328002dc4891318;43.062056;2.999433;19;24;8.03;0.07;250.83;28;0.041;-0.203;1.122;-1.19;0.24;6.57
GNAT L082CZ - 01;3.96;23.05.26 - 10h46;23.05.26 - 10h46;121.01;1685090808728000000;29.1;3D3B8F7A9F26C001;1;-111;-16;-127.11;12;868.1;1;43;012300c4ff9aff0d0447010e02911308002dc4621415;43.062024;2.999394;20;21;4.76;0.04;216.43;27;-0.102;-0.243;1.095;-1.42;-0.6;6.41
GNAT L082CZ - 01;3.96;23.05.26 - 10h48;23.05.26 - 10h48;116.99;1685090925722000000;29.5;3D3B8F7A9F26C001;2;-114;-13;-127.21;12;865.9;2;44;012700c4ff40ff080488010e029112e4002dc4041318;43.061988;2.9993;19;24;8.62;0.07;237.69;27;-0.192;-0.248;1.16;-1.45;-1.12;6.79
GNAT L082CZ - 01;3.96;23.05.26 - 10h52;23.05.26 - 10h52;232;1685091157718000000;27.8;3D3B8F7A9F26C001;2;-114;-13;-127.21;12;865.5;2;46;011600c4ff7cfed304370104029112b8002dc05c1416;43.061944;2.998364;20;22;76.2;0.33;265.54;26;-0.132;-0.301;1.079;-1.76;-0.77;6.31
GNAT L082CZ - 01;3.96;23.05.26 - 10h54;23.05.26 - 10h54;114;1685091271716000000;28.3;3D3B8F7A9F26C001;3;-114;-9;-123.51;12;868.5;2;47;011b00c4009dffa603c2010402912dd8002da5ee1418;43.068888;2.991598;20;24;947.79;8.31;329.19;26;0.157;-0.09;0.962;-0.53;0.92;5.63
GNAT L082CZ - 01;3.96;23.05.26 - 10h58;23.05.26 - 10h57;231.62;1685091503332000000;28.3;3D3B8F7A9F26C001;1;-116;-19.75;-135.8;12;868.3;1;49;011b00c40314002604ac010402915c7c002de0d1140e;43.080828;3.006673;20;14;1806.09;7.8;38.2;26;0.788;0.038;1.196;0.22;4.61;7
GNAT L082CZ - 01;3.96;23.05.26 - 11h03;23.05.26 - 10h59;331.39;1685091834725000000;30.4;3D3B8F7A9F26C001;1;-112;-17;-129.09;12;866.5;1;52;013000c4fff0fece042601180291a32c002e22391516;43.098924;3.023417;21;22;2428.5;7.33;30.52;28;-0.016;-0.306;1.062;-1.79;-0.09;6.21
GNAT L082CZ - 01;3.96;23.05.26 - 11h07;23.05.26 - 11h07;232;1685092066722000000;31.2;3D3B8F7A9F26C001;1;-112;-18;-130.07;12;866.5;1;54;013800c40011feda040b01220291a328002e1fd31516;43.09892;3.022803;21;22;49.85;0.21;269.4;29;0.017;-0.294;1.035;-1.72;0.1;6.06
GNAT L082CZ - 01;3.96;23.05.26 - 11h13;23.05.26 - 11h13;340.02;1685092406739000000;32.5;3D3B8F7A9F26C001;1;-114;-19;-133.05;12;868.5;1;57;014500c400a8ff0303ef01220291a2ac002e19bf1518;43.098796;3.021247;21;24;127.08;0.37;262.81;29;0.168;-0.253;1.007;-1.48;0.98;5.89
GNAT L082CZ - 01;3.96;23.05.26 - 11h15;23.05.26 - 11h15;112.99;1685092519733000000;32.5;3D3B8F7A9F26C001;1;-113;-16;-129.11;12;866.7;1;58;014500c4006dfeb903f801360291a2c4002e17731418;43.09882;3.020659;20;24;47.82;0.42;273.67;31;0.109;-0.327;1.016;-1.91;0.64;5.94
GNAT L082CZ - 01;3.96;23.05.26 - 11h17;23.05.26 - 11h16;115.01;1685092634746000000;32.9;3D3B8F7A9F26C001;2;-114;-15;-129.14;12;868.5;2;59;014900c4002cfec4040d01360291ba68002df8031616;43.104872;3.012611;22;22;937.97;8.16;319.56;31;0.044;-0.316;1.037;-1.85;0.26;6.07
GNAT L082CZ - 01;3.96;23.05.26 - 11h21;23.05.26 - 11h20;225.99;1685092860731000000;32.9;3D3B8F7A9F26C001;2;-113;-11;-124.33;12;868.1;1;61;014900c4ff7bfe81032101360291f950002dc2ea1616;43.120976;2.999018;22;22;2103.33;9.31;331.13;31;-0.133;-0.383;0.801;-2.24;-0.78;4.68