GNAT L082CZ - 04;3.94;23.06.21 - 09h19;23.06.21 - 09h18;74945.66;1687331975687000000;29.5;3D3B8F7A9F26C004;2;-114;-15;-129.14;12;867.7;1;0;012700c2014200e7039101040291a780002e25771017;43.100032;3.024247;16;23;643.85;0.01;123.39;26;0.322;0.231;0.913;1.35;1.88;5.34
GNAT L082CZ - 04;3.95;23.06.21 - 09h25;23.06.21 - 09h24;343.08;1687332318766000000;29.5;3D3B8F7A9F26C004;1;-110;-20;-130.04;12;868.1;1;3;012700c3002a014503f101040291a950002e259c0e1b;43.100496;3.024284;14;27;51.68;0.15;2.9;26;0.042;0.325;1.009;1.9;0.25;5.9
GNAT L082CZ - 04;3.95;23.06.21 - 09h25;23.06.21 - 09h25;40.14;1687332358906000000;29.1;3D3B8F7A9F26C004;2;-114;-15;-129.14;12;867.7;2;4;012300c30024018b03f201040291affc002e2d5c1038;43.102204;3.026268;16;56;249.03;6.2;36.52;26;0.036;0.395;1.01;2.31;0.21;5.91
GNAT L082CZ - 04;3.95;23.06.21 - 09h31;23.06.21 - 09h30;321.62;1687332680530000000;30.4;3D3B8F7A9F26C004;1;-114;-17.25;-131.33;12;868.3;1;7;013000c3ffeb01bc03d7010e0291a758002e29f30f45;43.099992;3.025395;15;69;255.97;0.8;194.08;27;-0.021;0.444;0.983;2.59;-0.12;5.75
GNAT L082CZ - 04;3.95;23.06.21 - 09h32;23.06.21 - 09h31;39.59;1687332720122000000;29.5;3D3B8F7A9F26C004;1;-114;-16;-130.11;12;867.3;1;8;012700c3008a01cc03ba01180291a320002e28d90f1b;43.098912;3.025113;15;27;122.25;3.09;189.41;28;0.138;0.46;0.954;2.69;0.81;5.58
GNAT L082CZ - 04;3.94;23.06.21 - 09h34;23.06.21 - 09h33;140.97;1687332861090000000;29.5;3D3B8F7A9F26C004;1;-111;-19;-130.05;12;868.3;1;9;012700c2ff6a01a803e9010402919f40002e299d0f19;43.09792;3.025309;15;25;111.45;0.79;172.86;26;-0.15;0.424;1.001;2.48;-0.88;5.86
GNAT L082CZ - 04;3.95;23.06.21 - 09h35;23.06.21 - 09h34;40.14;1687332901230000000;29.5;3D3B8F7A9F26C004;2;-114;-14;-128.17;12;867.1;2;10;012700c3ff9301a30400011802919c44002e266a101d;43.097156;3.02449;16;29;107.88;2.69;214.16;28;-0.109;0.419;1.024;2.45;-0.64;5.99
GNAT L082CZ - 04;3.95;23.06.21 - 09h37;23.06.21 - 09h36;141.52;1687333042746000000;29.5;3D3B8F7A9F26C004;2;-116;-10.25;-126.64;12;868.1;3;11;012700c3007201d903e8010e02919a58002e27581118;43.096664;3.024728;17;24;58.02;0.41;162.98;27;0.114;0.473;1;2.76;0.67;5.85
GNAT L082CZ - 04;3.95;23.06.21 - 09h38;23.06.21 - 09h37;39.59;1687333082338000000;30;3D3B8F7A9F26C004;3;-115;-8;-123.64;12;867.3;2;12;012c00c3fe6e0184042601180291a1a0002e26e81317;43.098528;3.024616;19;23;207.47;5.24;357.82;28;-0.402;0.388;1.062;2.27;-2.35;6.21
GNAT L082CZ - 04;3.95;23.06.21 - 09h41;23.06.21 - 09h40;181.11;1687333263445000000;30;3D3B8F7A9F26C004;2;-114;-11;-125.33;12;867.7;2;14;012c00c3ff4d01f403ad01180291a7f8002e29011218;43.100152;3.025153;18;24;185.77;1.03;11.87;28;-0.179;0.5;0.941;2.92;-1.05;5.5
GNAT L082CZ - 04;3.94;23.06.21 - 09h44;23.06.21 - 09h43;182.11;1687333445552000000;30;3D3B8F7A9F26C004;1;-114;-17;-131.09;12;867.7;1;16;012c00c2ff7a0115042f01180291a79c002e28691217;43.10006;3.025001;18;23;16.03;0.09;226.39;28;-0.134;0.277;1.071;1.62;-0.78;6.27
GNAT L082CZ - 04;3.95;23.06.21 - 09h46;23.06.21 - 09h46;140.97;1687333586522000000;29.5;3D3B8F7A9F26C004;1;-107;-24;-131.02;12;868.5;1;17;012700c3ff5200ff03da010e0291a7b0002e280d1215;43.10008;3.024909;18;21;7.79;0.06;288.88;27;-0.174;0.255;0.986;1.49;-1.02;5.77
GNAT L082CZ - 04;3.95;23.06.21 - 09h49;23.06.21 - 09h48;181.11;1687333767629000000;30;3D3B8F7A9F26C004;1;-114;-17;-131.09;12;868.5;2;19;012c00c3ff5e0112041f01040291a784002e27ce1215;43.100036;3.024846;18;21;7.08;0.04;222.29;26;-0.162;0.274;1.055;1.6;-0.95;6.17
GNAT L082CZ - 04;3.95;23.06.21 - 09h50;23.06.21 - 09h49;40.14;1687333807766000000;29.1;3D3B8F7A9F26C004;1;-115;-16;-131.11;12;865.9;2;20;012300c3ff69011f0410010e0291a73c002e27ef1216;43.099964;3.024879;18;22;8.44;0.21;163.76;27;-0.151;0.287;1.04;1.68;-0.88;6.09
GNAT L082CZ - 04;3.95;23.06.21 - 09h52;23.06.21 - 09h50;140.97;1687333948737000000;29.1;3D3B8F7A9F26C004;1;-110;-19;-129.05;12;868.1;1;21;012300c3ff4400da03fa01040291a718002e27fc1317;43.099928;3.024892;19;23;4.14;0.03;167.08;26;-0.188;0.218;1.018;1.27;-1.1;5.96
GNAT L082CZ - 04;3.95;23.06.21 - 09h53;23.06.21 - 09h52;40.14;1687333988874000000;28.7;3D3B8F7A9F26C004;1;-113;-16;-129.11;12;865.5;2;22;011f00c3ff720104040001040291a73c002e27231215;43.099964;3.024675;18;21;18.07;0.45;284.63;26;-0.142;0.26;1.024;1.52;-0.83;5.99
GNAT L082CZ - 04;3.95;23.06.21 - 09h55;23.06.21 - 09h55;140.97;1687334129844000000;30;3D3B8F7A9F26C004;1;-115;-19;-134.05;12;868.5;1;23;012c00c3ff5700eb03f501040291a6a4002e27c71217;43.099812;3.024839;18;23;21.52;0.15;145.58;26;-0.169;0.235;1.013;1.37;-0.99;5.93
GNAT L082CZ - 04;3.95;23.06.21 - 09h56;23.06.21 - 09h55;40.14;1687334169982000000;29.1;3D3B8F7A9F26C004;2;-114;-15;-129.14;12;867.3;2;24;012300c3ff6800de03f8010e0291a684002e27c21218;43.09978;3.024834;18;24;3.58;0.09;185.67;27;-0.152;0.222;1.016;1.3;-0.89;5.94
GNAT L082CZ - 04;3.95;23.06.21 - 09h58;23.06.21 - 09h58;140.97;1687334310951000000;29.1;3D3B8F7A9F26C004;1;-114;-16;-130.11;12;868.5;1;25;012300c3ff3e010203ed01040291a668002e27971215;43.099752;3.024791;18;21;4.68;0.03;224.29;26;-0.194;0.258;1.005;1.51;-1.13;5.88
GNAT L082CZ - 04;3.95;23.06.21 - 09h59;23.06.21 - 09h58;39.14;1687334350090000000;28.3;3D3B8F7A9F26C004;1;-114;-17;-131.09;12;866.7;2;26;011b00c3ffa5015f044201040291a620002e278d1217;43.09968;3.024781;18;23;8.05;0.21;185.04;26;-0.091;0.351;1.09;2.05;-0.53;6.38
GNAT L082CZ - 04;3.95;23.06.21 - 10h01;23.06.21 - 10h00;140.97;1687334491058000000;28.7;3D3B8F7A9F26C004;1;-114;-18;-132.07;12;868.5;1;27;011f00c3ff940112042001040291a600002e27621216;43.099648;3.024738;18;22;4.98;0.04;220.48;26;-0.108;0.274;1.056;1.6;-0.63;6.18
GNAT L082CZ - 04;3.95;23.06.21 - 10h05;23.06.21 - 10h04;221.25;1687334712305000000;28.3;3D3B8F7A9F26C004;1;-114;-17;-131.09;12;867.3;1;30;011b00c3ff1b014b041200fa0291a520002e27071215;43.099424;3.024647;18;21;25.98;0.12;194.46;25;-0.229;0.331;1.042;1.93;-1.34;6.1
GNAT L082CZ - 04;3.95;23.06.21 - 10h07;23.06.21 - 10h07;140.97;1687334853274000000;29.1;3D3B8F7A9F26C004;1;-112;-18;-130.07;12;868.1;1;31;012300c3ff2400bc044800fa0291a4f8002e26fe1215;43.099384;3.024638;18;21;4.51;0.03;188.13;25;-0.22;0.188;1.096;1.1;-1.29;6.41
GNAT L082CZ - 04;3.95;23.06.21 - 10h08;23.06.21 - 10h07;40.14;1687334893411000000;28.7;3D3B8F7A9F26C004;1;-114;-17;-131.09;12;867.7;1;32;011f00c3ff7f01330427010e0291a4ac002e27061218;43.099308;3.024646;18;24;8.48;0.21;176.18;27;-0.129;0.307;1.063;1.79;-0.75;6.22
GNAT L082CZ - 04;3.95;23.06.21 - 10h11;23.06.21 - 10h10;181.66;1687335075067000000;28.3;3D3B8F7A9F26C004;1;-118;-17;-135.09;12;867.3;2;34;011b00c3ff5d00ff038801040291a40c002e26961218;43.099148;3.024534;18;24;19.98;0.11;203.96;26;-0.163;0.255;0.904;1.49;-0.95;5.29
GNAT L082CZ - 04;3.95;23.06.21 - 10h13;23.06.21 - 10h13;141.42;1687335216488000000;29.1;3D3B8F7A9F26C004;1;-113;-16;-129.11;12;868.1;2;35;012300c3ffa8013203ca01040291a404002e26aa1216;43.09914;3.024554;18;22;1.85;0.01;122.22;26;-0.088;0.306;0.97;1.79;-0.51;5.67
GNAT L082CZ - 04;3.94;23.06.21 - 10h14;23.06.21 - 10h13;40.14;1687335256626000000;28.7;3D3B8F7A9F26C004;1;-114;-17;-131.09;12;866.7;2;36;011f00c2feee010f03f801040291a370002e267f1218;43.098992;3.024511;18;24;16.82;0.42;190.45;26;-0.274;0.271;1.016;1.58;-1.6;5.94
GNAT L082CZ - 04;3.95;23.06.21 - 10h20;23.06.21 - 10h19;362.22;1687335618842000000;28.7;3D3B8F7A9F26C004;1;-113;-23;-136.02;12;867.7;1;40;011f00c3ff9d010e041e01040291a2b8002e26051316;43.098808;3.024389;19;22;22.73;0.06;202.81;26;-0.099;0.27;1.054;1.58;-0.58;6.17
GNAT L082CZ - 04;3.95;23.06.21 - 10h23;23.06.21 - 10h23;195.71;1687335814554000000;27.4;3D3B8F7A9F26C004;1;-114;-22;-136.03;12;865.9;1;42;011200c3ff6f00d003d301040291a1e8002e25aa131a;43.0986;3.024298;19;26;24.28;0.12;195.51;26;-0.145;0.208;0.979;1.21;-0.85;5.73
GNAT L082CZ - 04;3.95;23.06.21 - 10h26;23.06.21 - 10h26;181.11;1687335995661000000;28.7;3D3B8F7A9F26C004;1;-115;-20;-135.04;12;865.5;2;44;011f00c3ff0a0077047101040291a014002e27411317;43.098132;3.024705;19;23;61.64;0.34;151.13;26;-0.246;0.119;1.137;0.7;-1.44;6.66
GNAT L082CZ - 04;3.95;23.06.21 - 10h29;23.06.21 - 10h29;181.11;1687336176769000000;28.7;3D3B8F7A9F26C004;1;-115;-19;-134.05;12;865.5;1;46;011f00c3037a00e4012b01040291aa84002e1a421512;43.100804;3.021378;21;18;401.55;2.22;321.6;26;0.89;0.228;0.299;1.33;5.21;1.75
GNAT L082CZ - 04;3.94;23.06.21 - 10h38;23.06.21 - 10h36;547.06;1687336723830000000;28.3;3D3B8F7A9F26C004;1;-114;-19;-133.05;12;866.7;2;52;011b00c203750177017801040291afa0002e1af71516;43.102112;3.021559;21;22;146.18;0.27;5.04;26;0.885;0.375;0.376;2.19;5.18;2.2
GNAT L082CZ - 04;3.95;23.06.21 - 10h40;23.06.21 - 10h40;122.62;1687336846453000000;27.8;3D3B8F7A9F26C004;1;-114;-19;-133.05;12;868.5;1;53;011600c3036501d1012d00fa0291afac002e1f601516;43.102124;3.022688;21;22;91.67;0.75;89.07;25;0.869;0.465;0.301;2.72;5.08;1.76
GNAT L082CZ - 04;3.95;23.06.21 - 10h47;23.06.21 - 10h46;419.7;1687337266152000000;28.7;3D3B8F7A9F26C004;1;-115;-20;-135.04;12;867.7;1;58;011f00c3ffd3ff20038100fa0291ab3c002e1dc21716;43.100988;3.022274;23;22;130.71;0.31;193.05;25;-0.045;-0.224;0.897;-1.31;-0.26;5.25
GNAT L082CZ - 04;3.95;23.06.21 - 10h49;23.06.21 - 10h48;123.17;1687337389322000000;29.1;3D3B8F7A9F26C004;2;-116;-15;-131.14;12;868.5;1;59;012300c301b20219038000fa0291ad20002e1f8f1718;43.101472;3.022735;23;24;65.55;0.53;31.23;25;0.434;0.537;0.896;3.14;2.54;5.24
GNAT L082CZ - 04;3.95;23.06.21 - 10h50;23.06.21 - 10h50;57.94;1687337447259000000;28.7;3D3B8F7A9F26C004;2;-114;-15;-129.14;12;865.9;2;60;011f00c3ff5f012b040901040291ad48002e1f481716;43.101512;3.022664;23;22;7.28;0.13;311.51;26;-0.161;0.299;1.033;1.75;-0.94;6.04
GNAT L082CZ - 04;3.94;23.06.21 - 10h52;23.06.21 - 10h52;123.62;1687337570881000000;28.7;3D3B8F7A9F26C004;1;-113;-17;-130.09;12;868.1;2;61;011f00c2ff2d013603a101040291ad24002e1f511716;43.101476;3.022673;23;22;4.07;0.03;170.96;26;-0.211;0.31;0.929;1.81;-1.23;5.43
GNAT L082CZ - 04;3.95;23.06.21 - 10h53;23.06.21 - 10h52;57.49;1687337628367000000;28.7;3D3B8F7A9F26C004;2;-113;-13;-126.21;12;865.1;2;62;011f00c3ff4b0141040d01040291ad4c002e1f771716;43.101516;3.022711;23;22;5.41;0.09;31.16;26;-0.181;0.321;1.037;1.88;-1.06;6.07
GNAT L082CZ - 04;3.95;23.06.21 - 10h56;23.06.21 - 10h56;182.11;1687337810474000000;28.7;3D3B8F7A9F26C004;2;-114;-14;-128.17;12;865.1;2;64;011f00c3ff33014f03fe01040291ad0c002e1fc71615;43.101452;3.022791;22;21;9.63;0.05;141.49;26;-0.205;0.335;1.022;1.96;-1.2;5.98
GNAT L082CZ - 04;3.95;23.06.21 - 10h59;23.06.21 - 10h59;181.11;1687337991581000000;29.1;3D3B8F7A9F26C004;1;-114;-17;-131.09;12;867.1;1;66;012300c3ff2b013003ce01040291aa94002e1dc31416;43.10082;3.022275;20;22;81.81;0.45;207.44;26;-0.213;0.304;0.974;1.78;-1.24;5.7
GNAT L082CZ - 04;3.95;23.06.21 - 11h01;23.06.21 - 11h01;122.17;1687338113751000000;28.7;3D3B8F7A9F26C004;1;-113;-16.5;-129.6;12;868.5;2;67;011f00c3ff0e012203bb00fa0291acb8002e1fec1418;43.101368;3.022828;20;24;75.69;0.62;32.71;25;-0.242;0.29;0.955;1.69;-1.41;5.59
GNAT L082CZ - 04;3.95;23.06.21 - 11h02;23.06.21 - 11h02;58.94;1687338172689000000;28.7;3D3B8F7A9F26C004;2;-114;-14;-128.17;12;865.5;2;68;011f00c3ff5a014e041001040291a9b0002e1d051418;43.100592;3.022085;20;24;105.28;1.79;211.33;26;-0.166;0.334;1.04;1.95;-0.97;6.09
GNAT L082CZ - 04;3.95;23.06.21 - 11h04;23.06.21 - 11h04;121.62;1687338294310000000;28.7;3D3B8F7A9F26C004;2;-113;-15;-128.14;12;868.1;1;69;011f00c3ff7c012a03b600fa0291ac08002e20061418;43.101192;3.022854;20;24;91.37;0.75;39.2;25;-0.132;0.298;0.95;1.74;-0.77;5.56
GNAT L082CZ - 04;3.95;23.06.21 - 11h05;23.06.21 - 11h05;59.49;1687338353796000000;28.7;3D3B8F7A9F26C004;2;-114;-14;-128.17;12;865.1;2;70;011f00c3ff3d012e03d901040291abe4002e1f801317;43.101156;3.02272;19;23;11.59;0.19;247.11;26;-0.195;0.302;0.985;1.76;-1.14;5.76
GNAT L082CZ - 04;3.95;23.06.21 - 11h07;23.06.21 - 11h07;121.62;1687338475417000000;29.1;3D3B8F7A9F26C004;1;-113;-16;-129.11;12;868.5;1;71;012300c3ff58015c03e701040291abd0002e205a1318;43.101136;3.022938;19;24;17.84;0.15;98.21;26;-0.168;0.348;0.999;2.03;-0.98;5.84
GNAT L082CZ - 04;3.95;23.06.21 - 11h08;23.06.21 - 11h08;59.49;1687338534904000000;29.1;3D3B8F7A9F26C004;1;-113;-16;-129.11;12;867.9;2;72;012300c3ff43015b03d301040291ac0c002e20a11317;43.101196;3.023009;19;23;8.82;0.15;36.98;26;-0.189;0.347;0.979;2.03;-1.1;5.73
GNAT L082CZ - 04;3.95;23.06.21 - 11h10;23.06.21 - 11h10;122.62;1687338657524000000;29.1;3D3B8F7A9F26C004;2;-114;-15;-129.14;12;868.5;2;73;012300c3ff63013703f4010402919ff8002e17761317;43.098104;3.020662;19;23;393.09;3.21;205.69;26;-0.157;0.311;1.012;1.82;-0.92;5.92
GNAT L082CZ - 04;3.94;23.06.21 - 11h11;23.06.21 - 11h11;57.49;1687338715012000000;28.3;3D3B8F7A9F26C004;2;-114;-15;-129.14;12;865.1;2;74;011b00c2ff32013603f701040291abbc002e20b21316;43.101116;3.023026;19;22;386.02;6.71;26.55;26;-0.206;0.31;1.015;1.81;-1.2;5.94
GNAT L082CZ - 04;3.95;23.06.21 - 11h13;23.06.21 - 11h12;123.62;1687338838631000000;29.1;3D3B8F7A9F26C004;1;-112;-16;-128.11;12;868.3;2;75;012300c3ff56012f03c100fa02919f8c002e16d61318;43.097996;3.020502;19;24;402.93;3.26;207.13;25;-0.17;0.303;0.961;1.77;-0.99;5.62
GNAT L082CZ - 04;3.95;23.06.21 - 11h14;23.06.21 - 11h14;57.49;1687338896119000000;27.8;3D3B8F7A9F26C004;1;-114;-16;-130.11;12;865.9;2;76;011600c3ff4f012a03e101040291aba8002e20e3141b;43.101096;3.023075;20;27;403.07;7.01;27.85;26;-0.177;0.298;0.993;1.74;-1.03;5.81
GNAT L082CZ - 04;3.95;23.06.21 - 11h16;23.06.21 - 11h16;123.62;1687339019739000000;29.1;3D3B8F7A9F26C004;2;-113;-15;-128.14;12;868.1;1;77;012300c3ff46012a03cc00fa0291ab68002e202b1415;43.101032;3.022891;20;21;16.55;0.13;241.33;25;-0.186;0.298;0.972;1.74;-1.09;5.69
GNAT L082CZ - 04;3.95;23.06.21 - 11h17;23.06.21 - 11h17;57.49;1687339077226000000;29.1;3D3B8F7A9F26C004;2;-114;-15;-129.14;12;865.1;2;78;012300c3ff520141041001040291ab38002e1fbb1417;43.100984;3.022779;20;23;10.54;0.18;236.03;26;-0.174;0.321;1.04;1.88;-1.02;6.09
GNAT L082CZ - 04;3.95;23.06.21 - 11h20;23.06.21 - 11h20;181.11;1687339258333000000;29.1;3D3B8F7A9F26C004;2;-114;-15;-129.14;12;867.9;2;80;012300c3ff55014a03db01040291ab44002e20991518;43.100996;3.023001;21;24;18.07;0.1;85.15;26;-0.171;0.33;0.987;1.93;-1;5.77
GNAT L082CZ - 04;3.95;23.06.21 - 11h23;23.06.21 - 11h23;181.11;1687339439440000000;29.5;3D3B8F7A9F26C004;2;-114;-14;-128.17;12;865.3;2;82;012700c3ff5d013803e6010e0291ab10002e20401517;43.100944;3.022912;21;23;9.25;0.05;227.43;27;-0.163;0.312;0.998;1.82;-0.95;5.84
GNAT L082CZ - 04;3.95;23.06.21 - 11h26;23.06.21 - 11h25;122.62;1687339562062000000;29.5;3D3B8F7A9F26C004;2;-114;-14;-128.17;12;868.5;2;83;012700c3ff45014303e7010e0291ab1c002e1ff11416;43.100956;3.022833;20;22;6.55;0.05;283.43;27;-0.187;0.323;0.999;1.89;-1.09;5.84
GNAT L082CZ - 04;3.95;23.06.21 - 11h27;23.06.21 - 11h26;59.48;1687339621547000000;29.5;3D3B8F7A9F26C004;2;-114;-15;-129.14;12;867.7;2;84;012700c3ff6e013203fc010e0291aafc002e20cd1417;43.100924;3.023053;20;23;18.21;0.31;102.88;27;-0.146;0.306;1.02;1.79;-0.85;5.97
GNAT L082CZ - 04;3.95;23.06.21 - 11h29;23.06.21 - 11h28;121.62;1687339743170000000;30;3D3B8F7A9F26C004;1;-112;-17;-129.09;12;868.3;2;85;012c00c3ff3e013303d2010e0291aaec002e20b71416;43.100908;3.023031;20;22;2.52;0.02;221.17;27;-0.194;0.307;0.978;1.79;-1.13;5.72
GNAT L082CZ - 04;3.95;23.06.21 - 11h30;23.06.21 - 11h29;59.48;1687339802654000000;30;3D3B8F7A9F26C004;2;-114;-15;-129.14;12;867.1;2;86;012c00c3ff6901350408010e0291aac0002e210b1415;43.100864;3.023115;20;21;8.39;0.14;129.47;27;-0.151;0.309;1.032;1.81;-0.88;6.04
GNAT L082CZ - 04;3.95;23.06.21 - 11h32;23.06.21 - 11h31;121.62;1687339924278000000;30;3D3B8F7A9F26C004;1;-108;-22;-130.03;12;868.3;1;87;012c00c3ff5c012703eb010e0291aab4002e211b1418;43.100852;3.023131;20;24;1.86;0.02;139.7;27;-0.164;0.295;1.003;1.72;-0.96;5.87
GNAT L082CZ - 04;3.95;23.06.21 - 11h33;23.06.21 - 11h32;59.48;1687339983762000000;30;3D3B8F7A9F26C004;2;-114;-14;-128.17;12;865.1;2;88;012c00c3ff61013d03e9010e0291aaa0002e212d1416;43.100832;3.023149;20;22;2.66;0.04;150.21;27;-0.159;0.317;1.001;1.85;-0.93;5.86
GNAT L082CZ - 04;3.95;23.06.21 - 11h35;23.06.21 - 11h34;121.62;1687340105385000000;30;3D3B8F7A9F26C004;1;-114;-16;-130.11;12;868.5;2;89;012c00c3ff54011e03eb010e0291aaa8002e212d1415;43.10084;3.023149;20;21;0.89;0.01;0;27;-0.172;0.286;1.003;1.67;-1;5.87
GNAT L082CZ - 04;3.95;23.06.21 - 11h36;23.06.21 - 11h35;59.49;1687340164870000000;30;3D3B8F7A9F26C004;2;-114;-14;-128.17;12;867.7;2;90;012c00c3ff77012203dd010e0291aa80002e213b1416;43.1008;3.023163;20;22;4.59;0.08;167.45;27;-0.137;0.29;0.989;1.69;-0.8;5.79
GNAT L082CZ - 04;3.95;23.06.21 - 11h39;23.06.21 - 11h38;181.11;1687340345977000000;30.4;3D3B8F7A9F26C004;2;-113;-12;-125.27;12;866.7;2;92;013000c3ff62012d03ed01180291ab7c002e213e1515;43.101052;3.023166;21;21;28.02;0.15;0.43;28;-0.158;0.301;1.005;1.76;-0.92;5.88
GNAT L082CZ - 04;3.95;23.06.21 - 11h41;23.06.21 - 11h40;122.62;1687340468599000000;30.4;3D3B8F7A9F26C004;1;-110;-23;-133.02;12;868.3;1;93;013000c30162ff0302b401180291ad20002e1fdb1517;43.101472;3.022811;21;23;54.88;0.45;331.72;28;0.354;-0.253;0.692;-1.48;2.07;4.05
GNAT L082CZ - 04;3.95;23.06.21 - 11h48;23.06.21 - 11h46;419.7;1687340888300000000;29.5;3D3B8F7A9F26C004;1;-113;-20;-133.04;12;866.7;1;98;012700c302c4fef500e4010e0291acf8002e1f171516;43.101432;3.022615;21;22;16.52;0.04;252.22;27;0.708;-0.267;0.228;-1.56;4.14;1.33
GNAT L082CZ - 04;3.95;23.06.21 - 11h51;23.06.21 - 11h50;181.11;1687341069408000000;30;3D3B8F7A9F26C004;2;-113;-13;-126.21;12;865.3;2;100;012c00c3ffcb017003fe01180291acfc002e1e6a1517;43.101436;3.022442;21;23;14.05;0.08;272.08;28;-0.053;0.368;1.022;2.15;-0.31;5.98
GNAT L082CZ - 04;3.95;23.06.21 - 11h54;23.06.21 - 11h53;182.11;1687341251515000000;29.5;3D3B8F7A9F26C004;2;-114;-15;-129.14;12;867.9;2;102;012700c300170126048a01180291acd0002e1d9b1515;43.101392;3.022235;21;21;17.5;0.1;251.53;28;0.023;0.294;1.162;1.72;0.13;6.8
GNAT L082CZ - 04;3.95;23.06.21 - 11h56;23.06.21 - 11h55;121.62;1687341373137000000;30.4;3D3B8F7A9F26C004;1;-106;-24;-130.02;12;868.5;1;103;013000c3ff80012503c0010e0291acdc002e1db31516;43.101404;3.022259;21;22;2.36;0.02;51.85;27;-0.128;0.293;0.96;1.71;-0.75;5.62
GNAT L082CZ - 04;3.95;23.06.21 - 11h57;23.06.21 - 11h56;59.49;1687341432622000000;29.5;3D3B8F7A9F26C004;1;-114;-21;-135.03;12;865.5;1;104;012700c3ff9700ea041c01180291acd4002e1cf11416;43.101396;3.022065;20;22;15.78;0.27;266.29;28;-0.105;0.234;1.052;1.37;-0.61;6.16
GNAT L082CZ - 04;3.95;23.06.21 - 12h00;23.06.21 - 12h00;213.91;1687341646529000000;30.4;3D3B8F7A9F26C004;1;-114;-20;-134.04;12;867.1;1;106;013000c3ff0000c7046a01180291acc4002e1bfc1415;43.10138;3.02182;20;21;19.97;0.09;264.14;28;-0.256;0.199;1.13;1.16;-1.5;6.61
GNAT L082CZ - 04;3.95;23.06.21 - 12h02;23.06.21 - 12h02;122.17;1687341768700000000;30;3D3B8F7A9F26C004;1;-116;-17;-133.09;12;868.5;1;107;012c00c3ff8a016b041d01180291acf0002e1bb71517;43.101424;3.021751;21;23;7.44;0.06;315.05;28;-0.118;0.363;1.053;2.12;-0.69;6.16
GNAT L082CZ - 04;3.95;23.06.21 - 12h03;23.06.21 - 12h03;58.94;1687341827636000000;30.4;3D3B8F7A9F26C004;1;-114;-17;-131.09;12;867.9;1;108;013000c3ffd40116041f01180291ace0002e1b141517;43.101408;3.021588;21;23;13.35;0.23;261.23;28;-0.044;0.278;1.055;1.62;-0.26;6.17
GNAT L082CZ - 04;3.95;23.06.21 - 12h05;23.06.21 - 12h04;121.62;1687341949260000000;30.4;3D3B8F7A9F26C004;2;-113;-15;-128.14;12;868.1;2;109;013000c3ff380117040201180291acfc002e1af41517;43.101436;3.021556;21;23;4.06;0.03;323.97;28;-0.2;0.279;1.026;1.63;-1.17;6
GNAT L082CZ - 04;3.95;23.06.21 - 12h06;23.06.21 - 12h05;59.48;1687342008743000000;30.4;3D3B8F7A9F26C004;1;-114;-18;-132.07;12;867.1;2;110;013000c3ff62009e03b801180291acc4002e1a7d1517;43.10138;3.021437;21;23;11.49;0.19;233.52;28;-0.158;0.158;0.952;0.92;-0.92;5.57
GNAT L082CZ - 04;3.95;23.06.21 - 12h09;23.06.21 - 12h09;181.11;1687342189850000000;30.4;3D3B8F7A9F26C004;1;-114;-18;-132.07;12;867.1;2;112;013000c3ff5500b6046a01180291aca8002e19cc1615;43.101352;3.02126;22;21;14.7;0.08;256.04;28;-0.171;0.182;1.13;1.06;-1;6.61
GNAT L082CZ - 04;3.95;23.06.21 - 12h15;23.06.21 - 12h15;361.22;1687342551065000000;30.8;3D3B8F7A9F26C004;2;-114;-14;-128.17;12;865.1;2;116;013400c3ff4600f403d901180291aca4002e182b1717;43.101348;3.020843;23;23;33.86;0.09;269.13;28;-0.186;0.244;0.985;1.43;-1.09;5.76
GNAT L082CZ - 04;3.95;23.06.21 - 12h17;23.06.21 - 12h17;123.62;1687342674689000000;30.8;3D3B8F7A9F26C004;1;-114;-17;-131.09;12;868.5;1;117;013400c3ff95012403d301180291acc8002e18081718;43.101384;3.020808;23;24;4.91;0.04;328.25;28;-0.107;0.292;0.979;1.71;-0.62;5.73
GNAT L082CZ - 04;3.95;23.06.21 - 12h18;23.06.21 - 12h18;57.48;1687342732172000000;30.4;3D3B8F7A9F26C004;1;-114;-22;-136.03;12;865.1;1;118;013000c3ff0f0149037001180291acd4002e17591715;43.101396;3.020633;23;21;14.27;0.25;276.15;28;-0.241;0.329;0.88;1.92;-1.41;5.15
GNAT L082CZ - 04;3.95;23.06.21 - 12h20;23.06.21 - 12h18;123.62;1687342855797000000;30.8;3D3B8F7A9F26C004;1;-114;-16;-130.11;12;868.5;1;119;013400c3ff4e0131035401180291acdc002e17461715;43.101404;3.020614;23;21;1.78;0.01;303.49;28;-0.178;0.305;0.852;1.78;-1.04;4.98
GNAT L082CZ - 04;3.95;23.06.21 - 12h24;23.06.21 - 12h24;238.59;1687343094387000000;30.8;3D3B8F7A9F26C004;1;-114;-19;-133.05;12;865.1;2;122;013400c3ff2e0159047b01180291acbc002e159d1715;43.101372;3.020189;23;21;34.69;0.15;263.24;28;-0.21;0.345;1.147;2.02;-1.23;6.71
GNAT L082CZ - 04;3.95;23.06.21 - 12h26;23.06.21 - 12h26;123.17;1687343217561000000;31.2;3D3B8F7A9F26C004;1;-116;-18;-134.07;12;868.5;2;123;013800c3ff9e018e04b001180291acb4002e152a1717;43.101364;3.020074;23;23;9.38;0.08;263.76;28;-0.098;0.398;1.2;2.33;-0.57;7.03
GNAT L082CZ - 04;3.95;23.06.21 - 12h27;23.06.21 - 12h27;58.93;1687343276495000000;30.4;3D3B8F7A9F26C004;1;-114;-21;-135.03;12;866.1;2;124;013000c3fe680157037701180291accc002e143d1717;43.101388;3.019837;23;23;19.43;0.33;279.04;28;-0.408;0.343;0.887;2;-2.38;5.19
GNAT L082CZ - 04;3.95;23.06.21 - 12h30;23.06.21 - 12h30;181.11;1687343457602000000;30.4;3D3B8F7A9F26C004;2;-114;-15;-129.14;12;867.9;2;126;013000c3ff3200fe03fc01180291acd0002e13ab1717;43.101392;3.019691;23;23;11.86;0.07;272.46;28;-0.206;0.254;1.02;1.48;-1.2;5.97
GNAT L082CZ - 04;3.95;23.06.21 - 12h32;23.06.21 - 12h32;121.63;1687343579227000000;30.4;3D3B8F7A9F26C004;1;-113;-22;-135.03;12;868.5;1;127;013000c3ff14013e045001180291acc8002e1348170b;43.101384;3.019592;23;11;8.09;0.07;262.76;28;-0.236;0.318;1.104;1.86;-1.38;6.46
GNAT L082CZ - 04;3.95;23.06.21 - 12h33;23.06.21 - 12h32;59.48;1687343638709000000;30;3D3B8F7A9F26C004;1;-114;-20;-134.04;12;867.9;1;128;012c00c3ff6100d5036b01180291ac48002e11e81718;43.101256;3.01924;23;24;31.93;0.54;240.25;28;-0.159;0.213;0.875;1.24;-0.93;5.12
GNAT L082CZ - 04;3.95;23.06.21 - 12h42;23.06.21 - 12h40;484.84;1687344123548000000;30.4;3D3B8F7A9F26C004;1;-115;-17;-132.09;12;868.5;2;133;013000c3ff8c016c03de01180291b260002e0b061718;43.102816;3.017478;23;24;224.84;0.46;324.23;28;-0.116;0.364;0.99;2.13;-0.68;5.79
GNAT L082CZ - 04;3.95;23.06.21 - 12h43;23.06.21 - 12h42;57.48;1687344181030000000;29.1;3D3B8F7A9F26C004;1;-115;-22;-137.03;12;867.9;1;134;012300c3ff6a014503b701180291ad0c002e11121715;43.101452;3.019026;23;21;196.97;3.43;144.17;28;-0.15;0.325;0.951;1.9;-0.88;5.56
GNAT L082CZ - 04;3.95;23.06.21 - 12h45;23.06.21 - 12h44;123.62;1687344304655000000;30.4;3D3B8F7A9F26C004;1;-112;-21;-133.03;12;868.1;1;135;013000c3ff1e00c40429010e0291ad58002e10651714;43.101528;3.018853;23;20;16.39;0.13;304.61;27;-0.226;0.196;1.065;1.14;-1.32;6.23
GNAT L082CZ - 04;3.95;23.06.21 - 12h48;23.06.21 - 12h46;181.11;1687344485764000000;30.8;3D3B8F7A9F26C004;1;-114;-20;-134.04;12;868.3;1;137;013400c3ff570112036501180291ad6c002e0ff81716;43.101548;3.018744;23;22;9.12;0.05;286.08;28;-0.169;0.274;0.869;1.6;-0.99;5.08
GNAT L082CZ - 04;3.95;23.06.21 - 12h49;23.06.21 - 12h48;57.48;1687344543246000000;30.8;3D3B8F7A9F26C004;1;-114;-19;-133.05;12;867.9;1;138;013400c3ff29011c03fb01180291ad54002e0fee1717;43.101524;3.018734;23;23;2.79;0.05;194.85;28;-0.215;0.284;1.019;1.66;-1.26;5.96
GNAT L082CZ - 04;3.95;23.06.21 - 12h51;23.06.21 - 12h50;123.62;1687344666871000000;31.2;3D3B8F7A9F26C004;1;-114;-23;-137.02;12;868.5;1;139;013800c3ff38012d03d201180291ab48002e0e3a1715;43.101;3.018298;23;21;68.18;0.55;207.89;28;-0.2;0.301;0.978;1.76;-1.17;5.72
GNAT L082CZ - 04;3.95;23.06.21 - 12h52;23.06.21 - 12h51;57.48;1687344724353000000;32.1;3D3B8F7A9F26C004;1;-114;-20;-134.04;12;865.3;1;140;014100c302a0ffb901ac01220291af3c002e0cd31718;43.102012;3.017939;23;24;116.24;2.02;347.27;29;0.672;-0.071;0.428;-0.41;3.93;2.5
GNAT L082CZ - 04;3.95;23.06.21 - 13h03;23.06.21 - 12h57;666.5;1687345390850000000;35.9;3D3B8F7A9F26C004;1;-118;-16;-134.11;12;868.1;1;147;016700c302ffff2d010e01540291af9c002e0ddf1615;43.102108;3.018207;22;21;24.24;0.04;60.65;34;0.767;-0.211;0.27;-1.23;4.48;1.58
GNAT L082CZ - 04;3.95;23.06.21 - 13h04;23.06.21 - 13h03;58.48;1687345449333000000;35.9;3D3B8F7A9F26C004;1;-114;-17;-131.09;12;867.3;2;148;016700c3fe6803c0029f015e0291b62c002e0a861618;43.103788;3.01735;22;24;199.34;3.41;341.96;35;-0.408;0.96;0.671;5.62;-2.38;3.92
GNAT L082CZ - 04;3.95;23.06.21 - 13h06;23.06.21 - 13h05;122.62;1687345571957000000;34.6;3D3B8F7A9F26C004;2;-113;-14;-127.17;12;868.3;2;149;015a00c3fc87ffd801fb01540291b0b0002e14631618;43.102384;3.019875;22;24;257.67;2.1;131.14;34;-0.889;-0.04;0.507;-0.23;-5.2;2.96
GNAT L082CZ - 04;3.95;23.06.21 - 13h09;23.06.21 - 13h08;181.56;1687345753517000000;36.3;3D3B8F7A9F26C004;1;-114;-18;-132.07;12;868.5;1;151;016b00c3fe43034102ee015e0291afd0002e118f1617;43.10216;3.019151;22;23;63.84;0.35;244.08;35;-0.445;0.833;0.75;4.87;-2.6;4.38
GNAT L082CZ - 04;3.95;23.06.21 - 13h11;23.06.21 - 13h11;132.22;1687345885737000000;37.2;3D3B8F7A9F26C004;2;-114;-11;-125.33;12;865.1;2;152;017400c3fd5401930362015e0291b228002e1b961617;43.10276;3.021718;22;23;218.83;1.66;69.92;35;-0.684;0.403;0.866;2.35;-4;5.06
GNAT L082CZ - 04;3.94;23.06.21 - 13h12;23.06.21 - 13h11;48.89;1687345934626000000;38;3D3B8F7A9F26C004;2;-114;-14;-128.17;12;868.5;2;153;017c00c2fd7a006f0379015e0291b384002e1cae1614;43.103108;3.021998;22;20;44.88;0.92;27.17;35;-0.646;0.111;0.889;0.65;-3.78;5.2
GNAT L082CZ - 04;3.95;23.06.21 - 13h14;23.06.21 - 13h12;132.22;1687346066846000000;38.8;3D3B8F7A9F26C004;1;-115;-19;-134.05;12;865.5;3;154;018400c3fe1a005e038e01720291b274002e1d471616;43.102836;3.022151;22;22;32.7;0.25;160.27;37;-0.486;0.094;0.91;0.55;-2.84;5.32
GNAT L082CZ - 04;3.94;23.06.21 - 13h17;23.06.21 - 13h14;181.11;1687346247954000000;38.4;3D3B8F7A9F26C004;1;-114;-20;-134.04;12;865.1;2;156;018000c2fd46013c032101680291b778002e15a31615;43.10412;3.020195;22;21;213.55;1.18;315.77;36;-0.698;0.316;0.801;1.85;-4.08;4.68
GNAT L082CZ - 04;3.95;23.06.21 - 13h18;23.06.21 - 13h18;62.89;1687346310843000000;37.6;3D3B8F7A9F26C004;1;-114;-20;-134.04;12;868.3;1;157;017800c3fdb7025c037e017c0291af9c002e162f1619;43.102108;3.020335;22;25;224.01;3.56;177.46;38;-0.585;0.604;0.894;3.53;-3.42;5.23
GNAT L082CZ - 04;3.95;23.06.21 - 13h21;23.06.21 - 13h21;183.89;1687346494731000000;38;3D3B8F7A9F26C004;1;-115;-18;-133.07;12;868.5;1;159;017c00c3fdbc025902f7017c0291b1e8002e0cb61515;43.102696;3.01791;21;21;207.45;1.13;290.78;38;-0.58;0.601;0.759;3.51;-3.39;4.44
GNAT L082CZ - 04;3.95;23.06.21 - 13h25;23.06.21 - 13h24;208.82;1687346703553000000;38.4;3D3B8F7A9F26C004;2;-114;-12;-126.27;12;868.5;1;161;018000c3fe4e0337031901860291b4ec002e00be1526;43.103468;3.014846;21;38;263.15;1.26;291.49;39;-0.434;0.823;0.793;4.81;-2.54;4.64
GNAT L082CZ - 04;3.95;23.06.21 - 13h26;23.06.21 - 13h25;86.73;1687346790282000000;39.7;3D3B8F7A9F26C004;1;-115;-18;-133.07;12;866.1;2;162;018d00c3fdf702b10339017c0291b478002df81e1618;43.103352;3.012638;22;24;179.72;2.07;265.24;38;-0.521;0.689;0.825;4.03;-3.04;4.82
GNAT L082CZ - 04;3.95;23.06.21 - 13h28;23.06.21 - 13h28;93.93;1687346884210000000;38.8;3D3B8F7A9F26C004;2;-116;-13.25;-129.45;12;868.1;2;163;018400c3fdd3028e035a01860291add4002dfe631616;43.101652;3.014243;22;22;229.59;2.44;149;39;-0.557;0.654;0.858;3.82;-3.25;5.02
GNAT L082CZ - 04;3.95;23.06.21 - 13h29;23.06.21 - 13h28;87.18;1687346971390000000;39.3;3D3B8F7A9F26C004;2;-114;-15;-129.14;12;867.7;1;164;018900c3fdbe025f034c017c0291add0002dfbd31718;43.101648;3.013587;23;24;53.26;0.61;269.44;38;-0.578;0.607;0.844;3.55;-3.38;4.94
GNAT L082CZ - 04;3.93;23.06.21 - 13h31;23.06.21 - 13h30;94.38;1687347065770000000;39.3;3D3B8F7A9F26C004;2;-113;-13;-126.21;12;868.3;1;165;018900c1fdcf02cc030e017c0291b3f4002e00e51517;43.10322;3.014885;21;23;204.11;2.16;27.78;38;-0.561;0.716;0.782;4.19;-3.28;4.57
GNAT L082CZ - 04;3.95;23.06.21 - 13h32;23.06.21 - 13h32;87.73;1687347153498000000;38.8;3D3B8F7A9F26C004;2;-113;-14;-127.17;12;867.5;2;166;018400c3fe4b019d0346017c0291b714002e01c91518;43.10402;3.015113;21;24;90.86;1.04;10.31;38;-0.437;0.413;0.838;2.41;-2.55;4.9
GNAT L082CZ - 04;3.95;23.06.21 - 13h38;23.06.21 - 13h37;362.22;1687347515716000000;36.7;3D3B8F7A9F26C004;2;-114;-13;-127.21;12;867.7;1;170;016f00c3ffda001003cf01540291be90002e0c77161d;43.105936;3.017847;22;29;307.66;0.85;42.43;34;-0.038;0.016;0.975;0.09;-0.22;5.7
GNAT L082CZ - 04;3.95;23.06.21 - 13h40;23.06.21 - 13h40;108.67;1687347624387000000;37.6;3D3B8F7A9F26C004;2;-116;-14.25;-130.41;12;868.3;1;171;017800c3004dff230381015e0291bdb8002e0dfd1618;43.10572;3.018237;22;24;39.74;0.37;130.89;35;0.077;-0.221;0.897;-1.29;0.45;5.25
GNAT L082CZ - 04;3.95;23.06.21 - 13h41;23.06.21 - 13h40;72.44;1687347696824000000;35.9;3D3B8F7A9F26C004;2;-113;-13;-126.21;12;867.5;1;172;016700c3004dff4503af015e0291c0d4002e14b51517;43.106516;3.019957;21;23;165.32;2.28;54.17;35;0.077;-0.187;0.943;-1.09;0.45;5.52
GNAT L082CZ - 04;3.95;23.06.21 - 13h44;23.06.21 - 13h44;181.11;1687347877933000000;35.5;3D3B8F7A9F26C004;2;-113;-14;-127.17;12;866.1;1;174;016300c3ffdbfeff03a601540291bda8002e236e1517;43.105704;3.023726;21;23;319.02;1.76;108.69;34;-0.037;-0.257;0.934;-1.5;-0.22;5.46
GNAT L082CZ - 04;3.95;23.06.21 - 13h51;23.06.21 - 13h51;433.2;1687348311136000000;35.9;3D3B8F7A9F26C004;2;-113;-12;-125.27;12;867.3;2;178;016700c3028cffb102d3015e0291c180002dffbd1414;43.106688;3.014589;20;20;749.79;1.73;279.35;35;0.652;-0.079;0.723;-0.46;3.81;4.23
GNAT L082CZ - 04;3.95;23.06.21 - 13h53;23.06.21 - 13h53;123.13;1687348434265000000;35.9;3D3B8F7A9F26C004;2;-116;-13.25;-129.45;12;868.1;1;179;016700c30062009400ea015e0291bccc002dfe4d1418;43.105484;3.014221;20;24;137.17;1.11;191.06;35;0.098;0.148;0.234;0.86;0.57;1.37
GNAT L082CZ - 04;3.95;23.06.21 - 13h55;23.06.21 - 13h55;120.45;1687348554716000000;35.5;3D3B8F7A9F26C004;2;-114;-15;-129.14;12;865.9;2;180;016300c3ffdc0006031c015e0291b5b8002df9341417;43.103672;3.012916;20;23;227.64;1.89;204.68;35;-0.036;0.006;0.796;0.04;-0.21;4.65
GNAT L082CZ - 04;3.95;23.06.21 - 13h59;23.06.21 - 13h59;240;1687348794717000000;35.5;3D3B8F7A9F26C004;2;-114;-13;-127.21;12;867.7;2;182;016300c3ffc2004803f401540291b924002dfbc01418;43.104548;3.013568;20;24;110.86;0.46;25.43;34;-0.062;0.072;1.012;0.42;-0.36;5.92
GNAT L082CZ - 04;3.95;23.06.21 - 14h01;23.06.21 - 14h01;121.01;1687348915726000000;35;3D3B8F7A9F26C004;1;-115;-20;-135.04;12;868.5;1;183;015e00c3feee018e03e301540291bab0002df81f1418;43.104944;3.012639;20;24;87.33;0.72;303.68;34;-0.274;0.398;0.995;2.33;-1.6;5.82
GNAT L082CZ - 04;3.95;23.06.21 - 14h03;23.06.21 - 14h03;123.25;1687349038981000000;35.5;3D3B8F7A9F26C004;1;-114;-21;-135.03;12;865.1;1;184;016300c300a8febf032701540291ba34002df345141b;43.10482;3.011397;20;27;101.77;0.83;261.09;34;0.168;-0.321;0.807;-1.88;0.98;4.72
GNAT L082CZ - 04;3.95;23.06.21 - 14h05;23.06.21 - 14h05;113.29;1687349152272000000;35.5;3D3B8F7A9F26C004;1;-116;-15.25;-131.38;12;868.5;1;185;016300c300b3feb2031401540291bb2c002df49f1418;43.105068;3.011743;20;24;39.36;0.35;41.73;34;0.179;-0.334;0.788;-1.95;1.05;4.61
GNAT L082CZ - 04;3.95;23.06.21 - 14h09;23.06.21 - 14h09;242.71;1687349394984000000;34.6;3D3B8F7A9F26C004;1;-113;-19;-132.05;12;868.5;1;187;015a00c302b4feef0123014a0291c284002def811423;43.106948;3.010433;20;35;234.54;0.97;335.94;33;0.692;-0.273;0.291;-1.59;4.05;1.7
GNAT L082CZ - 04;3.95;23.06.21 - 14h11;23.06.21 - 14h11;121.73;1687349516714000000;33.8;3D3B8F7A9F26C004;1;-113;-19;-132.05;12;865.5;1;188;015200c302d4fee10092014a0291befc002de88e1418;43.106044;3.008654;20;24;175.96;1.45;231.53;33;0.724;-0.287;0.146;-1.68;4.23;0.85
GNAT L082CZ - 04;3.95;23.06.21 - 14h23;23.06.21 - 14h22;681.01;1687350197721000000;32.1;3D3B8F7A9F26C004;1;-113;-20;-133.04;12;866.7;1;194;014100c3fd0d0029fdaa01360291b51c002df3901417;43.103516;3.011472;20;23;362.43;0.53;144.6;31;-0.755;0.041;-0.598;0.24;-4.41;-3.49
GNAT L082CZ - 04;3.95;23.06.21 - 14h44;23.06.21 - 14h38;1280.99;1687351478710000000;30.8;3D3B8F7A9F26C004;1;-113;-18;-131.07;12;868.1;1;205;013400c3fcd7ff6efde901180291df0c002daa861316;43.114252;2.992774;19;22;1931.08;1.51;311.39;28;-0.809;-0.146;-0.535;-0.85;-4.73;-3.13
