GNAT L082CZ - 05;3.92;23.07.06 - 10h54;23.07.06 - 10h54;139.82;1688633675519000000;0;3D3B8F7A9F26C005;2;-114;-14;-128.17;12;867.9;2;44;00c00291afe0002e194b1e;43.102176;3.021131;0;0;45.38;0.32;358.93;0;0;0;0;0;0;0
GNAT L082CZ - 05;3.92;23.07.06 - 10h56;23.07.06 - 10h56;113.2;1688633788716000000;0;3D3B8F7A9F26C005;1;-114;-16;-130.11;12;868.1;1;45;00c00291b00c002e190818;43.10222;3.021064;0;0;7.32;0.06;315.87;0;0;0;0;0;0;0
GNAT L082CZ - 05;3.93;23.07.06 - 10h58;23.07.06 - 10h58;117;1688633905717000000;0;3D3B8F7A9F26C005;1;-115;-16;-131.11;12;867.1;2;46;00c10291b020002e190717;43.10224;3.021063;0;0;2.23;0.02;358.18;0;0;0;0;0;0;0
GNAT L082CZ - 05;3.92;23.07.06 - 11h00;23.07.06 - 11h00;125;1688634030714000000;0;3D3B8F7A9F26C005;2;-112;-15;-127.14;12;868.3;2;47;00c00291b024002e190117;43.102244;3.021057;0;0;0.66;0.01;316.3;0;0;0;0;0;0;0
GNAT L082CZ - 05;3.92;23.07.06 - 11h02;23.07.06 - 11h02;120;1688634150715000000;0;3D3B8F7A9F26C005;2;-114;-14;-128.17;12;865.1;2;48;00c00291b024002e190416;43.102244;3.02106;0;0;0.24;0;90;0;0;0;0;0;0;0
GNAT L082CZ - 05;3.93;23.07.06 - 11h04;23.07.06 - 11h03;123;1688634273716000000;0;3D3B8F7A9F26C005;2;-112;-13;-125.21;12;868.5;1;49;00c10291b02c002e190a17;43.102252;3.021066;0;0;1.01;0.01;25.54;0;0;0;0;0;0;0
GNAT L082CZ - 05;3.93;23.07.06 - 11h10;23.07.06 - 11h09;354;1688634627714000000;0;3D3B8F7A9F26C005;2;-114;-14;-128.17;12;865.5;2;52;00c10291b028002e190418;43.102248;3.02106;0;0;0.66;0;223.7;0;0;0;0;0;0;0
GNAT L082CZ - 05;3.93;23.07.06 - 11h18;23.07.06 - 11h18;359.2;1688635114720000000;0;3D3B8F7A9F26C005;2;-114;-13;-127.21;12;866.7;1;56;00c10291b044002e18d418;43.102276;3.021012;0;0;3.67;0.01;311.09;0;0;0;0;0;0;0
GNAT L082CZ - 05;3.93;23.07.06 - 11h26;23.07.06 - 11h26;474;1688635588725000000;0;3D3B8F7A9F26C005;1;-115;-17;-132.09;12;865.3;2;60;00c10291b070002e18f916;43.10232;3.021049;0;0;5.74;0.01;28.18;0;0;0;0;0;0;0
GNAT L082CZ - 05;3.93;23.07.06 - 11h30;23.07.06 - 11h30;240;1688635828727000000;0;3D3B8F7A9F26C005;2;-114;-14;-128.17;12;866.7;2;62;00c10291b0c8002e18f816;43.102408;3.021048;0;0;9.79;0.04;359.59;0;0;0;0;0;0;0
GNAT L082CZ - 05;3.93;23.07.06 - 11h34;23.07.06 - 11h34;246;1688636074725000000;0;3D3B8F7A9F26C005;2;-114;-15;-129.14;12;867.7;2;64;00c10291b13c002e18e016;43.102524;3.021024;0;0;13.04;0.05;352.49;0;0;0;0;0;0;0
GNAT L082CZ - 05;3.93;23.07.06 - 11h36;23.07.06 - 11h36;120;1688636194726000000;0;3D3B8F7A9F26C005;1;-107;-22;-129.03;12;868.1;1;65;00c10291b17c002e190915;43.102588;3.021065;0;0;7.86;0.07;22.21;0;0;0;0;0;0;0
GNAT L082CZ - 05;3.93;23.07.06 - 11h38;23.07.06 - 11h38;114;1688636308725000000;0;3D3B8F7A9F26C005;1;-115;-16;-131.11;12;867.7;2;66;00c10291b1b4002e190815;43.102644;3.021064;0;0;6.23;0.05;359.35;0;0;0;0;0;0;0
GNAT L082CZ - 05;3.93;23.07.06 - 11h40;23.07.06 - 11h40;119;1688636427724000000;0;3D3B8F7A9F26C005;2;-115;-15;-130.14;12;868.5;1;67;00c10291b1d0002e18d617;43.102672;3.021014;0;0;5.12;0.04;311.3;0;0;0;0;0;0;0
GNAT L082CZ - 05;3.92;23.07.06 - 11h42;23.07.06 - 11h41;120;1688636547726000000;0;3D3B8F7A9F26C005;2;-114;-15;-129.14;12;867.3;1;68;00c00291b1d0002e18dd18;43.102672;3.021021;0;0;0.57;0;90;0;0;0;0;0;0;0
GNAT L082CZ - 05;3.93;23.07.06 - 11h44;23.07.06 - 11h43;126.01;1688636673733000000;0;3D3B8F7A9F26C005;1;-114;-17;-131.09;12;868.5;1;69;00c10291b1f8002e190518;43.102712;3.021061;0;0;5.51;0.04;32.52;0;0;0;0;0;0;0
GNAT L082CZ - 05;3.93;23.07.06 - 11h46;23.07.06 - 11h46;121.79;1688636795526000000;0;3D3B8F7A9F26C005;1;-115;-19;-134.05;12;867.1;2;70;00c10291b200002e18fa40;43.10272;3.02105;0;0;1.26;0.01;318.76;0;0;0;0;0;0;0