GNAT L082CZ - 04;3.95;23.07.06 - 10h47;23.07.06 - 10h47;124.01;1688633245698000000;0;3D3B8F7A9F26C004;2;-114;-15;-129.14;12;865.1;1;52;00c30291ac50002e1c5416;43.101264;3.021908;0;0;140.97;1.14;28.83;0;0;0;0;0;0;0
GNAT L082CZ - 04;3.95;23.07.06 - 10h49;23.07.06 - 10h48;118.01;1688633363704000000;0;3D3B8F7A9F26C004;2;-114;-14;-128.17;12;868.5;1;53;00c30291ac00002e1a9717;43.101184;3.021463;0;0;37.21;0.32;254.21;0;0;0;0;0;0;0
GNAT L082CZ - 04;3.95;23.07.06 - 10h51;23.07.06 - 10h50;120;1688633483704000000;0;3D3B8F7A9F26C004;2;-114;-15;-129.14;12;865.1;2;54;00c30291ac24002e1aa617;43.10122;3.021478;0;0;4.18;0.03;14.85;0;0;0;0;0;0;0
GNAT L082CZ - 04;3.95;23.07.06 - 10h57;23.07.06 - 10h57;367;1688633850704000000;0;3D3B8F7A9F26C004;1;-114;-18;-132.07;12;868.5;1;57;00c30291ac10002e1b5f18;43.1012;3.021663;0;0;15.18;0.04;99.65;0;0;0;0;0;0;0
GNAT L082CZ - 04;3.95;23.07.06 - 10h59;23.07.06 - 10h58;113.99;1688633964698000000;0;3D3B8F7A9F26C004;2;-114;-15;-129.14;12;867.9;2;58;00c30291ac64002e1bd116;43.101284;3.021777;0;0;13.15;0.12;40.82;0;0;0;0;0;0;0
GNAT L082CZ - 04;3.95;23.07.06 - 11h01;23.07.06 - 11h00;119.99;1688634084691000000;0;3D3B8F7A9F26C004;1;-110;-21;-131.03;12;868.1;1;59;00c30291acd4002e1c4516;43.101396;3.021893;0;0;15.61;0.13;33.39;0;0;0;0;0;0;0
GNAT L082CZ - 04;3.95;23.07.06 - 11h03;23.07.06 - 11h02;119.99;1688634204685000000;0;3D3B8F7A9F26C004;2;-114;-15;-129.14;12;865.3;2;60;00c30291ad54002e1c7918;43.101524;3.021945;0;0;14.85;0.12;14.5;0;0;0;0;0;0;0
GNAT L082CZ - 04;3.95;23.07.06 - 11h05;23.07.06 - 11h04;120.02;1688634324700000000;0;3D3B8F7A9F26C004;1;-109;-20;-129.04;12;868.1;1;61;00c30291adfc002e1c7316;43.101692;3.021939;0;0;18.69;0.16;358.7;0;0;0;0;0;0;0
GNAT L082CZ - 04;3.95;23.07.06 - 11h07;23.07.06 - 11h06;120;1688634444705000000;0;3D3B8F7A9F26C004;1;-114;-20;-134.04;12;865.1;2;62;00c30291ae80002e1c7d16;43.101824;3.021949;0;0;14.7;0.12;2.76;0;0;0;0;0;0;0
GNAT L082CZ - 04;3.95;23.07.06 - 11h09;23.07.06 - 11h07;120.21;1688634564918000000;0;3D3B8F7A9F26C004;1;-118;-15.75;-133.86;12;868.1;1;63;00c30291aea0002e1bf017;43.101856;3.021808;0;0;11.99;0.1;289.61;0;0;0;0;0;0;0
GNAT L082CZ - 04;3.95;23.07.06 - 11h19;23.07.06 - 11h19;605.78;1688635170703000000;0;3D3B8F7A9F26C004;1;-114;-18;-132.07;12;867.9;2;68;00c30291ae1c002e1a0b16;43.101724;3.021323;0;0;42.02;0.07;246.85;0;0;0;0;0;0;0
GNAT L082CZ - 04;3.95;23.07.06 - 11h21;23.07.06 - 11h19;113.99;1688635284694000000;0;3D3B8F7A9F26C004;1;-106;-23;-129.02;12;868.3;1;69;00c30291ae10002e1a7116;43.101712;3.021425;0;0;8.39;0.07;100.47;0;0;0;0;0;0;0
GNAT L082CZ - 04;3.95;23.07.06 - 11h23;23.07.06 - 11h22;118.99;1688635403686000000;0;3D3B8F7A9F26C004;2;-113;-15;-128.14;12;866.7;2;70;00c30291ae30002e1abb18;43.101744;3.021499;0;0;6.98;0.06;55.82;0;0;0;0;0;0;0
GNAT L082CZ - 04;3.95;23.07.06 - 11h25;23.07.06 - 11h25;119.01;1688635522694000000;0;3D3B8F7A9F26C004;2;-113;-15;-128.14;12;868.5;2;71;00c30291aeb0002e1aa917;43.101872;3.021481;0;0;14.31;0.12;354.88;0;0;0;0;0;0;0
GNAT L082CZ - 04;3.95;23.07.06 - 11h37;23.07.06 - 11h37;718;1688636240695000000;0;3D3B8F7A9F26C004;1;-111;-21;-132.03;12;868.5;1;77;00c30291b030002e19e614;43.102256;3.021286;0;0;45.54;0.06;342.07;0;0;0;0;0;0;0
GNAT L082CZ - 04;3.95;23.07.06 - 11h39;23.07.06 - 11h39;136.14;1688636376834000000;0;3D3B8F7A9F26C004;1;-113;-18;-131.07;12;866.1;2;78;00c3029142d4002f1a581c;43.07426;3.086936;0;0;6173.51;45.35;125.71;0;0;0;0;0;0;0
GNAT L082CZ - 04;3.95;23.07.06 - 11h43;23.07.06 - 11h42;224.39;1688636601224000000;0;3D3B8F7A9F26C004;2;-118;-13;-131.21;12;867.3;2;80;00c30291b6b8002e119618;43.103928;3.019158;0;0;6416.84;28.6;303.4;0;0;0;0;0;0;0