GNAT L082CZ - 10;0;23.07.06 - 10h40s30;23.07.06 - 10h38s31;119;0;0;3D3B8F7A9F26C010;0;0;0;0;0;0;0;117;0;43.100040;3.021941;15;0;34.87;0.29;-0.47;36;0;0;0;0.00;0.00;0.00;0;1
GNAT L082CZ - 10;0;23.07.06 - 10h42s27;23.07.06 - 10h40s30;117;0;0;3D3B8F7A9F26C010;0;0;0;0;0;0;0;118;0;43.100163;3.021935;16;0;13.68;0.12;-0.03;36;0;0;0;0.00;0.00;0.00;0;1
GNAT L082CZ - 10;0;23.07.06 - 10h44s27;23.07.06 - 10h42s27;120;0;0;3D3B8F7A9F26C010;0;0;0;0;0;0;0;119;0;43.100231;3.021931;16;0;7.60;0.06;-0.04;35;0;0;0;0.00;0.00;0.00;0;1
GNAT L082CZ - 10;0;23.07.06 - 10h46s27;23.07.06 - 10h44s27;120;0;0;3D3B8F7A9F26C010;0;0;0;0;0;0;0;120;0;43.100334;3.021974;17;0;11.91;0.10;0.26;34;0;0;0;0.00;0.00;0.00;0;1
GNAT L082CZ - 10;0;23.07.06 - 10h48s26;23.07.06 - 10h46s27;119;0;0;3D3B8F7A9F26C010;0;0;0;0;0;0;0;121;0;43.100426;3.022028;15;0;11.15;0.09;0.36;32;0;0;0;0.00;0.00;0.00;0;1
GNAT L082CZ - 10;0;23.07.06 - 10h50s26;23.07.06 - 10h48s26;120;0;0;3D3B8F7A9F26C010;0;0;0;0;0;0;0;122;0;43.100498;3.022077;16;0;8.91;0.07;0.41;31;0;0;0;0.00;0.00;0.00;0;1
GNAT L082CZ - 10;0;23.07.06 - 10h52s26;23.07.06 - 10h50s26;120;0;0;3D3B8F7A9F26C010;0;0;0;0;0;0;0;123;0;43.100552;3.022125;14;0;7.22;0.06;0.52;30;0;0;0;0.00;0.00;0.00;0;1
GNAT L082CZ - 10;0;23.07.06 - 10h54s26;23.07.06 - 10h52s26;120;0;0;3D3B8F7A9F26C010;0;0;0;0;0;0;0;124;0;43.100578;3.022200;14;0;6.65;0.06;1.06;29;0;0;0;0.00;0.00;0.00;0;1
GNAT L082CZ - 10;0;23.07.06 - 10h56s26;23.07.06 - 10h54s26;120;0;0;3D3B8F7A9F26C010;0;0;0;0;0;0;0;125;0;43.100616;3.022298;15;0;9.00;0.08;1.02;29;0;0;0;0.00;0.00;0.00;0;1
GNAT L082CZ - 10;0;23.07.06 - 10h58s23;23.07.06 - 10h56s26;117;0;0;3D3B8F7A9F26C010;0;0;0;0;0;0;0;126;0;43.100716;3.022346;14;0;12.04;0.10;0.30;28;0;0;0;0.00;0.00;0.00;0;1
GNAT L082CZ - 10;0;23.07.06 - 11h00s24;23.07.06 - 10h58s23;121;0;0;3D3B8F7A9F26C010;0;0;0;0;0;0;0;127;0;43.100834;3.022447;15;0;15.29;0.13;0.50;28;0;0;0;0.00;0.00;0.00;0;1
GNAT L082CZ - 10;0;23.07.06 - 11h02s22;23.07.06 - 11h00s24;118;0;0;3D3B8F7A9F26C010;0;0;0;0;0;0;0;128;0;43.100941;3.022440;16;0;11.78;0.10;-0.04;27;0;0;0;0.00;0.00;0.00;0;1
GNAT L082CZ - 10;0;23.07.06 - 11h04s25;23.07.06 - 11h02s22;123;0;0;3D3B8F7A9F26C010;0;0;0;0;0;0;0;129;0;43.101070;3.022569;14;0;17.82;0.14;0.56;28;0;0;0;0.00;0.00;0.00;0;1
GNAT L082CZ - 10;0;23.07.06 - 11h06s12;23.07.06 - 11h04s25;107;0;0;3D3B8F7A9F26C010;0;0;0;0;0;0;0;130;0;43.104664;3.019734;14;0;461.38;4.31;-0.47;27;0;0;0;0.00;0.00;0.00;0;1
GNAT L082CZ - 10;0;23.07.06 - 11h08s28;23.07.06 - 11h06s12;136;0;0;3D3B8F7A9F26C010;0;0;0;0;0;0;0;131;0;43.101418;3.022585;14;0;428.95;3.15;-0.51;28;0;0;0;0.00;0.00;0.00;0;1
GNAT L082CZ - 10;0;23.07.06 - 11h10s12;23.07.06 - 11h08s28;104;0;0;3D3B8F7A9F26C010;0;0;0;0;0;0;0;132;0;43.105080;3.019717;15;0;468.98;4.51;-0.46;28;0;0;0;0.00;0.00;0.00;0;1
GNAT L082CZ - 10;0;23.07.06 - 11h12s31;23.07.06 - 11h10s12;139;0;0;3D3B8F7A9F26C010;0;0;0;0;0;0;0;133;0;43.101746;3.022574;14;0;437.22;3.15;-0.50;28;0;0;0;0.00;0.00;0.00;0;1
GNAT L082CZ - 10;0;23.07.06 - 11h14s26;23.07.06 - 11h12s31;115;0;0;3D3B8F7A9F26C010;0;0;0;0;0;0;0;134;0;43.101810;3.022776;14;0;17.89;0.16;1.10;29;0;0;0;0.00;0.00;0.00;0;1
GNAT L082CZ - 10;0;23.07.06 - 11h16s28;23.07.06 - 11h14s26;122;0;0;3D3B8F7A9F26C010;0;0;0;0;0;0;0;135;0;43.101974;3.022758;14;0;18.29;0.15;-0.07;28;0;0;0;0.00;0.00;0.00;0;1
GNAT L082CZ - 10;0;23.07.06 - 11h18s27;23.07.06 - 11h16s28;119;0;0;3D3B8F7A9F26C010;0;0;0;0;0;0;0;136;0;43.102131;3.022727;14;0;17.65;0.15;-0.13;28;0;0;0;0.00;0.00;0.00;0;1
GNAT L082CZ - 10;0;23.07.06 - 11h20s26;23.07.06 - 11h18s27;119;0;0;3D3B8F7A9F26C010;0;0;0;0;0;0;0;137;0;43.102280;3.022754;15;0;16.85;0.14;0.12;28;0;0;0;0.00;0.00;0.00;0;1
GNAT L082CZ - 10;0;23.07.06 - 11h22s32;23.07.06 - 11h20s26;126;0;0;3D3B8F7A9F26C010;0;0;0;0;0;0;0;138;0;43.102432;3.022784;16;0;16.88;0.13;0.12;28;0;0;0;0.00;0.00;0.00;0;1
GNAT L082CZ - 10;0;23.07.06 - 11h24s25;23.07.06 - 11h22s32;113;0;0;3D3B8F7A9F26C010;0;0;0;0;0;0;0;139;0;43.102547;3.022830;17;0;13.44;0.12;0.25;29;0;0;0;0.00;0.00;0.00;0;1
GNAT L082CZ - 10;0;23.07.06 - 11h26s25;23.07.06 - 11h24s25;120;0;0;3D3B8F7A9F26C010;0;0;0;0;0;0;0;140;0;43.102695;3.022777;15;0;16.88;0.14;-0.22;29;0;0;0;0.00;0.00;0.00;0;1
GNAT L082CZ - 10;0;23.07.06 - 11h28s24;23.07.06 - 11h26s25;119;0;0;3D3B8F7A9F26C010;0;0;0;0;0;0;0;141;0;43.102833;3.022825;17;0;15.68;0.13;0.22;28;0;0;0;0.00;0.00;0.00;0;1
GNAT L082CZ - 10;0;23.07.06 - 11h30s24;23.07.06 - 11h28s24;120;0;0;3D3B8F7A9F26C010;0;0;0;0;0;0;0;142;0;43.102924;3.022904;17;0;12.10;0.10;0.50;29;0;0;0;0.00;0.00;0.00;0;1
GNAT L082CZ - 10;0;23.07.06 - 11h32s24;23.07.06 - 11h30s24;120;0;0;3D3B8F7A9F26C010;0;0;0;0;0;0;0;143;0;43.103058;3.022962;16;0;15.54;0.13;0.27;29;0;0;0;0.00;0.00;0.00;0;1
GNAT L082CZ - 10;0;23.07.06 - 11h34s24;23.07.06 - 11h32s24;120;0;0;3D3B8F7A9F26C010;0;0;0;0;0;0;0;144;0;43.103161;3.023037;16;0;13.25;0.11;0.43;29;0;0;0;0.00;0.00;0.00;0;1
GNAT L082CZ - 10;0;23.07.06 - 11h36s24;23.07.06 - 11h34s24;120;0;0;3D3B8F7A9F26C010;0;0;0;0;0;0;0;145;0;43.103321;3.023009;17;0;17.61;0.15;-0.11;29;0;0;0;0.00;0.00;0.00;0;1
GNAT L082CZ - 10;0;23.07.06 - 11h38s23;23.07.06 - 11h36s24;119;0;0;3D3B8F7A9F26C010;0;0;0;0;0;0;0;146;0;43.103481;3.023022;16;0;17.88;0.15;0.05;29;0;0;0;0.00;0.00;0.00;0;1
GNAT L082CZ - 10;0;23.07.06 - 11h40s24;23.07.06 - 11h38s23;121;0;0;3D3B8F7A9F26C010;0;0;0;0;0;0;0;147;0;43.103607;3.023041;15;0;14.14;0.12;0.10;28;0;0;0;0.00;0.00;0.00;0;1
GNAT L082CZ - 10;0;23.07.06 - 11h42s23;23.07.06 - 11h40s24;119;0;0;3D3B8F7A9F26C010;0;0;0;0;0;0;0;148;0;43.103767;3.022975;15;0;18.64;0.16;-0.26;28;0;0;0;0.00;0.00;0.00;0;1
GNAT L082CZ - 10;0;23.07.06 - 11h44s23;23.07.06 - 11h42s23;120;0;0;3D3B8F7A9F26C010;0;0;0;0;0;0;0;149;0;43.103844;3.022848;17;0;13.24;0.11;-0.81;28;0;0;0;0.00;0.00;0.00;0;1
GNAT L082CZ - 10;0;23.07.06 - 11h46s31;23.07.06 - 11h44s23;128;0;0;3D3B8F7A9F26C010;0;0;0;0;0;0;0;150;0;43.103958;3.022431;15;0;36.25;0.28;-1.17;28;0;0;0;0.00;0.00;0.00;0;1