GNAT L082CZ - 10;3.93;23.07.06 - 10h44;23.07.06 - 10h44;356.22;1688633069903000000;0;3D3B8F7A9F26C010;2;-116;-12.75;-128.97;12;868.3;1;61;00c10291a84c002e1c6c17;43.100236;3.021932;0;0;21.81;0.06;358.14;0;0;0;0;0;0;0
GNAT L082CZ - 10;3.93;23.07.06 - 10h50;23.07.06 - 10h50;358.78;1688633428682000000;0;3D3B8F7A9F26C010;1;-114;-17;-131.09;12;867.7;2;64;00c10291a958002e1cfd16;43.100504;3.022077;0;0;32.04;0.09;18.98;0;0;0;0;0;0;0
GNAT L082CZ - 10;3.93;23.07.06 - 10h52;23.07.06 - 10h52;119.99;1688633548670000000;0;3D3B8F7A9F26C010;1;-111;-20;-131.04;12;868.3;2;65;00c10291a988002e1d2e18;43.100552;3.022126;0;0;6.66;0.06;32.99;0;0;0;0;0;0;0
GNAT L082CZ - 10;3.93;23.07.06 - 10h54;23.07.06 - 10h54;120;1688633668669000000;0;3D3B8F7A9F26C010;2;-114;-14;-128.17;12;865.1;1;66;00c10291a9a4002e1d7817;43.10058;3.0222;0;0;6.77;0.06;59.24;0;0;0;0;0;0;0
GNAT L082CZ - 10;3.93;23.07.06 - 11h00;23.07.06 - 10h59;358.01;1688634026677000000;0;3D3B8F7A9F26C010;1;-107;-23;-130.02;12;868.3;1;69;00c10291aaa0002e1e6f17;43.100832;3.022447;0;0;34.46;0.1;31.94;0;0;0;0;0;0;0
GNAT L082CZ - 10;3.93;23.07.06 - 11h02;23.07.06 - 11h01;118.01;1688634144685000000;0;3D3B8F7A9F26C010;1;-114;-17;-131.09;12;867.7;2;70;00c10291ab0c002e1e6816;43.10094;3.02244;0;0;12.02;0.1;357.64;0;0;0;0;0;0;0
GNAT L082CZ - 10;3.94;23.07.06 - 11h06;23.07.06 - 11h05;230.59;1688634375271000000;0;3D3B8F7A9F26C010;1;-114;-21;-135.03;12;867.3;1;72;00c20291b998002e13d614;43.104664;3.019734;0;0;468.76;2.03;335.08;0;0;0;0;0;0;0
GNAT L082CZ - 10;3.93;23.07.06 - 11h14;23.07.06 - 11h13;493.4;1688634868669000000;0;3D3B8F7A9F26C010;1;-113;-20;-133.04;12;866.7;1;76;00c10291ae74002e1fb818;43.101812;3.022776;0;0;401.95;0.81;145.84;0;0;0;0;0;0;0
GNAT L082CZ - 10;3.93;23.07.06 - 11h18;23.07.06 - 11h17;241;1688635109671000000;0;3D3B8F7A9F26C010;1;-114;-17;-131.09;12;867.3;1;78;00c10291afb4002e1f8718;43.102132;3.022727;0;0;35.8;0.15;354.43;0;0;0;0;0;0;0
GNAT L082CZ - 10;3.94;23.07.06 - 11h28;23.07.06 - 11h27;597.02;1688635706693000000;0;3D3B8F7A9F26C010;1;-112;-19;-131.05;12;868.5;2;83;00c20291b270002e1fe918;43.102832;3.022825;0;0;78.24;0.13;5.1;0;0;0;0;0;0;0
GNAT L082CZ - 10;3.94;23.07.06 - 11h32;23.07.06 - 11h30;239.99;1688635946684000000;0;3D3B8F7A9F26C010;1;-113;-18;-131.07;12;868.5;1;85;00c20291b350002e207217;43.103056;3.022962;0;0;27.28;0.11;21.31;0;0;0;0;0;0;0
GNAT L082CZ - 10;3.94;23.07.06 - 11h36;23.07.06 - 11h35;240.01;1688636186694000000;0;3D3B8F7A9F26C010;1;-113;-20;-133.04;12;868.5;1;87;00c20291b458002e20a117;43.10332;3.023009;0;0;29.6;0.12;6.48;0;0;0;0;0;0;0
GNAT L082CZ - 10;3.94;23.07.06 - 11h38;23.07.06 - 11h37;118.99;1688636305685000000;0;3D3B8F7A9F26C010;1;-114;-19;-133.05;12;867.1;1;88;00c20291b4f4002e20ae17;43.103476;3.023022;0;0;17.38;0.15;3.04;0;0;0;0;0;0;0