GNAT L082CZ - 08;3.94;23.07.06 - 10h43;23.07.06 - 10h43;259.12;1688633013681000000;0;3D3B8F7A9F26C008;1;-114;-16;-130.11;12;867.1;2;60;00c20291a8ac002e1c2b18;43.100332;3.021867;0;0;612.66;2.36;27.08;0;0;0;0;0;0;0
GNAT L082CZ - 08;3.94;23.07.06 - 10h47;23.07.06 - 10h47;240.76;1688633254442000000;0;3D3B8F7A9F26C008;2;-114;-15;-129.14;12;867.9;1;62;00c20291a9ac002e1b832a;43.100588;3.021699;0;0;31.57;0.13;337.35;0;0;0;0;0;0;0
GNAT L082CZ - 08;3.94;23.07.06 - 10h49;23.07.06 - 10h49;118.24;1688633372678000000;0;3D3B8F7A9F26C008;1;-111;-19;-130.05;12;868.1;1;63;00c20291aa34002e1b5118;43.100724;3.021649;0;0;15.66;0.13;346.84;0;0;0;0;0;0;0
GNAT L082CZ - 08;3.94;23.07.06 - 10h51;23.07.06 - 10h51;120;1688633492678000000;0;3D3B8F7A9F26C008;2;-114;-14;-128.17;12;867.1;2;64;00c20291aad8002e1b1118;43.100888;3.021585;0;0;18.96;0.16;346.06;0;0;0;0;0;0;0
GNAT L082CZ - 08;3.94;23.07.06 - 10h53;23.07.06 - 10h53;121;1688633613678000000;0;3D3B8F7A9F26C008;2;-114;-15;-129.14;12;868.1;2;65;00c20291ab58002e1ac216;43.101016;3.021506;0;0;15.61;0.13;338.56;0;0;0;0;0;0;0
GNAT L082CZ - 08;3.94;23.07.06 - 10h55;23.07.06 - 10h55;118.99;1688633732671000000;0;3D3B8F7A9F26C008;1;-111;-18;-129.07;12;866.3;1;66;00c20291abe8002e1a7718;43.10116;3.021431;0;0;17.13;0.14;341.67;0;0;0;0;0;0;0
GNAT L082CZ - 08;3.94;23.07.06 - 10h59;23.07.06 - 10h59;236;1688633968673000000;0;3D3B8F7A9F26C008;1;-114;-16;-130.11;12;866.7;2;68;00c20291ace0002e19ed16;43.101408;3.021293;0;0;29.77;0.13;340.5;0;0;0;0;0;0;0
GNAT L082CZ - 08;3.94;23.07.06 - 11h09;23.07.06 - 11h09;599.01;1688634567679000000;0;3D3B8F7A9F26C008;1;-113;-18;-131.07;12;868.3;1;73;00c20291af14002e188316;43.101972;3.020931;0;0;69.26;0.12;337.76;0;0;0;0;0;0;0
GNAT L082CZ - 08;3.96;23.07.06 - 11h11;23.07.06 - 11h11;119.78;1688634687674000000;0;3D3B8F7A9F26C008;2;-114;-15;-129.14;12;866.7;2;74;00c20291af70002e182718;43.101872;3.021703;0;0;8.71;0.07;283.45;0;0;0;0;0;0;0
GNAT L082CZ - 08;3.94;23.07.06 - 11h13;23.07.06 - 11h12;120;1688634807673000000;0;3D3B8F7A9F26C008;1;-114;-20;-134.04;12;868.5;1;75;00c20291afd8002e17af16;43.102168;3.020719;0;0;86.4;0.72;295.26;0;0;0;0;0;0;0
GNAT L082CZ - 08;3.94;23.07.06 - 11h17;23.07.06 - 11h14;240.22;1688635047894000000;0;3D3B8F7A9F26C008;1;-114;-18;-132.07;12;868.1;1;77;00c20291b080002e16ce15;43.102336;3.020494;0;0;26.13;0.11;319.52;0;0;0;0;0;0;0
GNAT L082CZ - 08;3.94;23.07.06 - 11h19;23.07.06 - 11h18;118.79;1688635166681000000;0;3D3B8F7A9F26C008;1;-114;-18;-132.07;12;865.1;1;78;00c20291b0d0002e165618;43.102416;3.020374;0;0;13.19;0.11;316.29;0;0;0;0;0;0;0
GNAT L082CZ - 08;3.94;23.07.06 - 11h25;23.07.06 - 11h25;361.22;1688635527902000000;0;3D3B8F7A9F26C008;1;-113;-16;-129.11;12;868.5;2;81;00c20291b1ec002e152a18;43.1027;3.020074;0;0;39.88;0.11;326.04;0;0;0;0;0;0;0
GNAT L082CZ - 08;3.94;23.07.06 - 11h27;23.07.06 - 11h26;119.78;1688635647680000000;0;3D3B8F7A9F26C008;1;-114;-21;-135.03;12;865.9;1;82;00c20291b260002e14b317;43.102816;3.019955;0;0;16.12;0.13;326.81;0;0;0;0;0;0;0
GNAT L082CZ - 08;3.94;23.07.06 - 11h29;23.07.06 - 11h28;119.23;1688635766907000000;0;3D3B8F7A9F26C008;1;-115;-17.75;-132.82;12;868.5;1;83;00c20291b2f0002e146218;43.10296;3.019874;0;0;17.31;0.15;340.27;0;0;0;0;0;0;0
GNAT L082CZ - 08;3.94;23.07.06 - 11h35;23.07.06 - 11h34;359.77;1688636126681000000;0;3D3B8F7A9F26C008;1;-115;-18;-133.07;12;865.1;2;86;00c20291b478002e131d17;43.103352;3.019549;0;0;50.95;0.14;332.12;0;0;0;0;0;0;0
GNAT L082CZ - 08;3.94;23.07.06 - 11h37;23.07.06 - 11h37;120.01;1688636246687000000;0;3D3B8F7A9F26C008;1;-114;-19;-133.05;12;868.1;1;87;00c20291b4f8002e12c016;43.10348;3.019456;0;0;16.11;0.13;335.13;0;0;0;0;0;0;0
GNAT L082CZ - 08;3.94;23.07.06 - 11h39;23.07.06 - 11h38;119.99;1688636366681000000;0;3D3B8F7A9F26C008;1;-114;-19;-133.05;12;865.3;2;88;00c20291b56c002e124815;43.103596;3.019336;0;0;16.16;0.13;326.57;0;0;0;0;0;0;0
GNAT L082CZ - 08;3.94;23.07.06 - 11h41;23.07.06 - 11h40;120.23;1688636486910000000;0;3D3B8F7A9F26C008;1;-116;-17.5;-133.58;12;868.3;1;89;00c20291b5ec002e11c316;43.103724;3.019203;0;0;17.87;0.15;326.45;0;0;0;0;0;0;0
GNAT L082CZ - 08;3.94;23.07.06 - 11h43;23.07.06 - 11h43;118.78;1688636605694000000;0;3D3B8F7A9F26C008;1;-114;-17;-131.09;12;866.1;2;90;00c20291b63c002e114618;43.103804;3.019078;0;0;13.5;0.11;315.07;0;0;0;0;0;0;0
GNAT L082CZ - 08;3.94;23.07.06 - 11h45;23.07.06 - 11h45;119.99;1688636725681000000;0;3D3B8F7A9F26C008;2;-114;-15;-129.14;12;868.5;1;91;00c20291b6b0002e10bf18;43.10392;3.018943;0;0;16.93;0.14;323.39;0;0;0;0;0;0;0
GNAT L082CZ - 08;3.94;23.07.06 - 11h47;23.07.06 - 11h46;121.01;1688636846687000000;0;3D3B8F7A9F26C008;1;-114;-18;-132.07;12;865.5;1;92;00c20291b70c002e103f17;43.104012;3.018815;0;0;14.58;0.12;318.38;0;0;0;0;0;0;0