GNAT L082CZ - 08;0;23.07.06 - 10h43s32;23.07.06 - 10h41s18;134;0;0;3D3B8F7A9F26C008;0;0;0;0;0;0;0;216;0;43.100330;3.021867;15;0;18.58;0.14;-0.36;33;0;0;0;0.00;0.00;0.00;0;1
GNAT L082CZ - 08;0;23.07.06 - 10h45s31;23.07.06 - 10h43s32;119;0;0;3D3B8F7A9F26C008;0;0;0;0;0;0;0;217;0;43.100449;3.021779;15;0;14.76;0.12;-0.44;32;0;0;0;0.00;0.00;0.00;0;1
GNAT L082CZ - 08;0;23.07.06 - 10h47s32;23.07.06 - 10h45s31;121;0;0;3D3B8F7A9F26C008;0;0;0;0;0;0;0;218;0;43.100590;3.021699;15;0;17.22;0.14;-0.35;31;0;0;0;0.00;0.00;0.00;0;1
GNAT L082CZ - 08;0;23.07.06 - 10h49s31;23.07.06 - 10h47s32;119;0;0;3D3B8F7A9F26C008;0;0;0;0;0;0;0;219;0;43.100723;3.021649;15;0;15.35;0.13;-0.23;30;0;0;0;0.00;0.00;0.00;0;1
GNAT L082CZ - 08;0;23.07.06 - 10h51s31;23.07.06 - 10h49s31;120;0;0;3D3B8F7A9F26C008;0;0;0;0;0;0;0;220;0;43.100887;3.021585;15;0;18.96;0.16;-0.24;29;0;0;0;0.00;0.00;0.00;0;1
GNAT L082CZ - 08;0;23.07.06 - 10h53s32;23.07.06 - 10h51s31;121;0;0;3D3B8F7A9F26C008;0;0;0;0;0;0;0;221;0;43.101017;3.021506;15;0;15.79;0.13;-0.37;28;0;0;0;0.00;0.00;0.00;0;1
GNAT L082CZ - 08;0;23.07.06 - 10h55s31;23.07.06 - 10h53s32;119;0;0;3D3B8F7A9F26C008;0;0;0;0;0;0;0;222;0;43.101158;3.021431;14;0;16.73;0.14;-0.33;28;0;0;0;0.00;0.00;0.00;0;1
GNAT L082CZ - 08;0;23.07.06 - 10h57s31;23.07.06 - 10h55s31;120;0;0;3D3B8F7A9F26C008;0;0;0;0;0;0;0;223;0;43.101303;3.021366;14;0;17.16;0.14;-0.28;27;0;0;0;0.00;0.00;0.00;0;1
GNAT L082CZ - 08;0;23.07.06 - 10h59s27;23.07.06 - 10h57s31;116;0;0;3D3B8F7A9F26C008;0;0;0;0;0;0;0;224;0;43.101414;3.021293;14;0;13.52;0.12;-0.40;27;0;0;0;0.00;0.00;0.00;0;1
GNAT L082CZ - 08;0;23.07.06 - 11h01s27;23.07.06 - 10h59s27;120;0;0;3D3B8F7A9F26C008;0;0;0;0;0;0;0;225;0;43.101532;3.021227;15;0;14.33;0.12;-0.34;26;0;0;0;0.00;0.00;0.00;0;1
GNAT L082CZ - 08;0;23.07.06 - 11h03s27;23.07.06 - 11h01s27;120;0;0;3D3B8F7A9F26C008;0;0;0;0;0;0;0;226;0;43.101665;3.021142;14;0;16.34;0.14;-0.39;26;0;0;0;0.00;0.00;0.00;0;1
GNAT L082CZ - 08;0;23.07.06 - 11h05s26;23.07.06 - 11h03s27;119;0;0;3D3B8F7A9F26C008;0;0;0;0;0;0;0;227;0;43.101776;3.021063;14;0;13.74;0.12;-0.43;26;0;0;0;0.00;0.00;0.00;0;1
GNAT L082CZ - 08;0;23.07.06 - 11h07s27;23.07.06 - 11h05s26;121;0;0;3D3B8F7A9F26C008;0;0;0;0;0;0;0;228;0;43.101868;3.021001;15;0;11.41;0.09;-0.41;26;0;0;0;0.00;0.00;0.00;0;1
GNAT L082CZ - 08;0;23.07.06 - 11h09s26;23.07.06 - 11h07s27;119;0;0;3D3B8F7A9F26C008;0;0;0;0;0;0;0;229;0;43.101971;3.020931;15;0;12.73;0.11;-0.41;27;0;0;0;0.00;0.00;0.00;0;1
GNAT L082CZ - 08;0;23.07.06 - 11h11s26;23.07.06 - 11h09s26;120;0;0;3D3B8F7A9F26C008;0;0;0;0;0;0;0;230;0;43.102062;3.020839;14;0;12.70;0.11;-0.57;27;0;0;0;0.00;0.00;0.00;0;1
GNAT L082CZ - 08;0;23.07.06 - 11h13s26;23.07.06 - 11h11s26;120;0;0;3D3B8F7A9F26C008;0;0;0;0;0;0;0;231;0;43.102169;3.020719;14;0;15.28;0.13;-0.62;28;0;0;0;0.00;0.00;0.00;0;1
GNAT L082CZ - 08;0;23.07.06 - 11h15s26;23.07.06 - 11h13s26;120;0;0;3D3B8F7A9F26C008;0;0;0;0;0;0;0;232;0;43.102264;3.020583;14;0;15.32;0.13;-0.74;28;0;0;0;0.00;0.00;0.00;0;1
GNAT L082CZ - 08;0;23.07.06 - 11h17s26;23.07.06 - 11h15s26;120;0;0;3D3B8F7A9F26C008;0;0;0;0;0;0;0;233;0;43.102337;3.020494;14;0;10.77;0.09;-0.66;27;0;0;0;0.00;0.00;0.00;0;1
GNAT L082CZ - 08;0;23.07.06 - 11h19s25;23.07.06 - 11h17s26;119;0;0;3D3B8F7A9F26C008;0;0;0;0;0;0;0;234;0;43.102417;3.020374;15;0;13.34;0.11;-0.76;27;0;0;0;0.00;0.00;0.00;0;1
GNAT L082CZ - 08;0;23.07.06 - 11h21s26;23.07.06 - 11h19s25;121;0;0;3D3B8F7A9F26C008;0;0;0;0;0;0;0;235;0;43.102512;3.020268;14;0;13.67;0.11;-0.62;27;0;0;0;0.00;0.00;0.00;0;1
GNAT L082CZ - 08;0;23.07.06 - 11h23s26;23.07.06 - 11h21s26;120;0;0;3D3B8F7A9F26C008;0;0;0;0;0;0;0;236;0;43.102592;3.020162;16;0;12.25;0.10;-0.70;27;0;0;0;0.00;0.00;0.00;0;1
GNAT L082CZ - 08;0;23.07.06 - 11h25s26;23.07.06 - 11h23s26;120;0;0;3D3B8F7A9F26C008;0;0;0;0;0;0;0;237;0;43.102699;3.020073;15;0;13.82;0.12;-0.49;28;0;0;0;0.00;0.00;0.00;0;1
GNAT L082CZ - 08;0;23.07.06 - 11h27s26;23.07.06 - 11h25s26;120;0;0;3D3B8F7A9F26C008;0;0;0;0;0;0;0;238;0;43.102818;3.019955;15;0;16.38;0.14;-0.57;28;0;0;0;0.00;0.00;0.00;0;1
GNAT L082CZ - 08;0;23.07.06 - 11h29s25;23.07.06 - 11h27s26;119;0;0;3D3B8F7A9F26C008;0;0;0;0;0;0;0;239;0;43.102959;3.019874;16;0;16.90;0.14;-0.35;27;0;0;0;0.00;0.00;0.00;0;1
GNAT L082CZ - 08;0;23.07.06 - 11h31s26;23.07.06 - 11h29s25;121;0;0;3D3B8F7A9F26C008;0;0;0;0;0;0;0;240;0;43.103092;3.019788;15;0;16.38;0.14;-0.39;28;0;0;0;0.00;0.00;0.00;0;1
GNAT L082CZ - 08;0;23.07.06 - 11h33s26;23.07.06 - 11h31s26;120;0;0;3D3B8F7A9F26C008;0;0;0;0;0;0;0;241;0;43.103233;3.019649;16;0;19.54;0.16;-0.56;28;0;0;0;0.00;0.00;0.00;0;1
GNAT L082CZ - 08;0;23.07.06 - 11h35s25;23.07.06 - 11h33s26;119;0;0;3D3B8F7A9F26C008;0;0;0;0;0;0;0;242;0;43.103352;3.019549;15;0;15.26;0.13;-0.50;28;0;0;0;0.00;0.00;0.00;0;1
GNAT L082CZ - 08;0;23.07.06 - 11h37s25;23.07.06 - 11h35s25;120;0;0;3D3B8F7A9F26C008;0;0;0;0;0;0;0;243;0;43.103485;3.019456;16;0;16.63;0.14;-0.42;27;0;0;0;0.00;0.00;0.00;0;1
GNAT L082CZ - 08;0;23.07.06 - 11h39s25;23.07.06 - 11h37s25;120;0;0;3D3B8F7A9F26C008;0;0;0;0;0;0;0;244;0;43.103596;3.019336;15;0;15.87;0.13;-0.61;27;0;0;0;0.00;0.00;0.00;0;1
GNAT L082CZ - 08;0;23.07.06 - 11h41s25;23.07.06 - 11h39s25;120;0;0;3D3B8F7A9F26C008;0;0;0;0;0;0;0;245;0;43.103725;3.019203;16;0;18.01;0.15;-0.58;27;0;0;0;0.00;0.00;0.00;0;1
GNAT L082CZ - 08;0;23.07.06 - 11h43s24;23.07.06 - 11h41s25;119;0;0;3D3B8F7A9F26C008;0;0;0;0;0;0;0;246;0;43.103806;3.019078;17;0;13.40;0.11;-0.78;27;0;0;0;0.00;0.00;0.00;0;1
GNAT L082CZ - 08;0;23.07.06 - 11h45s24;23.07.06 - 11h43s24;120;0;0;3D3B8F7A9F26C008;0;0;0;0;0;0;0;247;0;43.103920;3.018943;15;0;16.93;0.14;-0.65;27;0;0;0;0.00;0.00;0.00;0;1
GNAT L082CZ - 08;0;23.07.06 - 11h47s25;23.07.06 - 11h45s24;121;0;0;3D3B8F7A9F26C008;0;0;0;0;0;0;0;248;0;43.104012;3.018815;16;0;14.60;0.12;-0.73;26;0;0;0;0.00;0.00;0.00;0;1