GNAT L082CZ - 03;3.91;23.07.06 - 10h45;23.07.06 - 10h45;367;1688633128700000000;0;3D3B8F7A9F26C003;1;-114;-19;-133.05;12;867.1;2;8;00bf0291a784002e19ba18;43.100036;3.021242;0;0;56.16;0.15;274.68;0;0;0;0;0;0;0
GNAT L082CZ - 03;3.91;23.07.06 - 10h49;23.07.06 - 10h49;239.01;1688633367713000000;0;3D3B8F7A9F26C003;2;-114;-15;-129.14;12;865.5;2;10;00bf0291ab4c002e1a2418;43.101004;3.021348;0;0;107.98;0.45;3.98;0;0;0;0;0;0;0
GNAT L082CZ - 03;3.91;23.07.06 - 10h53;23.07.06 - 10h53;238.98;1688633606693000000;0;3D3B8F7A9F26C003;2;-114;-15;-129.14;12;865.5;2;12;00bf0291ab10002e198c15;43.100944;3.021196;0;0;14.03;0.06;238.18;0;0;0;0;0;0;0
GNAT L082CZ - 03;3.91;23.07.06 - 11h01;23.07.06 - 11h01;482.01;1688634088707000000;0;3D3B8F7A9F26C003;1;-114;-19;-133.05;12;867.9;1;16;00bf0291ad08002e18a817;43.101448;3.020968;0;0;59.02;0.12;343.94;0;0;0;0;0;0;0
GNAT L082CZ - 03;3.91;23.07.06 - 11h03;23.07.06 - 11h03;121;1688634209707000000;0;3D3B8F7A9F26C003;1;-114;-21;-135.03;12;868.5;1;17;00bf0291adb4002e186b17;43.10162;3.020907;0;0;19.76;0.16;347.28;0;0;0;0;0;0;0
GNAT L082CZ - 03;3.91;23.07.06 - 11h05;23.07.06 - 11h05;119.01;1688634328715000000;0;3D3B8F7A9F26C003;1;-114;-21;-135.03;12;867.7;1;18;00bf0291ad10002e17d018;43.101456;3.020752;0;0;22.16;0.19;211.03;0;0;0;0;0;0;0
GNAT L082CZ - 03;3.91;23.07.06 - 11h07;23.07.06 - 11h07;119.99;1688634448701000000;0;3D3B8F7A9F26C003;1;-114;-19;-133.05;12;868.5;1;19;00bf0291ada4002e17d518;43.101604;3.020757;0;0;16.46;0.14;1.23;0;0;0;0;0;0;0
GNAT L082CZ - 03;3.91;23.07.06 - 11h23;23.07.06 - 11h23;961.02;1688635409722000000;0;3D3B8F7A9F26C003;1;-110;-23;-133.02;12;868.5;1;27;00bf0291b100002e187c15;43.102464;3.020924;0;0;96.58;0.1;7.05;0;0;0;0;0;0;0
GNAT L082CZ - 03;3.91;23.07.06 - 11h25;23.07.06 - 11h23;106.18;1688635515899000000;0;3D3B8F7A9F26C003;1;-115;-21;-136.03;12;865.1;2;28;00bf0291b25c002e14dd15;43.102812;3.019997;0;0;84.63;0.8;300.48;0;0;0;0;0;0;0
GNAT L082CZ - 03;3.91;23.07.06 - 11h37;23.07.06 - 11h36;719.99;1688636235888000000;0;3D3B8F7A9F26C003;1;-114;-18;-132.07;12;866.7;2;34;00bf0291b630002e11f511;43.103792;3.019253;0;0;124.59;0.17;334.14;0;0;0;0;0;0;0
GNAT L082CZ - 03;3.91;23.07.06 - 11h39;23.07.06 - 11h39;135.02;1688636370913000000;0;3D3B8F7A9F26C003;1;-115;-16.75;-131.84;12;868.5;1;35;00bf0291b3b8002e16c216;43.10316;3.020482;0;0;122.04;0.9;128.89;0;0;0;0;0;0;0
GNAT L082CZ - 03;3.91;23.07.06 - 11h45;23.07.06 - 11h44;344.93;1688636715840000000;0;3D3B8F7A9F26C003;1;-114;-23;-137.02;12;865.1;1;38;00bf0291b640002e10490e;43.103808;3.018825;0;0;152.61;0.44;301.47;0;0;0;0;0;0;0
GNAT L082CZ - 03;3.91;23.07.06 - 11h53;23.07.06 - 11h52;480;1688637195839000000;0;3D3B8F7A9F26C003;1;-114;-18;-132.07;12;866.7;2;42;00bf0291b6c4002e0db80c;43.10394;3.018168;0;0;55.32;0.12;287.46;0;0;0;0;0;0;0
GNAT L082CZ - 03;3.91;23.07.06 - 11h57;23.07.06 - 11h56;240.01;1688637435853000000;0;3D3B8F7A9F26C003;1;-114;-20;-134.04;12;865.9;2;44;00bf0291b690002e0d010c;43.103888;3.017985;0;0;15.94;0.07;246;0;0;0;0;0;0;0
