GNAT L082CZ - 03;0;23.07.06 - 10h45s26;23.07.06 - 10h43s22;124;0;0;3D3B8F7A9F26C003;0;0;0;0;0;0;0;8;0;43.100037;3.021242;18;0;77.24;0.62;0.50;34;0;0;0;0.00;0.00;0.00;0;1
GNAT L082CZ - 03;0;23.07.06 - 10h47s22;23.07.06 - 10h45s26;116;0;0;3D3B8F7A9F26C003;0;0;0;0;0;0;0;9;0;43.100471;3.021335;16;0;48.81;0.42;0.14;32;0;0;0;0.00;0.00;0.00;0;1
GNAT L082CZ - 03;0;23.07.06 - 10h49s25;23.07.06 - 10h47s22;123;0;0;3D3B8F7A9F26C003;0;0;0;0;0;0;0;10;0;43.101009;3.021348;20;0;60.01;0.49;0.02;31;0;0;0;0.00;0.00;0.00;0;1
GNAT L082CZ - 03;0;23.07.06 - 10h51s27;23.07.06 - 10h49s25;122;0;0;3D3B8F7A9F26C003;0;0;0;0;0;0;0;11;0;43.100822;3.021211;19;0;23.67;0.19;0.44;30;0;0;0;0.00;0.00;0.00;0;1
GNAT L082CZ - 03;0;23.07.06 - 10h53s24;23.07.06 - 10h51s27;117;0;0;3D3B8F7A9F26C003;0;0;0;0;0;0;0;12;0;43.100945;3.021196;17;0;13.72;0.12;-0.08;29;0;0;0;0.00;0.00;0.00;0;1
GNAT L082CZ - 03;0;23.07.06 - 10h55s27;23.07.06 - 10h53s24;123;0;0;3D3B8F7A9F26C003;0;0;0;0;0;0;0;13;0;43.101036;3.021096;18;0;12.78;0.10;-0.61;28;0;0;0;0.00;0.00;0.00;0;1
GNAT L082CZ - 03;0;23.07.06 - 10h57s26;23.07.06 - 10h55s27;119;0;0;3D3B8F7A9F26C003;0;0;0;0;0;0;0;14;0;43.101231;3.021189;18;0;22.92;0.19;0.30;28;0;0;0;0.00;0.00;0.00;0;1
GNAT L082CZ - 03;0;23.07.06 - 10h59s24;23.07.06 - 10h57s26;118;0;0;3D3B8F7A9F26C003;0;0;0;0;0;0;0;15;0;43.101288;3.021258;19;0;8.55;0.07;0.66;28;0;0;0;0.00;0.00;0.00;0;1
GNAT L082CZ - 03;0;23.07.06 - 11h01s26;23.07.06 - 10h59s24;122;0;0;3D3B8F7A9F26C003;0;0;0;0;0;0;0;16;0;43.101448;3.020967;19;0;29.63;0.24;-0.86;27;0;0;0;0.00;0.00;0.00;0;1
GNAT L082CZ - 03;0;23.07.06 - 11h03s27;23.07.06 - 11h01s26;121;0;0;3D3B8F7A9F26C003;0;0;0;0;0;0;0;17;0;43.101616;3.020907;19;0;19.23;0.16;-0.22;28;0;0;0;0.00;0.00;0.00;0;1
GNAT L082CZ - 03;0;23.07.06 - 11h05s26;23.07.06 - 11h03s27;119;0;0;3D3B8F7A9F26C003;0;0;0;0;0;0;0;18;0;43.101456;3.020752;19;0;21.83;0.18;0.55;28;0;0;0;0.00;0.00;0.00;0;1
GNAT L082CZ - 03;0;23.07.06 - 11h07s26;23.07.06 - 11h05s26;120;0;0;3D3B8F7A9F26C003;0;0;0;0;0;0;0;19;0;43.101604;3.020757;17;0;16.71;0.14;0.02;28;0;0;0;0.00;0.00;0.00;0;1
GNAT L082CZ - 03;0;23.07.06 - 11h09s31;23.07.06 - 11h07s26;125;0;0;3D3B8F7A9F26C003;0;0;0;0;0;0;0;20;0;43.101669;3.020988;19;0;20.10;0.16;1.16;28;0;0;0;0.00;0.00;0.00;0;1
GNAT L082CZ - 03;0;23.07.06 - 11h11s12;23.07.06 - 11h09s31;101;0;0;3D3B8F7A9F26C003;0;0;0;0;0;0;0;21;0;43.101124;3.020549;19;0;70.45;0.70;0.47;28;0;0;0;0.00;0.00;0.00;0;1
GNAT L082CZ - 03;0;23.07.06 - 11h13s16;23.07.06 - 11h11s12;124;0;0;3D3B8F7A9F26C003;0;0;0;0;0;0;0;22;0;43.101814;3.021340;19;0;100.05;0.81;0.63;28;0;0;0;0.00;0.00;0.00;0;1
GNAT L082CZ - 03;0;23.07.06 - 11h15s28;23.07.06 - 11h13s16;132;0;0;3D3B8F7A9F26C003;0;0;0;0;0;0;0;23;0;43.101997;3.021182;19;0;24.19;0.18;-0.50;28;0;0;0;0.00;0.00;0.00;0;1
GNAT L082CZ - 03;0;23.07.06 - 11h17s12;23.07.06 - 11h15s28;104;0;0;3D3B8F7A9F26C003;0;0;0;0;0;0;0;24;0;43.101589;3.020400;19;0;78.13;0.75;0.88;28;0;0;0;0.00;0.00;0.00;0;1
GNAT L082CZ - 03;0;23.07.06 - 11h19s29;23.07.06 - 11h17s12;137;0;0;3D3B8F7A9F26C003;0;0;0;0;0;0;0;25;0;43.102184;3.021134;19;0;89.25;0.65;0.67;28;0;0;0;0.00;0.00;0.00;0;1
GNAT L082CZ - 03;0;23.07.06 - 11h21s12;23.07.06 - 11h19s29;103;0;0;3D3B8F7A9F26C003;0;0;0;0;0;0;0;26;0;43.101681;3.020293;19;0;88.43;0.86;0.82;28;0;0;0;0.00;0.00;0.00;0;1
GNAT L082CZ - 03;0;23.07.06 - 11h23s27;23.07.06 - 11h21s12;135;0;0;3D3B8F7A9F26C003;0;0;0;0;0;0;0;27;0;43.102463;3.020924;19;0;100.92;0.75;0.47;28;0;0;0;0.00;0.00;0.00;0;1
GNAT L082CZ - 03;0;23.07.06 - 11h25s12;23.07.06 - 11h23s27;105;0;0;3D3B8F7A9F26C003;0;0;0;0;0;0;0;28;0;43.102814;3.019996;20;0;84.88;0.81;-1.04;28;0;0;0;0.00;0.00;0.00;0;1
GNAT L082CZ - 03;0;23.07.06 - 11h27s27;23.07.06 - 11h25s12;135;0;0;3D3B8F7A9F26C003;0;0;0;0;0;0;0;29;0;43.102551;3.020756;20;0;68.29;0.51;-1.07;28;0;0;0;0.00;0.00;0.00;0;1
GNAT L082CZ - 03;0;23.07.06 - 11h29s12;23.07.06 - 11h27s27;105;0;0;3D3B8F7A9F26C003;0;0;0;0;0;0;0;30;0;43.102009;3.019982;20;0;87.15;0.83;0.74;29;0;0;0;0.00;0.00;0.00;0;1
GNAT L082CZ - 03;0;23.07.06 - 11h31s30;23.07.06 - 11h29s12;138;0;0;3D3B8F7A9F26C003;0;0;0;0;0;0;0;31;0;43.102711;3.020798;20;0;102.50;0.74;0.64;29;0;0;0;0.00;0.00;0.00;0;1
GNAT L082CZ - 03;0;23.07.06 - 11h33s12;23.07.06 - 11h31s30;102;0;0;3D3B8F7A9F26C003;0;0;0;0;0;0;0;32;0;43.102463;3.019935;15;0;75.34;0.74;1.15;28;0;0;0;0.00;0.00;0.00;0;1
GNAT L082CZ - 03;0;23.07.06 - 11h35s30;23.07.06 - 11h33s12;138;0;0;3D3B8F7A9F26C003;0;0;0;0;0;0;0;33;0;43.103020;3.020731;16;0;89.49;0.65;0.74;28;0;0;0;0.00;0.00;0.00;0;1
GNAT L082CZ - 03;0;23.07.06 - 11h37s12;23.07.06 - 11h35s30;102;0;0;3D3B8F7A9F26C003;0;0;0;0;0;0;0;34;0;43.103790;3.019253;19;0;147.54;1.45;-0.89;28;0;0;0;0.00;0.00;0.00;0;1
GNAT L082CZ - 03;0;23.07.06 - 11h39s28;23.07.06 - 11h37s12;136;0;0;3D3B8F7A9F26C003;0;0;0;0;0;0;0;35;0;43.103161;3.020482;17;0;121.83;0.90;-0.89;28;0;0;0;0.00;0.00;0.00;0;1
GNAT L082CZ - 03;0;23.07.06 - 11h41s12;23.07.06 - 11h39s28;104;0;0;3D3B8F7A9F26C003;0;0;0;0;0;0;0;36;0;43.103821;3.019091;15;0;134.64;1.29;-0.93;28;0;0;0;0.00;0.00;0.00;0;1
GNAT L082CZ - 03;0;23.07.06 - 11h43s26;23.07.06 - 11h41s12;134;0;0;3D3B8F7A9F26C003;0;0;0;0;0;0;0;37;0;43.103142;3.020248;19;0;120.57;0.90;-0.83;27;0;0;0;0.00;0.00;0.00;0;1
GNAT L082CZ - 03;0;23.07.06 - 11h45s12;23.07.06 - 11h43s26;106;0;0;3D3B8F7A9F26C003;0;0;0;0;0;0;0;38;0;43.103809;3.018825;15;0;137.23;1.29;-0.94;27;0;0;0;0.00;0.00;0.00;0;1
GNAT L082CZ - 03;0;23.07.06 - 11h47s27;23.07.06 - 11h45s12;135;0;0;3D3B8F7A9F26C003;0;0;0;0;0;0;0;39;0;43.103134;3.019947;19;0;117.87;0.87;-0.81;27;0;0;0;0.00;0.00;0.00;0;1
GNAT L082CZ - 03;0;23.07.06 - 11h49s12;23.07.06 - 11h47s27;105;0;0;3D3B8F7A9F26C003;0;0;0;0;0;0;0;40;0;43.103874;3.018503;15;0;143.10;1.36;-0.89;27;0;0;0;0.00;0.00;0.00;0;1
GNAT L082CZ - 03;0;23.07.06 - 11h51s27;23.07.06 - 11h49s12;135;0;0;3D3B8F7A9F26C003;0;0;0;0;0;0;0;41;0;43.103203;3.019637;19;0;118.40;0.88;-0.82;27;0;0;0;0.00;0.00;0.00;0;1
GNAT L082CZ - 03;0;23.07.06 - 11h53s12;23.07.06 - 11h51s27;105;0;0;3D3B8F7A9F26C003;0;0;0;0;0;0;0;42;0;43.103939;3.018168;15;0;144.54;1.38;-0.91;27;0;0;0;0.00;0.00;0.00;0;1
GNAT L082CZ - 03;0;23.07.06 - 11h55s27;23.07.06 - 11h53s12;135;0;0;3D3B8F7A9F26C003;0;0;0;0;0;0;0;43;0;43.103226;3.019381;18;0;126.25;0.94;-0.83;26;0;0;0;0.00;0.00;0.00;0;1
GNAT L082CZ - 03;0;23.07.06 - 11h57s12;23.07.06 - 11h55s27;105;0;0;3D3B8F7A9F26C003;0;0;0;0;0;0;0;44;0;43.103889;3.017985;17;0;135.15;1.29;-0.93;26;0;0;0;0.00;0.00;0.00;0;1