GNAT L082CZ - 03;3.91;23.07.06 - 10h23;23.07.06 - 10h23;57898.33;1688631813717000000;0;3D3B8F7A9F26C003;2;-115;-12;-127.27;12;867.3;2;0;00bf02919ee8002e233706;43.097832;3.023671;0;0;89229.63;1.54;219.23;0;0;0;0;0;0;0
GNAT L082CZ - 03;3.91;23.07.06 - 10h29;23.07.06 - 10h29;358.95;1688632172669000000;0;3D3B8F7A9F26C003;2;-114;-15;-129.14;12;867.1;2;0;00bf0291a340002e20d005;43.098944;3.023056;0;0;133.35;0.37;340.66;0;0;0;0;0;0;0
GNAT L082CZ - 03;3.91;23.07.06 - 10h33;23.07.06 - 10h33;239.02;1688632411692000000;0;3D3B8F7A9F26C003;1;-114;-19;-133.05;12;865.3;1;2;00bf0291a504002e1f3918;43.099396;3.022649;0;0;60.15;0.25;330.24;0;0;0;0;0;0;0
GNAT L082CZ - 03;3.91;23.07.06 - 10h35;23.07.06 - 10h34;104.18;1688632515873000000;0;3D3B8F7A9F26C003;1;-115;-21;-136.03;12;868.5;1;3;00bf02919bf0002e16f011;43.097072;3.020528;0;0;310.54;2.98;210.01;0;0;0;0;0;0;0
GNAT L082CZ - 03;3.91;23.07.06 - 10h37;23.07.06 - 10h37;138.68;1688632654553000000;0;3D3B8F7A9F26C003;3;-113;-8;-121.64;12;865.9;2;4;00bf0291a648002e1dd824;43.09972;3.022296;0;0;327.57;2.36;22.99;0;0;0;0;0;0;0
GNAT L082CZ - 03;3.91;23.07.06 - 10h39;23.07.06 - 10h39;107.15;1688632761704000000;0;3D3B8F7A9F26C003;2;-110;-14;-124.17;12;868.3;2;5;00bf0291a760002e1c6c15;43.1;3.021932;0;0;42.93;0.4;320.44;0;0;0;0;0;0;0
GNAT L082CZ - 03;3.91;23.07.06 - 10h45;23.07.06 - 10h45;367;1688633128700000000;0;3D3B8F7A9F26C003;1;-114;-19;-133.05;12;867.1;2;8;00bf0291a784002e19ba18;43.100036;3.021242;0;0;56.16;0.15;274.68;0;0;0;0;0;0;0
GNAT L082CZ - 03;3.91;23.07.06 - 10h49;23.07.06 - 10h49;239.01;1688633367713000000;0;3D3B8F7A9F26C003;2;-114;-15;-129.14;12;865.5;2;10;00bf0291ab4c002e1a2418;43.101004;3.021348;0;0;107.98;0.45;3.98;0;0;0;0;0;0;0
GNAT L082CZ - 03;3.91;23.07.06 - 10h53;23.07.06 - 10h53;238.98;1688633606693000000;0;3D3B8F7A9F26C003;2;-114;-15;-129.14;12;865.5;2;12;00bf0291ab10002e198c15;43.100944;3.021196;0;0;14.03;0.06;238.18;0;0;0;0;0;0;0
GNAT L082CZ - 03;3.91;23.07.06 - 11h01;23.07.06 - 11h01;482.01;1688634088707000000;0;3D3B8F7A9F26C003;1;-114;-19;-133.05;12;867.9;1;16;00bf0291ad08002e18a817;43.101448;3.020968;0;0;59.02;0.12;343.94;0;0;0;0;0;0;0
GNAT L082CZ - 03;3.91;23.07.06 - 11h03;23.07.06 - 11h03;121;1688634209707000000;0;3D3B8F7A9F26C003;1;-114;-21;-135.03;12;868.5;1;17;00bf0291adb4002e186b17;43.10162;3.020907;0;0;19.76;0.16;347.28;0;0;0;0;0;0;0
GNAT L082CZ - 03;3.91;23.07.06 - 11h05;23.07.06 - 11h05;119.01;1688634328715000000;0;3D3B8F7A9F26C003;1;-114;-21;-135.03;12;867.7;1;18;00bf0291ad10002e17d018;43.101456;3.020752;0;0;22.16;0.19;211.03;0;0;0;0;0;0;0
GNAT L082CZ - 03;3.91;23.07.06 - 11h07;23.07.06 - 11h07;119.99;1688634448701000000;0;3D3B8F7A9F26C003;1;-114;-19;-133.05;12;868.5;1;19;00bf0291ada4002e17d518;43.101604;3.020757;0;0;16.46;0.14;1.23;0;0;0;0;0;0;0
GNAT L082CZ - 03;3.91;23.07.06 - 11h23;23.07.06 - 11h23;961.02;1688635409722000000;0;3D3B8F7A9F26C003;1;-110;-23;-133.02;12;868.5;1;27;00bf0291b100002e187c15;43.102464;3.020924;0;0;96.58;0.1;7.05;0;0;0;0;0;0;0
GNAT L082CZ - 03;3.91;23.07.06 - 11h25;23.07.06 - 11h23;106.18;1688635515899000000;0;3D3B8F7A9F26C003;1;-115;-21;-136.03;12;865.1;2;28;00bf0291b25c002e14dd15;43.102812;3.019997;0;0;84.63;0.8;300.48;0;0;0;0;0;0;0
GNAT L082CZ - 03;3.91;23.07.06 - 11h37;23.07.06 - 11h36;719.99;1688636235888000000;0;3D3B8F7A9F26C003;1;-114;-18;-132.07;12;866.7;2;34;00bf0291b630002e11f511;43.103792;3.019253;0;0;124.59;0.17;334.14;0;0;0;0;0;0;0
GNAT L082CZ - 03;3.91;23.07.06 - 11h39;23.07.06 - 11h39;135.02;1688636370913000000;0;3D3B8F7A9F26C003;1;-115;-16.75;-131.84;12;868.5;1;35;00bf0291b3b8002e16c216;43.10316;3.020482;0;0;122.04;0.9;128.89;0;0;0;0;0;0;0
GNAT L082CZ - 03;3.91;23.07.06 - 11h45;23.07.06 - 11h44;344.93;1688636715840000000;0;3D3B8F7A9F26C003;1;-114;-23;-137.02;12;865.1;1;38;00bf0291b640002e10490e;43.103808;3.018825;0;0;152.61;0.44;301.47;0;0;0;0;0;0;0
GNAT L082CZ - 03;3.91;23.07.06 - 11h53;23.07.06 - 11h52;480;1688637195839000000;0;3D3B8F7A9F26C003;1;-114;-18;-132.07;12;866.7;2;42;00bf0291b6c4002e0db80c;43.10394;3.018168;0;0;55.32;0.12;287.46;0;0;0;0;0;0;0
GNAT L082CZ - 03;3.91;23.07.06 - 11h57;23.07.06 - 11h56;240.01;1688637435853000000;0;3D3B8F7A9F26C003;1;-114;-20;-134.04;12;865.9;2;44;00bf0291b690002e0d010c;43.103888;3.017985;0;0;15.94;0.07;246;0;0;0;0;0;0;0
GNAT L082CZ - 03;3.91;23.07.06 - 12h01;23.07.06 - 12h01;249.84;1688637685692000000;0;3D3B8F7A9F26C003;1;-114;-18;-132.07;12;867.9;1;46;00bf0291b4b4002e108e18;43.103412;3.018894;0;0;90.82;0.36;129.39;0;0;0;0;0;0;0
GNAT L082CZ - 03;3.91;23.07.06 - 12h05;23.07.06 - 12h04;230.15;1688637915840000000;0;3D3B8F7A9F26C003;2;-114;-15;-129.14;12;865.3;1;48;00bf0291b7ec002e0b720c;43.104236;3.017586;0;0;140.25;0.61;314.59;0;0;0;0;0;0;0
GNAT L082CZ - 03;3.91;23.07.06 - 12h09;23.07.06 - 12h08;240.01;1688638155846000000;0;3D3B8F7A9F26C003;2;-114;-14;-128.17;12;865.1;2;50;00bf0291b820002e0a350e;43.104288;3.017269;0;0;26.38;0.11;284.4;0;0;0;0;0;0;0
GNAT L082CZ - 03;3.91;23.07.06 - 12h15;23.07.06 - 12h15;371.06;1688638526911000000;0;3D3B8F7A9F26C003;1;-114;-15.5;-129.62;12;868.3;1;53;00bf0291b6a0002e0c7217;43.103904;3.017842;0;0;63.14;0.17;136.4;0;0;0;0;0;0;0
GNAT L082CZ - 03;3.91;23.07.06 - 12h21;23.07.06 - 12h21;363.79;1688638890705000000;0;3D3B8F7A9F26C003;2;-114;-15;-129.14;12;867.9;2;56;00bf0291b8c8002e086415;43.104456;3.016804;0;0;104.25;0.29;309.76;0;0;0;0;0;0;0
GNAT L082CZ - 03;3.91;23.07.06 - 12h25;23.07.06 - 12h25;238.01;1688639128711000000;0;3D3B8F7A9F26C003;2;-114;-13;-127.21;12;867.3;1;58;00bf0291bd60002e04d417;43.105632;3.015892;0;0;150.27;0.63;333.61;0;0;0;0;0;0;0
GNAT L082CZ - 03;3.91;23.07.06 - 12h29;23.07.06 - 12h29;238.01;1688639366723000000;0;3D3B8F7A9F26C003;1;-114;-16;-130.11;12;866.7;1;60;00bf0291c130002dffdd15;43.106608;3.014621;0;0;149.75;0.63;320.16;0;0;0;0;0;0;0
GNAT L082CZ - 03;3.91;23.07.06 - 12h33;23.07.06 - 12h33;244.98;1688639611704000000;0;3D3B8F7A9F26C003;3;-113;-10;-123.41;12;865.1;2;62;00bf0291c7ac002df7c515;43.108268;3.012549;0;0;249.73;1.02;321.29;0;0;0;0;0;0;0
GNAT L082CZ - 03;3.91;23.07.06 - 12h35;23.07.06 - 12h34;104.14;1688639715840000000;0;3D3B8F7A9F26C003;1;-114;-17;-131.09;12;868.3;1;63;00bf0291d640002ddcfa0c;43.112;3.00569;0;0;694.42;6.67;310.08;0;0;0;0;0;0;0
GNAT L082CZ - 03;3.91;23.07.06 - 12h37;23.07.06 - 12h36;118.85;1688639834688000000;0;3D3B8F7A9F26C003;2;-114;-12;-126.27;12;867.3;1;64;00bf0291ff0c002dad0210;43.122444;2.99341;0;0;1530.41;12.88;322.4;0;0;0;0;0;0;0
