GNAT L082CZ - 05;3.93;23.07.06 - 09h26;23.07.06 - 09h26;54980.83;1688628417706000000;0;3D3B8F7A9F26C005;2;-113;-11;-124.33;12;867.3;2;0;00c102911268002dc2e006;43.061864;2.999008;0;0;93366.59;1.7;217.12;0;0;0;0;0;0;0
GNAT L082CZ - 05;3.93;23.07.06 - 09h29;23.07.06 - 09h27;130.02;1688628547727000000;0;3D3B8F7A9F26C005;3;-109;-8;-117.64;12;868.3;2;1;00c1029112d0002dc14115;43.061968;2.998593;0;0;35.64;0.27;292.47;0;0;0;0;0;0;0
GNAT L082CZ - 05;3.93;23.07.06 - 09h30;23.07.06 - 09h30;77.98;1688628625706000000;0;3D3B8F7A9F26C005;4;-114;-4;-119.46;12;867.9;2;2;00c1029113f8002dbe7915;43.062264;2.997881;0;0;66.55;0.85;304.45;0;0;0;0;0;0;0
GNAT L082CZ - 05;3.93;23.07.06 - 09h34;23.07.06 - 09h34;249;1688628874706000000;0;3D3B8F7A9F26C005;3;-112;-10;-122.41;12;866.3;1;4;00c1029114f8002dbac516;43.06252;2.996933;0;0;82.11;0.33;294;0;0;0;0;0;0;0
GNAT L082CZ - 05;3.92;23.07.06 - 09h36;23.07.06 - 09h36;106.02;1688628980723000000;0;3D3B8F7A9F26C005;5;-110;1;-112.54;12;868.1;2;5;00c002911524002db90614;43.062564;2.996486;0;0;36.64;0.35;279.22;0;0;0;0;0;0;0
GNAT L082CZ - 05;3.93;23.07.06 - 09h38;23.07.06 - 09h37;115;1688629095728000000;0;3D3B8F7A9F26C005;3;-113;-10;-123.41;12;865.9;2;6;00c102911370002dc31107;43.062128;2.999057;0;0;214.42;1.86;105.7;0;0;0;0;0;0;0
GNAT L082CZ - 05;3.93;23.07.06 - 09h42;23.07.06 - 09h41;246.98;1688629342710000000;0;3D3B8F7A9F26C005;2;-114;-14;-128.17;12;866.7;1;8;00c102911528002dc5af18;43.062568;2.999727;0;0;73.19;0.3;42.71;0;0;0;0;0;0;0
GNAT L082CZ - 05;3.93;23.07.06 - 09h44;23.07.06 - 09h44;122.01;1688629464716000000;0;3D3B8F7A9F26C005;4;-113;-6;-119.97;12;868.5;2;9;00c102911808002dc04e18;43.063304;2.99835;0;0;138.61;1.14;311.37;0;0;0;0;0;0;0
GNAT L082CZ - 05;3.93;23.07.06 - 09h46;23.07.06 - 09h46;121.01;1688629585725000000;0;3D3B8F7A9F26C005;5;-109;1;-111.54;12;866.7;1;10;00c102911be8002dbae418;43.064296;2.996964;0;0;157.62;1.3;319.67;0;0;0;0;0;0;0
GNAT L082CZ - 05;3.94;23.07.06 - 09h48;23.07.06 - 09h48;119;1688629704730000000;0;3D3B8F7A9F26C005;4;-110;-1;-113.54;12;868.1;1;11;00c202911f94002db54216;43.065236;2.995522;0;0;157;1.32;316.97;0;0;0;0;0;0;0
GNAT L082CZ - 05;3.93;23.07.06 - 09h50;23.07.06 - 09h49;110.93;1688629815661000000;0;3D3B8F7A9F26C005;5;-110;0;-113.01;12;866.3;2;12;00c102912a08002d825815;43.067912;2.982488;0;0;1099.83;9.91;288.33;0;0;0;0;0;0;0
GNAT L082CZ - 05;3.93;23.07.06 - 09h52;23.07.06 - 09h52;134.07;1688629949734000000;0;3D3B8F7A9F26C005;4;-111;-1;-114.54;12;868.5;1;13;00c102912668002daa7e18;43.066984;2.992766;0;0;841.27;6.27;98.65;0;0;0;0;0;0;0
GNAT L082CZ - 05;3.93;23.07.06 - 10h02;23.07.06 - 10h01;585.92;1688630535657000000;0;3D3B8F7A9F26C005;1;-112;-18;-130.07;12;866.5;1;18;00c102919b14002deec10e;43.096852;3.010241;0;0;3611.7;6.16;20.37;0;0;0;0;0;0;0
GNAT L082CZ - 05;3.93;23.07.06 - 10h04;23.07.06 - 10h03;140.91;1688630676563000000;0;3D3B8F7A9F26C005;1;-111;-18;-129.07;12;868.3;1;19;00c10291a6c0002e12916d;43.09984;3.019409;0;0;815.16;5.78;63;0;0;0;0;0;0;0
GNAT L082CZ - 05;3.93;23.07.06 - 10h06;23.07.06 - 10h04;99.1;1688630775660000000;0;3D3B8F7A9F26C005;3;-114;-9;-123.51;12;867.3;2;20;00c10291d764002e3dfc09;43.112292;3.030524;0;0;1652.68;16.68;29.99;0;0;0;0;0;0;0
GNAT L082CZ - 05;3.93;23.07.06 - 10h10;23.07.06 - 10h09;243.04;1688631018704000000;0;3D3B8F7A9F26C005;3;-113;-8;-121.64;12;865.9;2;22;00c10291a98c002e2a3615;43.100556;3.025462;0;0;1368.16;5.63;195.33;0;0;0;0;0;0;0
GNAT L082CZ - 05;3.93;23.07.06 - 10h12;23.07.06 - 10h12;134.01;1688631152718000000;0;3D3B8F7A9F26C005;3;-112;-9;-121.51;12;868.1;1;23;00c10291a4b0002e287416;43.099312;3.025012;0;0;143.07;1.07;192.93;0;0;0;0;0;0;0
GNAT L082CZ - 05;3.93;23.07.06 - 10h14;23.07.06 - 10h13;110;1688631262715000000;0;3D3B8F7A9F26C005;3;-110;-9;-119.51;12;866.3;2;24;00c10291a0b4002e275916;43.098292;3.024729;0;0;115.72;1.05;189.98;0;0;0;0;0;0;0
GNAT L082CZ - 05;3.93;23.07.06 - 10h16;23.07.06 - 10h16;126.23;1688631388947000000;0;3D3B8F7A9F26C005;4;-114;-5.75;-120.77;12;868.3;1;25;00c102919c24002e269b16;43.097124;3.024539;0;0;130.79;1.04;185.88;0;0;0;0;0;0;0
GNAT L082CZ - 05;3.93;23.07.06 - 10h18;23.07.06 - 10h17;116.77;1688631505719000000;0;3D3B8F7A9F26C005;3;-113;-8;-121.64;12;867.9;4;26;00c102919aa8002e257316;43.096744;3.024243;0;0;48.61;0.42;206.24;0;0;0;0;0;0;0
GNAT L082CZ - 05;3.93;23.07.06 - 10h22;23.07.06 - 10h21;237.01;1688631742726000000;0;3D3B8F7A9F26C005;3;-114;-8;-122.64;12;867.1;4;28;00c102919de0002e23ba18;43.097568;3.023802;0;0;98.37;0.42;341.27;0;0;0;0;0;0;0
GNAT L082CZ - 05;3.93;23.07.06 - 10h24;23.07.06 - 10h23;119.55;1688631862273000000;0;3D3B8F7A9F26C005;3;-114;-9;-123.51;12;868.1;2;29;00c102919eb4002e23340e;43.09778;3.023668;0;0;25.96;0.22;338.17;0;0;0;0;0;0;0
GNAT L082CZ - 05;3.93;23.07.06 - 10h26;23.07.06 - 10h25;113.45;1688631975724000000;0;3D3B8F7A9F26C005;2;-114;-11;-125.33;12;865.3;2;30;00c102919fc0002e222706;43.098048;3.023399;0;0;36.95;0.33;327.53;0;0;0;0;0;0;0
GNAT L082CZ - 05;3.93;23.07.06 - 10h28;23.07.06 - 10h27;123.99;1688632099711000000;0;3D3B8F7A9F26C005;1;-108;-19;-127.05;12;868.1;2;31;00c10291a1d0002e214c16;43.098576;3.02318;0;0;61.34;0.49;345.26;0;0;0;0;0;0;0
GNAT L082CZ - 05;3.93;23.07.06 - 10h30;23.07.06 - 10h29;123.51;1688632223219000000;0;3D3B8F7A9F26C005;3;-113;-7;-120.79;12;866.1;2;32;00c10291a3dc002e205111;43.0991;3.022929;0;0;61.73;0.5;343.09;0;0;0;0;0;0;0
GNAT L082CZ - 05;3.93;23.07.06 - 10h32;23.07.06 - 10h32;129.6;1688632352823000000;0;3D3B8F7A9F26C005;2;-112;-15;-127.14;12;868.3;1;33;00c10291a470002e1f9418;43.099248;3.02274;0;0;22.5;0.17;320.97;0;0;0;0;0;0;0
GNAT L082CZ - 05;3.93;23.07.06 - 10h36;23.07.06 - 10h36;231.89;1688632584717000000;0;3D3B8F7A9F26C005;4;-111;-4;-116.46;12;868.3;2;35;00c10291a638002e1e1716;43.099704;3.022359;0;0;59.4;0.26;332.04;0;0;0;0;0;0;0
GNAT L082CZ - 05;3.92;23.07.06 - 10h38;23.07.06 - 10h37;110.95;1688632695671000000;0;3D3B8F7A9F26C005;4;-112;-5;-118.19;12;865.1;5;36;00c00291b35c002df99508;43.103068;3.013013;0;0;845.98;7.62;299.28;0;0;0;0;0;0;0
GNAT L082CZ - 05;3.93;23.07.06 - 10h40;23.07.06 - 10h40;134.04;1688632829715000000;0;3D3B8F7A9F26C010;2;-110;-15;-125.14;12;868.1;1;59;00c10291a7b0002e1ca418;43.10008;3.021988;0;0;800.84;5.97;117.81;0;0;0;0;0;0;0
GNAT L082CZ - 05;3.93;23.07.06 - 10h44;23.07.06 - 10h43;233;1688633062716000000;0;3D3B8F7A9F26C005;2;-113;-13;-126.21;12;868.1;3;39;00c10291a9fc002e1bc616;43.100668;3.021766;0;0;67.82;0.29;346.5;0;0;0;0;0;0;0
GNAT L082CZ - 05;3.93;23.07.06 - 10h46;23.07.06 - 10h45;113.5;1688633176216000000;0;3D3B8F7A9F26C005;3;-114;-7;-121.79;12;867.3;3;40;00c10291aad4002e1b5b0f;43.100884;3.021659;0;0;25.54;0.23;342.51;0;0;0;0;0;0;0
GNAT L082CZ - 05;3.93;23.07.06 - 10h48;23.07.06 - 10h47;119.49;1688633295704000000;0;3D3B8F7A9F26C005;3;-114;-10;-124.41;12;868.5;3;41;00c10291abe4002e1acb06;43.101156;3.021515;0;0;32.43;0.27;341.38;0;0;0;0;0;0;0
GNAT L082CZ - 05;3.92;23.07.06 - 10h50;23.07.06 - 10h49;120.51;1688633416216000000;0;3D3B8F7A9F26C005;4;-112;-4;-117.46;12;866.1;2;42;00c00291ad04002e1a180a;43.101444;3.021336;0;0;35.17;0.29;338.42;0;0;0;0;0;0;0
GNAT L082CZ - 05;3.92;23.07.06 - 10h52;23.07.06 - 10h51;119.49;1688633535703000000;0;3D3B8F7A9F26C005;1;-105;-24;-129.02;12;868.1;1;43;00c00291ae48002e195704;43.101768;3.021143;0;0;39.29;0.33;339.23;0;0;0;0;0;0;0
GNAT L082CZ - 05;3.92;23.07.06 - 10h54;23.07.06 - 10h54;139.82;1688633675519000000;0;3D3B8F7A9F26C005;2;-114;-14;-128.17;12;867.9;2;44;00c00291afe0002e194b1e;43.102176;3.021131;0;0;45.38;0.32;358.93;0;0;0;0;0;0;0
GNAT L082CZ - 05;3.92;23.07.06 - 10h56;23.07.06 - 10h56;113.2;1688633788716000000;0;3D3B8F7A9F26C005;1;-114;-16;-130.11;12;868.1;1;45;00c00291b00c002e190818;43.10222;3.021064;0;0;7.32;0.06;315.87;0;0;0;0;0;0;0
GNAT L082CZ - 05;3.93;23.07.06 - 10h58;23.07.06 - 10h58;117;1688633905717000000;0;3D3B8F7A9F26C005;1;-115;-16;-131.11;12;867.1;2;46;00c10291b020002e190717;43.10224;3.021063;0;0;2.23;0.02;358.18;0;0;0;0;0;0;0
GNAT L082CZ - 05;3.92;23.07.06 - 11h00;23.07.06 - 11h00;125;1688634030714000000;0;3D3B8F7A9F26C005;2;-112;-15;-127.14;12;868.3;2;47;00c00291b024002e190117;43.102244;3.021057;0;0;0.66;0.01;316.3;0;0;0;0;0;0;0
GNAT L082CZ - 05;3.92;23.07.06 - 11h02;23.07.06 - 11h02;120;1688634150715000000;0;3D3B8F7A9F26C005;2;-114;-14;-128.17;12;865.1;2;48;00c00291b024002e190416;43.102244;3.02106;0;0;0.24;0;90;0;0;0;0;0;0;0
GNAT L082CZ - 05;3.93;23.07.06 - 11h04;23.07.06 - 11h03;123;1688634273716000000;0;3D3B8F7A9F26C005;2;-112;-13;-125.21;12;868.5;1;49;00c10291b02c002e190a17;43.102252;3.021066;0;0;1.01;0.01;25.54;0;0;0;0;0;0;0
GNAT L082CZ - 05;3.93;23.07.06 - 11h10;23.07.06 - 11h09;354;1688634627714000000;0;3D3B8F7A9F26C005;2;-114;-14;-128.17;12;865.5;2;52;00c10291b028002e190418;43.102248;3.02106;0;0;0.66;0;223.7;0;0;0;0;0;0;0
GNAT L082CZ - 05;3.93;23.07.06 - 11h18;23.07.06 - 11h18;359.2;1688635114720000000;0;3D3B8F7A9F26C005;2;-114;-13;-127.21;12;866.7;1;56;00c10291b044002e18d418;43.102276;3.021012;0;0;3.67;0.01;311.09;0;0;0;0;0;0;0
GNAT L082CZ - 05;3.93;23.07.06 - 11h26;23.07.06 - 11h26;474;1688635588725000000;0;3D3B8F7A9F26C005;1;-115;-17;-132.09;12;865.3;2;60;00c10291b070002e18f916;43.10232;3.021049;0;0;5.74;0.01;28.18;0;0;0;0;0;0;0
GNAT L082CZ - 05;3.93;23.07.06 - 11h30;23.07.06 - 11h30;240;1688635828727000000;0;3D3B8F7A9F26C005;2;-114;-14;-128.17;12;866.7;2;62;00c10291b0c8002e18f816;43.102408;3.021048;0;0;9.79;0.04;359.59;0;0;0;0;0;0;0
GNAT L082CZ - 05;3.93;23.07.06 - 11h34;23.07.06 - 11h34;246;1688636074725000000;0;3D3B8F7A9F26C005;2;-114;-15;-129.14;12;867.7;2;64;00c10291b13c002e18e016;43.102524;3.021024;0;0;13.04;0.05;352.49;0;0;0;0;0;0;0
GNAT L082CZ - 05;3.93;23.07.06 - 11h36;23.07.06 - 11h36;120;1688636194726000000;0;3D3B8F7A9F26C005;1;-107;-22;-129.03;12;868.1;1;65;00c10291b17c002e190915;43.102588;3.021065;0;0;7.86;0.07;22.21;0;0;0;0;0;0;0
GNAT L082CZ - 05;3.93;23.07.06 - 11h38;23.07.06 - 11h38;114;1688636308725000000;0;3D3B8F7A9F26C005;1;-115;-16;-131.11;12;867.7;2;66;00c10291b1b4002e190815;43.102644;3.021064;0;0;6.23;0.05;359.35;0;0;0;0;0;0;0
GNAT L082CZ - 05;3.93;23.07.06 - 11h40;23.07.06 - 11h40;119;1688636427724000000;0;3D3B8F7A9F26C005;2;-115;-15;-130.14;12;868.5;1;67;00c10291b1d0002e18d617;43.102672;3.021014;0;0;5.12;0.04;311.3;0;0;0;0;0;0;0
GNAT L082CZ - 05;3.92;23.07.06 - 11h42;23.07.06 - 11h41;120;1688636547726000000;0;3D3B8F7A9F26C005;2;-114;-15;-129.14;12;867.3;1;68;00c00291b1d0002e18dd18;43.102672;3.021021;0;0;0.57;0;90;0;0;0;0;0;0;0
GNAT L082CZ - 05;3.93;23.07.06 - 11h44;23.07.06 - 11h43;126.01;1688636673733000000;0;3D3B8F7A9F26C005;1;-114;-17;-131.09;12;868.5;1;69;00c10291b1f8002e190518;43.102712;3.021061;0;0;5.51;0.04;32.52;0;0;0;0;0;0;0
GNAT L082CZ - 05;3.93;23.07.06 - 11h46;23.07.06 - 11h46;121.79;1688636795526000000;0;3D3B8F7A9F26C005;1;-115;-19;-134.05;12;867.1;2;70;00c10291b200002e18fa40;43.10272;3.02105;0;0;1.26;0.01;318.76;0;0;0;0;0;0;0
GNAT L082CZ - 05;3.93;23.07.06 - 11h48;23.07.06 - 11h47;118.2;1688636913728000000;0;3D3B8F7A9F26C005;2;-114;-15;-129.14;12;868.5;1;71;00c10291b224002e18b918;43.102756;3.020985;0;0;6.62;0.06;310.98;0;0;0;0;0;0;0
GNAT L082CZ - 05;3.92;23.07.06 - 11h50;23.07.06 - 11h50;114;1688637027731000000;0;3D3B8F7A9F26C005;1;-113;-17;-130.09;12;866.3;1;72;00c00291b230002e18be17;43.102768;3.02099;0;0;1.39;0.01;14.88;0;0;0;0;0;0;0
GNAT L082CZ - 05;3.92;23.07.06 - 11h52;23.07.06 - 11h51;119.99;1688637147724000000;0;3D3B8F7A9F26C005;1;-114;-16;-130.11;12;868.5;2;73;00c00291b24c002e18c015;43.102796;3.020992;0;0;3.12;0.03;2.61;0;0;0;0;0;0;0
GNAT L082CZ - 05;3.92;23.07.06 - 11h54;23.07.06 - 11h54;127;1688637274727000000;0;3D3B8F7A9F26C005;1;-114;-17;-131.09;12;866.1;2;74;00c00291b258002e18b816;43.102808;3.020984;0;0;1.48;0.01;336.97;0;0;0;0;0;0;0
GNAT L082CZ - 05;3.93;23.07.06 - 11h56;23.07.06 - 11h56;112.99;1688637387717000000;0;3D3B8F7A9F26C005;1;-114;-16;-130.11;12;868.5;1;75;00c10291b264002e18be16;43.10282;3.02099;0;0;1.42;0.01;17.68;0;0;0;0;0;0;0
GNAT L082CZ - 05;3.93;23.07.06 - 11h58;23.07.06 - 11h58;119.01;1688637506726000000;0;3D3B8F7A9F26C005;1;-114;-16;-130.11;12;866.7;2;76;00c10291b264002e18a818;43.10282;3.020968;0;0;1.79;0.02;270;0;0;0;0;0;0;0
GNAT L082CZ - 05;3.92;23.07.06 - 12h00;23.07.06 - 11h59;128;1688637634725000000;0;3D3B8F7A9F26C005;1;-107;-22;-129.03;12;868.3;2;77;00c00291b29c002e183916;43.102876;3.020857;0;0;10.95;0.09;308.35;0;0;0;0;0;0;0
GNAT L082CZ - 05;3.92;23.07.06 - 12h02;23.07.06 - 12h02;116.99;1688637751713000000;0;3D3B8F7A9F26C005;1;-114;-16;-130.11;12;866.1;2;78;00c00291b2f0002e180017;43.10296;3.0208;0;0;10.42;0.09;336.6;0;0;0;0;0;0;0
GNAT L082CZ - 05;3.92;23.07.06 - 12h04;23.07.06 - 12h04;118.01;1688637869719000000;0;3D3B8F7A9F26C005;2;-114;-15;-129.14;12;868.3;1;79;00c00291b324002e183417;43.103012;3.020852;0;0;7.16;0.06;32.53;0;0;0;0;0;0;0
GNAT L082CZ - 05;3.92;23.07.06 - 12h06;23.07.06 - 12h06;125.81;1688637995528000000;0;3D3B8F7A9F26C005;2;-114;-14;-128.17;12;866.7;3;80;00c00291b38c002e176943;43.103116;3.020649;0;0;20.13;0.16;308.77;0;0;0;0;0;0;0
GNAT L082CZ - 05;3.93;23.07.06 - 12h08;23.07.06 - 12h07;103.19;1688638098714000000;0;3D3B8F7A9F26C005;1;-110;-21;-131.03;12;868.3;1;81;00c10291b628002e137f17;43.103784;3.019647;0;0;110.16;1.07;316.23;0;0;0;0;0;0;0
GNAT L082CZ - 05;3.92;23.07.06 - 12h12;23.07.06 - 12h11;256;1688638354718000000;0;3D3B8F7A9F26C005;1;-109;-23;-132.02;12;868.1;1;83;00c00291c17c002e09a015;43.106684;3.01712;0;0;382.19;1.49;330.82;0;0;0;0;0;0;0
GNAT L082CZ - 05;3.92;23.07.06 - 12h16;23.07.06 - 12h16;231.99;1688638586711000000;0;3D3B8F7A9F26C005;2;-110;-14;-124.17;12;868.5;2;85;00c00291b780002e0afa15;43.104128;3.017466;0;0;285.6;1.23;175.06;0;0;0;0;0;0;0
GNAT L082CZ - 05;3.93;23.07.06 - 12h20;23.07.06 - 12h20;240.01;1688638826718000000;0;3D3B8F7A9F26C005;4;-113;-5;-119.19;12;868.5;2;87;00c10291b810002e095617;43.104272;3.017046;0;0;37.67;0.16;298.22;0;0;0;0;0;0;0
GNAT L082CZ - 05;3.93;23.07.06 - 12h24;23.07.06 - 12h24;239;1688639065717000000;0;3D3B8F7A9F26C005;4;-112;-4;-117.46;12;868.3;2;89;00c10291bc44002e053c18;43.105348;3.015996;0;0;146.91;0.61;328.03;0;0;0;0;0;0;0
GNAT L082CZ - 05;3.93;23.07.06 - 12h28;23.07.06 - 12h27;229.97;1688639295684000000;0;3D3B8F7A9F26C005;2;-114;-11;-125.33;12;868.5;2;91;00c10291cd4c002de75215;43.109708;3.008338;0;0;788.37;3.43;311.44;0;0;0;0;0;0;0
GNAT L082CZ - 05;3.92;23.07.06 - 12h30;23.07.06 - 12h30;126.03;1688639421718000000;0;3D3B8F7A9F26C005;3;-110;-9;-119.51;12;866.3;3;92;00c00291c264002e00e514;43.106916;3.014885;0;0;615.51;4.88;123.75;0;0;0;0;0;0;0
GNAT L082CZ - 05;3.92;23.07.06 - 12h34;23.07.06 - 12h33;233.99;1688639655710000000;0;3D3B8F7A9F26C005;4;-113;-4;-118.46;12;865.3;4;94;00c00291c9a8002df3900d;43.108776;3.011472;0;0;345.75;1.48;310.28;0;0;0;0;0;0;0
GNAT L082CZ - 05;3.92;23.07.06 - 12h36;23.07.06 - 12h36;132.99;1688639788705000000;0;3D3B8F7A9F26C005;4;-113;-5;-119.19;12;868.5;1;95;00c00291e910002dcf5817;43.116816;3.0022;0;0;1168.64;8.79;323.14;0;0;0;0;0;0;0
GNAT L082CZ - 05;3.93;23.07.06 - 12h42;23.07.06 - 12h37;357.99;1688640146697000000;0;3D3B8F7A9F26C005;2;-114;-14;-128.17;12;867.1;1;98;00c102920940002db2ce17;43.125056;2.994894;0;0;1091.39;3.05;329.83;0;0;0;0;0;0;0
GNAT L082CZ - 05;3.92;23.07.06 - 12h44;23.07.06 - 12h44;128.84;1688640275532000000;0;3D3B8F7A9F26C005;1;-112;-20;-132.04;12;868.3;1;99;00c002920b68002dae3c3b;43.125608;2.993724;0;0;113.06;0.88;305.75;0;0;0;0;0;0;0
GNAT L082CZ - 05;3.92;23.07.06 - 12h46;23.07.06 - 12h44;106.15;1688640381678000000;0;3D3B8F7A9F26C005;3;-114;-10;-124.41;12;865.5;3;100;00c00292128c002d99c918;43.127436;2.988489;0;0;470.97;4.44;297.93;0;0;0;0;0;0;0
