GNAT L082CZ - 07;3.95;23.07.06 - 08h42;23.07.05 - 18h49;51349.8;1688625745668000000;0;3D3B8F7A9F26C007;4;-112;-2;-116.12;12;867.1;2;0;00c302925a78002d6e1c17;43.145848;2.977308;0;0;88787.49;1.73;223.5;0;0;0;0;0;0;0
GNAT L082CZ - 07;3.95;23.07.06 - 08h48;23.07.06 - 08h46;359;1688626104673000000;0;3D3B8F7A9F26C007;1;-112;-23;-135.02;12;868.3;1;3;00c30292085c002db29917;43.124828;2.994841;0;0;2736.26;7.62;151.46;0;0;0;0;0;0;0
GNAT L082CZ - 07;3.95;23.07.06 - 09h02;23.07.06 - 09h02;849.42;1688626954090000000;0;3D3B8F7A9F26C007;2;-114;-12;-126.27;12;867.3;1;10;00c30292082c002db948e7;43.12478;2.996552;0;0;138.96;0.16;92.49;0;0;0;0;0;0;0
GNAT L082CZ - 07;3.95;23.07.06 - 09h04;23.07.06 - 09h03;100.59;1688627054683000000;0;3D3B8F7A9F26C007;2;-115;-14;-129.17;12;868.5;1;11;00c30291db74002dc4ee0a;43.113332;2.999534;0;0;1295.76;12.88;170.46;0;0;0;0;0;0;0
GNAT L082CZ - 07;3.95;23.07.06 - 09h10;23.07.06 - 09h09;369.02;1688627423699000000;0;3D3B8F7A9F26C007;3;-113;-8;-121.64;12;867.9;2;14;00c3029175e4002db6af17;43.087332;2.995887;0;0;2906.19;7.88;185.01;0;0;0;0;0;0;0
GNAT L082CZ - 07;3.95;23.07.06 - 09h12;23.07.06 - 09h12;122.22;1688627545922000000;0;3D3B8F7A9F26C007;4;-114;-2.75;-118.6;12;868.1;2;15;00c30291553c002dac0018;43.078972;2.993152;0;0;955.76;7.82;191.45;0;0;0;0;0;0;0
GNAT L082CZ - 07;3.95;23.07.06 - 09h14;23.07.06 - 09h13;108.31;1688627654232000000;0;3D3B8F7A9F26C007;4;-113;-6;-119.97;12;865.3;2;16;00c302914544002d9b7e14;43.074884;2.988926;0;0;569.6;5.26;212.45;0;0;0;0;0;0;0
GNAT L082CZ - 07;3.95;23.07.06 - 09h18;23.07.06 - 09h18;245;1688627899233000000;0;3D3B8F7A9F26C007;2;-114;-14;-128.17;12;867.9;2;18;00c3029118e4002dc68418;43.063524;2.99994;0;0;1547.92;6.32;149.59;0;0;0;0;0;0;0
GNAT L082CZ - 07;3.95;23.07.06 - 09h20;23.07.06 - 09h19;127.47;1688628026701000000;0;3D3B8F7A9F26C007;1;-113;-16;-129.11;12;868.3;2;19;00c3029111d0002dca1815;43.061712;3.000856;0;0;214.79;1.69;162.99;0;0;0;0;0;0;0
GNAT L082CZ - 07;3.95;23.07.06 - 09h22;23.07.06 - 09h21;107.55;1688628134251000000;0;3D3B8F7A9F26C007;1;-114;-18;-132.07;12;866.7;2;20;00c302911fac002db91c18;43.06526;2.996508;0;0;529.54;4.92;323.27;0;0;0;0;0;0;0
GNAT L082CZ - 07;3.95;23.07.06 - 09h26;23.07.06 - 09h25;240.98;1688628375234000000;0;3D3B8F7A9F26C007;1;-115;-21;-136.03;12;866.7;1;22;00c302911f04002db4cc17;43.065092;2.995404;0;0;91.61;0.38;255.93;0;0;0;0;0;0;0
GNAT L082CZ - 07;3.95;23.07.06 - 09h30;23.07.06 - 09h29;239.02;1688628614249000000;0;3D3B8F7A9F26C007;2;-114;-13;-127.21;12;865.5;1;24;00c302912174002da96115;43.065716;2.992481;0;0;247.38;1.03;289.27;0;0;0;0;0;0;0
GNAT L082CZ - 07;3.95;23.07.06 - 09h34;23.07.06 - 09h33;239.99;1688628854241000000;0;3D3B8F7A9F26C007;2;-114;-15;-129.14;12;867.9;2;26;00c3029120cc002da5e90f;43.065548;2.991593;0;0;74.52;0.31;252.71;0;0;0;0;0;0;0
GNAT L082CZ - 07;3.95;23.07.06 - 09h40;23.07.06 - 09h39;360.02;1688629214259000000;0;3D3B8F7A9F26C007;2;-113;-14;-127.17;12;868.1;2;29;00c302911fe0002db6db12;43.065312;2.995931;0;0;353.38;0.98;95.21;0;0;0;0;0;0;0
GNAT L082CZ - 07;3.95;23.07.06 - 09h42;23.07.06 - 09h42;135.45;1688629349709000000;0;3D3B8F7A9F26C007;1;-114;-16;-130.11;12;865.3;1;30;00c3029114f4002dc58f16;43.062516;2.999695;0;0;436.07;3.22;140.83;0;0;0;0;0;0;0
GNAT L082CZ - 07;3.95;23.07.06 - 09h50;23.07.06 - 09h50;473.01;1688629822717000000;0;3D3B8F7A9F26C007;3;-113;-9;-122.51;12;865.1;2;34;00c3029122ec002dafad16;43.066092;2.994093;0;0;604.34;1.28;316.29;0;0;0;0;0;0;0
GNAT L082CZ - 07;3.95;23.07.06 - 09h52;23.07.06 - 09h52;124;1688629946715000000;0;3D3B8F7A9F26C007;1;-107;-18;-125.07;12;868.3;1;35;00c302912648002dab8916;43.066952;2.993033;0;0;128.68;1.04;323.08;0;0;0;0;0;0;0
GNAT L082CZ - 07;3.95;23.07.06 - 09h58;23.07.06 - 09h58;361;1688630307710000000;0;3D3B8F7A9F26C007;2;-114;-15;-129.14;12;867.7;1;38;00c30291609c002dea2d18;43.081884;3.009069;0;0;2110.29;5.85;33.82;0;0;0;0;0;0;0
GNAT L082CZ - 07;3.95;23.07.06 - 10h06;23.07.06 - 10h06;482.21;1688630789925000000;0;3D3B8F7A9F26C007;1;-116;-16.75;-132.84;12;867.7;1;42;00c30291b1b0002e2c8c17;43.10264;3.02606;0;0;2688.9;5.58;27.64;0;0;0;0;0;0;0
GNAT L082CZ - 07;3.95;23.07.06 - 10h08;23.07.06 - 10h08;121.77;1688630911692000000;0;3D3B8F7A9F26C007;2;-113;-15;-128.14;12;868.3;2;43;00c30291ad98002e2b9917;43.101592;3.025817;0;0;118.19;0.97;188.4;0;0;0;0;0;0;0
GNAT L082CZ - 07;3.95;23.07.06 - 10h10;23.07.06 - 10h10;116;1688631027692000000;0;3D3B8F7A9F26C007;1;-114;-16;-130.11;12;866.7;2;44;00c30291a954002e2a1e18;43.1005;3.025438;0;0;125.26;1.08;192.44;0;0;0;0;0;0;0
GNAT L082CZ - 07;3.95;23.07.06 - 10h14;23.07.06 - 10h14;242.98;1688631270677000000;0;3D3B8F7A9F26C007;2;-114;-14;-128.17;12;867.3;1;46;00c30291a084002e274418;43.098244;3.024708;0;0;257.76;1.06;191.59;0;0;0;0;0;0;0
GNAT L082CZ - 07;3.95;23.07.06 - 10h16;23.07.06 - 10h16;123.03;1688631393710000000;0;3D3B8F7A9F26C007;2;-114;-14;-128.17;12;868.1;1;47;00c302919c20002e26a214;43.09712;3.024546;0;0;125.67;1.02;185.21;0;0;0;0;0;0;0
GNAT L082CZ - 07;3.96;23.07.06 - 10h22;23.07.06 - 10h22;353.01;1688631746718000000;0;3D3B8F7A9F26C007;2;-114;-12;-126.27;12;865.3;2;50;00c402919dd4002e239018;43.097556;3.02376;0;0;80.14;0.23;311.2;0;0;0;0;0;0;0
GNAT L082CZ - 07;3.95;23.07.06 - 10h24;23.07.06 - 10h24;119.98;1688631866700000000;0;3D3B8F7A9F26C007;2;-114;-15;-129.14;12;868.5;2;51;00c302919ec8002e22f017;43.0978;3.0236;0;0;30.08;0.25;337.44;0;0;0;0;0;0;0
GNAT L082CZ - 07;3.95;23.07.06 - 10h26;23.07.06 - 10h26;117;1688631983696000000;0;3D3B8F7A9F26C007;1;-114;-19;-133.05;12;865.1;2;52;00c302919fe0002e220e16;43.09808;3.023374;0;0;36.14;0.31;332.9;0;0;0;0;0;0;0
GNAT L082CZ - 07;3.95;23.07.06 - 10h34;23.07.06 - 10h33;486;1688632469698000000;0;3D3B8F7A9F26C007;1;-114;-16;-130.11;12;867.1;2;56;00c30291a590002e1f1117;43.099536;3.022609;0;0;173.41;0.36;341.55;0;0;0;0;0;0;0
GNAT L082CZ - 07;3.95;23.07.06 - 10h36;23.07.06 - 10h36;124.41;1688632594103000000;0;3D3B8F7A9F26C007;2;-113;-12;-125.27;12;868.1;1;57;00c30291a5f4002e1dfb50;43.099636;3.022331;0;0;25.16;0.2;299.52;0;0;0;0;0;0;0
GNAT L082CZ - 07;3.95;23.07.06 - 10h42;23.07.06 - 10h42;355.6;1688632949704000000;0;3D3B8F7A9F26C007;2;-114;-15;-129.14;12;865.5;2;60;00c30291a8a0002e1bf216;43.10032;3.02181;0;0;87.03;0.24;334.16;0;0;0;0;0;0;0
GNAT L082CZ - 07;3.95;23.07.06 - 10h46;23.07.06 - 10h46;239.01;1688633188712000000;0;3D3B8F7A9F26C007;3;-113;-7;-120.79;12;867.7;1;62;00c30291aad8002e1b3916;43.100888;3.021625;0;0;64.92;0.27;348.3;0;0;0;0;0;0;0
GNAT L082CZ - 07;3.95;23.07.06 - 10h48;23.07.06 - 10h48;120;1688633308711000000;0;3D3B8F7A9F26C007;1;-110;-21;-131.03;12;868.5;1;63;00c30291abe8002e1a9a18;43.10116;3.021466;0;0;32.88;0.27;339.6;0;0;0;0;0;0;0
GNAT L082CZ - 07;3.95;23.07.06 - 11h06;23.07.06 - 11h06;1081.97;1688634390677000000;0;3D3B8F7A9F26C007;1;-114;-19;-133.05;12;867.7;2;72;00c30291b284002e172617;43.102852;3.020582;0;0;201.37;0.19;341.57;0;0;0;0;0;0;0
GNAT L082CZ - 07;3.95;23.07.06 - 11h22;23.07.06 - 11h21;952;1688635342679000000;0;3D3B8F7A9F26C007;1;-113;-18;-131.07;12;865.9;2;80;00c30291b640002e139716;43.103808;3.019671;0;0;129.5;0.14;328.68;0;0;0;0;0;0;0
GNAT L082CZ - 07;3.95;23.07.06 - 11h34;23.07.06 - 11h32;723.02;1688636065698000000;0;3D3B8F7A9F26C007;1;-113;-18;-131.07;12;865.5;2;86;00c30291b860002e137d18;43.104352;3.019645;0;0;60.53;0.08;358.25;0;0;0;0;0;0;0
GNAT L082CZ - 07;3.95;23.07.06 - 11h50;23.07.06 - 11h49;948.55;1688637014246000000;0;3D3B8F7A9F26C007;1;-112;-18;-130.07;12;867.9;2;94;00c30291c544002dfb2c16;43.107652;3.01342;0;0;624.53;0.66;309.5;0;0;0;0;0;0;0
GNAT L082CZ - 07;3.95;23.07.06 - 11h52;23.07.06 - 11h52;141.31;1688637155554000000;0;3D3B8F7A9F26C007;1;-113;-20;-133.04;12;868.5;1;95;00c30291bbe4002e0df11d;43.105252;3.018225;0;0;472.63;3.34;128.06;0;0;0;0;0;0;0
GNAT L082CZ - 07;3.95;23.07.06 - 11h54;23.07.06 - 11h53;108.13;1688637263683000000;0;3D3B8F7A9F26C007;1;-114;-17;-131.09;12;867.3;2;96;00c30291bcd0002e0c7e17;43.105488;3.017854;0;0;39.95;0.37;314.84;0;0;0;0;0;0;0
GNAT L082CZ - 07;3.95;23.07.06 - 11h58;23.07.06 - 11h58;246.02;1688637509699000000;0;3D3B8F7A9F26C007;1;-114;-17;-131.09;12;867.3;1;98;00c30291bdc0002e0d2516;43.105728;3.018021;0;0;29.93;0.12;24;0;0;0;0;0;0;0
GNAT L082CZ - 07;3.95;23.07.06 - 12h02;23.07.06 - 12h02;233.99;1688637743690000000;0;3D3B8F7A9F26C007;1;-114;-16;-130.11;12;865.1;2;100;00c30291bee8002e0b2118;43.106024;3.017505;0;0;53.27;0.23;311.86;0;0;0;0;0;0;0
GNAT L082CZ - 07;3.95;23.07.06 - 12h04;23.07.06 - 12h04;120.21;1688637863901000000;0;3D3B8F7A9F26C007;2;-116;-13;-129.21;12;868.5;1;101;00c30291bf68002e0a9118;43.106152;3.017361;0;0;18.42;0.15;324.24;0;0;0;0;0;0;0
GNAT L082CZ - 07;3.95;23.07.06 - 12h06;23.07.06 - 12h06;126.78;1688637990678000000;0;3D3B8F7A9F26C007;2;-114;-15;-129.14;12;865.3;2;102;00c30291bfa0002e0b5815;43.106208;3.01756;0;0;17.31;0.14;66.27;0;0;0;0;0;0;0
GNAT L082CZ - 07;3.95;23.07.06 - 12h10;23.07.06 - 12h10;240;1688638230676000000;0;3D3B8F7A9F26C007;1;-114;-16;-130.11;12;867.3;2;104;00c30291c0a0002e0a6416;43.106464;3.017316;0;0;34.68;0.14;328.6;0;0;0;0;0;0;0
GNAT L082CZ - 07;3.95;23.07.06 - 12h14;23.07.06 - 12h13;223.58;1688638454251000000;0;3D3B8F7A9F26C007;2;-114;-13;-127.21;12;867.9;2;106;00c30291ca58002dfe3e16;43.108952;3.014206;0;0;374.54;1.68;321.21;0;0;0;0;0;0;0
GNAT L082CZ - 07;3.95;23.07.06 - 12h16;23.07.06 - 12h16;137.45;1688638591703000000;0;3D3B8F7A9F26C007;1;-110;-20;-130.04;12;868.3;1;107;00c30291b774002e0b7b18;43.104116;3.017595;0;0;604.03;4.39;155.9;0;0;0;0;0;0;0
GNAT L082CZ - 07;3.95;23.07.06 - 12h18;23.07.06 - 12h17;102.56;1688638694263000000;0;3D3B8F7A9F26C007;1;-114;-19;-133.05;12;865.9;2;108;00c30291bcf8002dff4b14;43.105528;3.014475;0;0;298.01;2.91;305.23;0;0;0;0;0;0;0
GNAT L082CZ - 07;3.95;23.07.06 - 12h20;23.07.06 - 12h20;136.45;1688638830709000000;0;3D3B8F7A9F26C007;1;-113;-18;-131.07;12;868.3;2;109;00c30291b824002e08aa18;43.104292;3.016874;0;0;238.37;1.75;128.92;0;0;0;0;0;0;0
GNAT L082CZ - 07;3.95;23.07.06 - 12h22;23.07.06 - 12h21;103.52;1688638934233000000;0;3D3B8F7A9F26C007;2;-114;-11;-125.33;12;867.9;2;110;00c30291c164002df8c214;43.10666;3.012802;0;0;422.63;4.08;312.19;0;0;0;0;0;0;0
GNAT L082CZ - 07;3.95;23.07.06 - 12h24;23.07.06 - 12h24;121.44;1688639055676000000;0;3D3B8F7A9F26C007;1;-113;-16;-129.11;12;868.1;1;111;00c30291cafc002dec5416;43.109116;3.00962;0;0;375.91;3.1;320.2;0;0;0;0;0;0;0
GNAT L082CZ - 07;3.95;23.07.06 - 12h26;23.07.06 - 12h26;134.02;1688639189701000000;0;3D3B8F7A9F26C007;3;-113;-9;-122.51;12;867.1;2;112;00c30291be7c002e037116;43.105916;3.015537;0;0;597.78;4.46;130.28;0;0;0;0;0;0;0
GNAT L082CZ - 07;3.95;23.07.06 - 12h30;23.07.06 - 12h29;226;1688639415697000000;0;3D3B8F7A9F26C007;2;-113;-12;-125.27;12;867.1;2;114;00c30291ce64002de79d0d;43.109988;3.008413;0;0;734.49;3.25;311.54;0;0;0;0;0;0;0
GNAT L082CZ - 07;3.95;23.07.06 - 12h32;23.07.06 - 12h31;119.53;1688639535222000000;0;3D3B8F7A9F26C007;2;-113;-15;-128.14;12;868.5;1;115;00c30291d968002dd4f90f;43.112808;3.003641;0;0;498.38;4.17;312.43;0;0;0;0;0;0;0
GNAT L082CZ - 07;3.95;23.07.06 - 12h34;23.07.06 - 12h34;141.33;1688639676557000000;0;3D3B8F7A9F26C007;1;-114;-19;-133.05;12;867.9;2;116;00c30291cc5c002dec836b;43.109468;3.009667;0;0;614.18;4.35;130.85;0;0;0;0;0;0;0
GNAT L082CZ - 07;3.95;23.07.06 - 12h36;23.07.06 - 12h35;99.12;1688639775677000000;0;3D3B8F7A9F26C007;3;-114;-9;-123.51;12;868.5;1;117;00c30291e4c4002dd2d718;43.115716;3.003095;0;0;875.94;8.84;325.7;0;0;0;0;0;0;0
