GNAT L082CZ - 04;3.95;23.07.06 - 09h03;23.07.06 - 09h02;51813.49;1688626987689000000;0;3D3B8F7A9F26C004;4;-114;-6;-120.97;12;867.9;1;0;00c30291f9b8002dc3d217;43.12108;2.99925;0;0;89070.01;1.72;221.38;0;0;0;0;0;0;0
GNAT L082CZ - 04;3.95;23.07.06 - 09h05;23.07.06 - 09h05;135.72;1688627123411000000;0;3D3B8F7A9F26C004;1;-99;-20;-119.04;12;868.1;1;1;00c30291c9ec002dc37c17;43.108844;2.999164;0;0;1360.6;10.03;180.26;0;0;0;0;0;0;0
GNAT L082CZ - 04;3.95;23.07.06 - 09h07;23.07.06 - 09h06;113.59;1688627236997000000;0;3D3B8F7A9F26C004;1;-114;-19;-133.05;12;867.9;2;2;00c30291b2e8002dbe5516;43.102952;2.997845;0;0;663.85;5.84;188.12;0;0;0;0;0;0;0
GNAT L082CZ - 04;3.95;23.07.06 - 09h11;23.07.06 - 09h10;241.69;1688627478688000000;0;3D3B8F7A9F26C004;3;-114;-8;-122.64;12;865.1;2;4;00c3029166c8002db1c615;43.083464;2.99463;0;0;2182.63;9.03;185.86;0;0;0;0;0;0;0
GNAT L082CZ - 04;3.95;23.07.06 - 09h13;23.07.06 - 09h12;119.99;1688627598681000000;0;3D3B8F7A9F26C004;3;-113;-8;-121.64;12;868.3;2;5;00c3029147b0002da8d317;43.075504;2.992339;0;0;904.46;7.54;190.06;0;0;0;0;0;0;0
GNAT L082CZ - 04;3.95;23.07.06 - 09h15;23.07.06 - 09h14;118.31;1688627716992000000;0;3D3B8F7A9F26C004;3;-111;-7;-118.79;12;866.5;2;6;00c302912d3c002da37a14;43.068732;2.99097;0;0;761.18;6.43;187.04;0;0;0;0;0;0;0
GNAT L082CZ - 04;3.95;23.07.06 - 09h17;23.07.06 - 09h16;122.7;1688627839696000000;0;3D3B8F7A9F26C004;1;-101;-20;-121.04;12;868.5;1;7;00c302911424002dcaac16;43.062308;3.001004;0;0;1083.82;8.83;136.69;0;0;0;0;0;0;0
GNAT L082CZ - 04;3.95;23.07.06 - 09h19;23.07.06 - 09h18;119.99;1688627959688000000;0;3D3B8F7A9F26C004;4;-112;-4;-117.46;12;867.5;2;8;00c3029111b8002dcc8e18;43.061688;3.001486;0;0;79.29;0.66;154.8;0;0;0;0;0;0;0
GNAT L082CZ - 04;3.95;23.07.06 - 09h21;23.07.06 - 09h20;121.01;1688628080696000000;0;3D3B8F7A9F26C004;2;-114;-12;-126.27;12;868.5;2;9;00c3029112a0002dc73918;43.06192;3.000121;0;0;113.85;0.94;285.65;0;0;0;0;0;0;0
GNAT L082CZ - 04;3.95;23.07.06 - 09h23;23.07.06 - 09h23;136.13;1688628216829000000;0;3D3B8F7A9F26C004;2;-114;-11;-125.33;12;867.1;2;10;00c302910f2c002dc57937;43.061036;2.999673;0;0;104.82;0.77;197.04;0;0;0;0;0;0;0
GNAT L082CZ - 04;3.95;23.07.06 - 09h25;23.07.06 - 09h24;100.16;1688628316988000000;0;3D3B8F7A9F26C004;3;-113;-7;-120.79;12;868.5;2;11;00c302911944002dbcb413;43.06362;2.997428;0;0;340.33;3.4;332.19;0;0;0;0;0;0;0
GNAT L082CZ - 04;3.95;23.07.06 - 09h27;23.07.06 - 09h26;125.7;1688628442693000000;0;3D3B8F7A9F26C004;2;-114;-14;-128.17;12;865.1;1;12;00c3029114b8002dbf5218;43.062456;2.998098;0;0;140.41;1.12;160.77;0;0;0;0;0;0;0
GNAT L082CZ - 04;3.95;23.07.06 - 09h29;23.07.06 - 09h29;119.02;1688628561708000000;0;3D3B8F7A9F26C004;2;-113;-11;-124.33;12;868.5;2;13;00c3029112ec002dbd0818;43.061996;2.997512;0;0;69.88;0.59;217.64;0;0;0;0;0;0;0
GNAT L082CZ - 04;3.95;23.07.06 - 09h35;23.07.06 - 09h34;356.01;1688628917720000000;0;3D3B8F7A9F26C004;3;-113;-9;-122.51;12;865.3;2;16;00c3029114dc002dba0c10;43.062492;2.996748;0;0;83.03;0.23;316.96;0;0;0;0;0;0;0
GNAT L082CZ - 04;3.95;23.07.06 - 09h39;23.07.06 - 09h38;238.28;1688629156003000000;0;3D3B8F7A9F26C004;1;-112;-16;-128.11;12;866.5;2;18;00c302911818002dbffe0d;43.06332;2.99827;0;0;154.16;0.65;48.13;0;0;0;0;0;0;0
GNAT L082CZ - 04;3.95;23.07.06 - 09h41;23.07.06 - 09h40;130.7;1688629286703000000;0;3D3B8F7A9F26C004;2;-113;-11;-124.33;12;868.1;2;19;00c3029114a8002dc5f918;43.06244;2.999801;0;0;158.26;1.21;133.51;0;0;0;0;0;0;0
GNAT L082CZ - 04;3.95;23.07.06 - 09h43;23.07.06 - 09h42;112.01;1688629398709000000;0;3D3B8F7A9F26C004;4;-113;-6;-119.97;12;865.5;2;20;00c3029115f4002dc38714;43.062772;2.999175;0;0;62.84;0.56;311.17;0;0;0;0;0;0;0
GNAT L082CZ - 04;3.95;23.07.06 - 09h45;23.07.06 - 09h44;118.27;1688629516980000000;0;3D3B8F7A9F26C004;3;-114;-8;-122.64;12;868.5;2;21;00c302912080002db6da10;43.065472;2.99593;0;0;399.54;3.38;323.8;0;0;0;0;0;0;0
GNAT L082CZ - 04;3.95;23.07.06 - 09h47;23.07.06 - 09h46;119.29;1688629636269000000;0;3D3B8F7A9F26C004;4;-112;-5;-118.19;12;866.1;2;22;00c3029129fc002da69116;43.0679;2.991761;0;0;433.11;3.63;313.61;0;0;0;0;0;0;0
GNAT L082CZ - 04;3.95;23.07.06 - 09h49;23.07.06 - 09h49;135.44;1688629771714000000;0;3D3B8F7A9F26C004;4;-112;-2;-116.12;12;868.3;2;23;00c30291219c002db21916;43.065756;2.994713;0;0;338.14;2.5;140.07;0;0;0;0;0;0;0
GNAT L082CZ - 04;3.95;23.07.06 - 09h51;23.07.06 - 09h51;108.01;1688629879719000000;0;3D3B8F7A9F26C004;4;-112;-2;-116.12;12;867.1;2;24;00c3029124f4002dad8c18;43.066612;2.993548;0;0;134.22;1.24;320.32;0;0;0;0;0;0;0
GNAT L082CZ - 04;3.95;23.07.06 - 09h53;23.07.06 - 09h52;127.98;1688630007699000000;0;3D3B8F7A9F26C004;4;-113;-6;-119.97;12;868.5;2;25;00c30291277c002daa7017;43.06726;2.992752;0;0;96.81;0.76;323.16;0;0;0;0;0;0;0
GNAT L082CZ - 04;3.96;23.07.06 - 09h59;23.07.06 - 09h58;348.3;1688630356002000000;0;3D3B8F7A9F26C004;1;-114;-20;-134.04;12;867.9;2;28;00c402916d60002dede117;43.085152;3.010017;0;0;2434.04;6.99;31.15;0;0;0;0;0;0;0
GNAT L082CZ - 04;3.96;23.07.06 - 10h07;23.07.06 - 10h07;493.68;1688630849678000000;0;3D3B8F7A9F26C004;3;-113;-7;-120.79;12;866.1;3;32;00c40291afd8002e2c3016;43.102168;3.025968;0;0;2292.94;4.64;30.94;0;0;0;0;0;0;0
GNAT L082CZ - 04;3.96;23.07.06 - 10h13;23.07.06 - 10h12;347.28;1688631196957000000;0;3D3B8F7A9F26C004;3;-112;-10;-122.41;12;868.5;2;35;00c40291a768002e1e7d18;43.100008;3.022461;0;0;372.5;1.07;225.85;0;0;0;0;0;0;0
GNAT L082CZ - 04;3.96;23.07.06 - 10h15;23.07.06 - 10h14;118.72;1688631315677000000;0;3D3B8F7A9F26C004;3;-114;-9;-123.51;12;865.3;2;36;00c40291aaf4002e088613;43.100916;3.016838;0;0;467.56;3.94;284.13;0;0;0;0;0;0;0
GNAT L082CZ - 04;3.95;23.07.06 - 10h17;23.07.06 - 10h16;126.01;1688631441686000000;0;3D3B8F7A9F26C004;2;-111;-11;-122.33;12;868.3;2;37;00c302919a84002e262b16;43.096708;3.024427;0;0;773.69;6.14;131.32;0;0;0;0;0;0;0
GNAT L082CZ - 04;3.96;23.07.06 - 10h19;23.07.06 - 10h18;129.02;1688631570706000000;0;3D3B8F7A9F26C004;4;-113;-6;-119.97;12;866.7;1;38;00c402919cf0002e1ff018;43.097328;3.022832;0;0;146.71;1.14;301.52;0;0;0;0;0;0;0
GNAT L082CZ - 04;3.96;23.07.06 - 10h29;23.07.06 - 10h28;590.99;1688632161693000000;0;3D3B8F7A9F26C004;1;-114;-20;-134.04;12;868.5;1;43;00c40291a264002e1d6a18;43.098724;3.022186;0;0;163.85;0.28;343.64;0;0;0;0;0;0;0
GNAT L082CZ - 04;3.96;23.07.06 - 10h31;23.07.06 - 10h31;123;1688632284697000000;0;3D3B8F7A9F26C004;1;-111;-20;-131.04;12;867.7;1;44;00c40291a424002e203218;43.099172;3.022898;0;0;76.31;0.62;45.26;0;0;0;0;0;0;0
GNAT L082CZ - 04;3.96;23.07.06 - 10h35;23.07.06 - 10h35;247;1688632531692000000;0;3D3B8F7A9F26C004;3;-114;-10;-124.41;12;866.7;3;46;00c40291a5f4002e1c6517;43.099636;3.021925;0;0;94.35;0.38;306.89;0;0;0;0;0;0;0
GNAT L082CZ - 04;3.95;23.07.06 - 10h39;23.07.06 - 10h39;241.01;1688632772703000000;0;3D3B8F7A9F26C004;4;-112;-4;-117.46;12;865.1;1;48;00c30291a7f4002e1ea817;43.100148;3.022504;0;0;73.83;0.31;35.71;0;0;0;0;0;0;0
GNAT L082CZ - 04;3.95;23.07.06 - 10h41;23.07.06 - 10h41;107;1688632879700000000;0;3D3B8F7A9F26C004;3;-114;-9;-123.51;12;868.5;3;49;00c30291a948002e1aed18;43.100488;3.021549;0;0;86.26;0.81;299.23;0;0;0;0;0;0;0
GNAT L082CZ - 04;3.95;23.07.06 - 10h43;23.07.06 - 10h42;124;1688633003705000000;0;3D3B8F7A9F26C004;2;-113;-12;-125.27;12;867.5;3;50;00c30291a92c002e1bca18;43.10046;3.02177;0;0;18.21;0.15;101.28;0;0;0;0;0;0;0
GNAT L082CZ - 04;3.95;23.07.06 - 10h45;23.07.06 - 10h44;117.99;1688633121692000000;0;3D3B8F7A9F26C004;3;-113;-9;-122.51;12;868.3;2;51;00c30291a820002e18b518;43.100192;3.020981;0;0;70.65;0.6;241.86;0;0;0;0;0;0;0
GNAT L082CZ - 04;3.95;23.07.06 - 10h47;23.07.06 - 10h47;124.01;1688633245698000000;0;3D3B8F7A9F26C004;2;-114;-15;-129.14;12;865.1;1;52;00c30291ac50002e1c5416;43.101264;3.021908;0;0;140.97;1.14;28.83;0;0;0;0;0;0;0
GNAT L082CZ - 04;3.95;23.07.06 - 10h49;23.07.06 - 10h48;118.01;1688633363704000000;0;3D3B8F7A9F26C004;2;-114;-14;-128.17;12;868.5;1;53;00c30291ac00002e1a9717;43.101184;3.021463;0;0;37.21;0.32;254.21;0;0;0;0;0;0;0
GNAT L082CZ - 04;3.95;23.07.06 - 10h51;23.07.06 - 10h50;120;1688633483704000000;0;3D3B8F7A9F26C004;2;-114;-15;-129.14;12;865.1;2;54;00c30291ac24002e1aa617;43.10122;3.021478;0;0;4.18;0.03;14.85;0;0;0;0;0;0;0
GNAT L082CZ - 04;3.95;23.07.06 - 10h57;23.07.06 - 10h57;367;1688633850704000000;0;3D3B8F7A9F26C004;1;-114;-18;-132.07;12;868.5;1;57;00c30291ac10002e1b5f18;43.1012;3.021663;0;0;15.18;0.04;99.65;0;0;0;0;0;0;0
GNAT L082CZ - 04;3.95;23.07.06 - 10h59;23.07.06 - 10h58;113.99;1688633964698000000;0;3D3B8F7A9F26C004;2;-114;-15;-129.14;12;867.9;2;58;00c30291ac64002e1bd116;43.101284;3.021777;0;0;13.15;0.12;40.82;0;0;0;0;0;0;0
GNAT L082CZ - 04;3.95;23.07.06 - 11h01;23.07.06 - 11h00;119.99;1688634084691000000;0;3D3B8F7A9F26C004;1;-110;-21;-131.03;12;868.1;1;59;00c30291acd4002e1c4516;43.101396;3.021893;0;0;15.61;0.13;33.39;0;0;0;0;0;0;0
GNAT L082CZ - 04;3.95;23.07.06 - 11h03;23.07.06 - 11h02;119.99;1688634204685000000;0;3D3B8F7A9F26C004;2;-114;-15;-129.14;12;865.3;2;60;00c30291ad54002e1c7918;43.101524;3.021945;0;0;14.85;0.12;14.5;0;0;0;0;0;0;0
GNAT L082CZ - 04;3.95;23.07.06 - 11h05;23.07.06 - 11h04;120.02;1688634324700000000;0;3D3B8F7A9F26C004;1;-109;-20;-129.04;12;868.1;1;61;00c30291adfc002e1c7316;43.101692;3.021939;0;0;18.69;0.16;358.7;0;0;0;0;0;0;0
GNAT L082CZ - 04;3.95;23.07.06 - 11h07;23.07.06 - 11h06;120;1688634444705000000;0;3D3B8F7A9F26C004;1;-114;-20;-134.04;12;865.1;2;62;00c30291ae80002e1c7d16;43.101824;3.021949;0;0;14.7;0.12;2.76;0;0;0;0;0;0;0
GNAT L082CZ - 04;3.95;23.07.06 - 11h09;23.07.06 - 11h07;120.21;1688634564918000000;0;3D3B8F7A9F26C004;1;-118;-15.75;-133.86;12;868.1;1;63;00c30291aea0002e1bf017;43.101856;3.021808;0;0;11.99;0.1;289.61;0;0;0;0;0;0;0
GNAT L082CZ - 04;3.95;23.07.06 - 11h19;23.07.06 - 11h19;605.78;1688635170703000000;0;3D3B8F7A9F26C004;1;-114;-18;-132.07;12;867.9;2;68;00c30291ae1c002e1a0b16;43.101724;3.021323;0;0;42.02;0.07;246.85;0;0;0;0;0;0;0
GNAT L082CZ - 04;3.95;23.07.06 - 11h21;23.07.06 - 11h19;113.99;1688635284694000000;0;3D3B8F7A9F26C004;1;-106;-23;-129.02;12;868.3;1;69;00c30291ae10002e1a7116;43.101712;3.021425;0;0;8.39;0.07;100.47;0;0;0;0;0;0;0
GNAT L082CZ - 04;3.95;23.07.06 - 11h23;23.07.06 - 11h22;118.99;1688635403686000000;0;3D3B8F7A9F26C004;2;-113;-15;-128.14;12;866.7;2;70;00c30291ae30002e1abb18;43.101744;3.021499;0;0;6.98;0.06;55.82;0;0;0;0;0;0;0
GNAT L082CZ - 04;3.95;23.07.06 - 11h25;23.07.06 - 11h25;119.01;1688635522694000000;0;3D3B8F7A9F26C004;2;-113;-15;-128.14;12;868.5;2;71;00c30291aeb0002e1aa917;43.101872;3.021481;0;0;14.31;0.12;354.88;0;0;0;0;0;0;0
GNAT L082CZ - 04;3.95;23.07.06 - 11h37;23.07.06 - 11h37;718;1688636240695000000;0;3D3B8F7A9F26C004;1;-111;-21;-132.03;12;868.5;1;77;00c30291b030002e19e614;43.102256;3.021286;0;0;45.54;0.06;342.07;0;0;0;0;0;0;0
GNAT L082CZ - 04;3.95;23.07.06 - 11h39;23.07.06 - 11h39;136.14;1688636376834000000;0;3D3B8F7A9F26C004;1;-113;-18;-131.07;12;866.1;2;78;00c3029142d4002f1a581c;43.07426;3.086936;0;0;6173.51;45.35;125.71;0;0;0;0;0;0;0
GNAT L082CZ - 04;3.95;23.07.06 - 11h43;23.07.06 - 11h42;224.39;1688636601224000000;0;3D3B8F7A9F26C004;2;-118;-13;-131.21;12;867.3;2;80;00c30291b6b8002e119618;43.103928;3.019158;0;0;6416.84;28.6;303.4;0;0;0;0;0;0;0
GNAT L082CZ - 04;3.95;23.07.06 - 11h49;23.07.06 - 11h48;359.78;1688636961000000000;0;3D3B8F7A9F26C004;1;-114;-17;-131.09;12;868.1;2;83;00c30291b7ac002e10d018;43.104172;3.01896;0;0;31.54;0.09;332.61;0;0;0;0;0;0;0
GNAT L082CZ - 04;3.95;23.07.06 - 11h53;23.07.06 - 11h53;237;1688637198000000000;0;3D3B8F7A9F26C004;1;-111;-21;-132.03;12;868.3;1;85;00c30291b864002e0fe518;43.104356;3.018725;0;0;27.97;0.12;320.79;0;0;0;0;0;0;0
GNAT L082CZ - 04;3.95;23.07.06 - 11h57;23.07.06 - 11h57;240.99;1688637438994000000;0;3D3B8F7A9F26C004;1;-113;-17;-130.09;12;868.1;1;87;00c30291b958002e11f518;43.1046;3.019253;0;0;50.73;0.21;54.13;0;0;0;0;0;0;0
GNAT L082CZ - 04;3.95;23.07.06 - 11h59;23.07.06 - 11h59;135.72;1688637574715000000;0;3D3B8F7A9F26C004;1;-114;-19;-133.05;12;865.9;1;88;00c30291b4e4002e19be17;43.10346;3.021246;0;0;205.54;1.51;131.9;0;0;0;0;0;0;0
GNAT L082CZ - 04;3.95;23.07.06 - 12h05;23.07.06 - 12h05;352.21;1688637926927000000;0;3D3B8F7A9F26C004;2;-116;-14.75;-130.89;12;868.1;2;91;00c30291b52c002e17b717;43.103532;3.020727;0;0;42.89;0.12;282.25;0;0;0;0;0;0;0
GNAT L082CZ - 04;3.95;23.07.06 - 12h07;23.07.06 - 12h06;113.78;1688638040708000000;0;3D3B8F7A9F26C004;1;-114;-18;-132.07;12;867.9;1;92;00c30291b270002e14e717;43.102832;3.020007;0;0;97.34;0.86;213.25;0;0;0;0;0;0;0
GNAT L082CZ - 04;3.95;23.07.06 - 12h11;23.07.06 - 12h10;241.99;1688638282702000000;0;3D3B8F7A9F26C004;1;-114;-17;-131.09;12;867.9;1;94;00c30291bfb8002e091518;43.106232;3.016981;0;0;450.87;1.86;330.31;0;0;0;0;0;0;0
GNAT L082CZ - 04;3.95;23.07.06 - 12h13;23.07.06 - 12h13;114.29;1688638396996000000;0;3D3B8F7A9F26C004;2;-112;-11;-123.33;12;868.1;2;95;00c30291c590002e012b0d;43.107728;3.014955;0;0;233.93;2.05;319.01;0;0;0;0;0;0;0
GNAT L082CZ - 04;3.95;23.07.06 - 12h15;23.07.06 - 12h14;124.31;1688638521302000000;0;3D3B8F7A9F26C004;3;-113;-7;-120.79;12;865.9;2;96;00c30291c204002df8dd17;43.10682;3.012829;0;0;199.95;1.61;236.28;0;0;0;0;0;0;0
GNAT L082CZ - 04;3.95;23.07.06 - 12h17;23.07.06 - 12h17;134.16;1688638655467000000;0;3D3B8F7A9F26C004;1;-118;-16;-134.11;12;868.3;1;97;00c30291b63c002e0c511d;43.103804;3.017809;0;0;525.28;3.92;133.55;0;0;0;0;0;0;0
GNAT L082CZ - 04;3.95;23.07.06 - 12h19;23.07.06 - 12h19;100.53;1688638756002000000;0;3D3B8F7A9F26C004;3;-113;-7;-120.79;12;865.9;2;98;00c30291bac4002e018a0e;43.104964;3.01505;0;0;258.47;2.57;303.29;0;0;0;0;0;0;0
GNAT L082CZ - 04;3.95;23.07.06 - 12h23;23.07.06 - 12h23;240.04;1688638996043000000;0;3D3B8F7A9F26C004;2;-114;-14;-128.17;12;865.9;2;100;00c30291bd98002dfe6913;43.105688;3.014249;0;0;103.49;0.43;324.7;0;0;0;0;0;0;0
GNAT L082CZ - 04;3.95;23.07.06 - 12h27;23.07.06 - 12h27;239.97;1688639236015000000;0;3D3B8F7A9F26C004;3;-113;-8;-121.64;12;866.1;2;102;00c30291c17c002dfa6016;43.106684;3.013216;0;0;138.92;0.58;326.4;0;0;0;0;0;0;0
GNAT L082CZ - 04;3.95;23.07.06 - 12h31;23.07.06 - 12h31;240;1688639476016000000;0;3D3B8F7A9F26C004;3;-113;-7;-120.79;12;867.3;3;104;00c30291c744002df52e0f;43.108164;3.011886;0;0;196.83;0.82;330.02;0;0;0;0;0;0;0
GNAT L082CZ - 04;3.95;23.07.06 - 12h35;23.07.06 - 12h35;256.68;1688639732693000000;0;3D3B8F7A9F26C004;3;-114;-9;-123.51;12;866.1;2;106;00c30291d950002ddc7416;43.112784;3.005556;0;0;726.6;2.83;318.46;0;0;0;0;0;0;0
GNAT L082CZ - 04;3.95;23.07.06 - 12h37;23.07.06 - 12h37;121;1688639853697000000;0;3D3B8F7A9F26C004;3;-112;-10;-122.41;12;868.5;1;107;00c30291f820002dbec718;43.120672;2.997959;0;0;1072.17;8.86;327.86;0;0;0;0;0;0;0
GNAT L082CZ - 04;3.95;23.07.06 - 12h43;23.07.06 - 12h43;343.29;1688640196983000000;0;3D3B8F7A9F26C004;3;-113;-10;-123.41;12;865.9;3;110;00c302920c2c002daad00f;43.125804;2.992848;0;0;705.48;2.06;326.85;0;0;0;0;0;0;0
GNAT L082CZ - 04;3.95;23.07.06 - 12h47;23.07.06 - 12h46;239.99;1688640436977000000;0;3D3B8F7A9F26C004;2;-109;-12;-121.27;12;865.5;1;112;00c302920b58002da88415;43.125592;2.99226;0;0;53.22;0.22;241.16;0;0;0;0;0;0;0
GNAT L082CZ - 04;3.95;23.07.06 - 12h49;23.07.06 - 12h47;138.79;1688640575766000000;0;3D3B8F7A9F26C004;1;-115;-15.75;-130.86;12;868.1;1;113;00c3029205bc002db1c620;43.124156;2.99463;0;0;249.98;1.8;132.85;0;0;0;0;0;0;0
GNAT L082CZ - 04;3.95;23.07.06 - 12h51;23.07.06 - 12h50;121.08;1688640696845000000;0;3D3B8F7A9F26C004;2;-114;-13;-127.21;12;867.1;2;114;00c302920b34002dabcd1c;43.125556;2.993101;0;0;199.08;1.64;324.41;0;0;0;0;0;0;0
